0
3381 3383 3384 3385 3386 3387 3388 3389 
16
19
1.732935E+01 -8.438841E+00 1.485000E+00
1.746915E+01 -7.801632E+00 1.485000E+00
1.699866E+01 -8.106073E+00 1.485000E+00
1.776194E+01 -8.294874E+00 1.485000E+00
1.726747E+01 -7.164510E+00 1.485000E+00
1.786515E+01 -7.166679E+00 1.485000E+00
1.770195E+01 -6.658561E+00 1.485000E+00
1.807926E+01 -7.644284E+00 1.485000E+00
1.682556E+01 -7.635420E+00 1.485000E+00
1.634887E+01 -8.230001E+00 1.485000E+00
1.670891E+01 -6.986081E+00 1.485000E+00
1.714337E+01 -6.586002E+00 1.485000E+00
1.826053E+01 -6.731120E+00 1.485000E+00
1.839657E+01 -6.993694E+00 1.485000E+00
1.689675E+01 -8.582808E+00 1.485000E+00
1.627445E+01 -7.386161E+00 1.485000E+00
0 1 2
0 3 1
4 5 6
3 7 1
7 5 1
8 9 2
10 4 11
5 12 6
5 7 13
5 13 12
0 2 14
14 2 9
1 5 4
8 2 1
15 8 10
15 9 8
8 4 10
8 1 4
6 11 4
3374 11 0 
3374 11 0 
3374 11 0 






3367 5 0 
3367 5 0 
3367 5 0 









3367 8 0 
3367 8 0 
3367 8 0 



3245 9 0 
3245 9 0 
3245 9 0 









3367 7 0 
3367 7 0 
3367 7 0 
3245 5 0 
3245 5 0 
3245 5 0 



0 0 0
0 0 0
0 0 0
0 0 0
0 0 0
0 0 0
0 0 0
0 0 0
0 0 0
0 0 0
0 0 0
0 0 0
0 0 0
0 0 0
0 0 0
0 0 0
