2
6401 6402 6404 6405 6406 6407 6408 6409 
9
8
1.065580E+01 6.707268E+00 0.000000E+00
1.111537E+01 6.581851E+00 0.000000E+00
1.157493E+01 6.456433E+00 0.000000E+00
1.065580E+01 6.707268E+00 7.425000E-01
1.111537E+01 6.581851E+00 7.425000E-01
1.157493E+01 6.456433E+00 7.425000E-01
1.065580E+01 6.707268E+00 1.485000E+00
1.111537E+01 6.581851E+00 1.485000E+00
1.157493E+01 6.456433E+00 1.485000E+00
0 1 4
0 4 3
3 4 6
4 7 6
1 2 4
2 5 4
4 5 8
4 8 7
5669 11 0 
5669 11 0 
5669 11 0 
5669 13 0 
5669 13 0 
5669 13 0 
5661 6 0 
5661 6 0 
5661 6 0 
5674 5 0 
5674 5 0 
5674 5 0 
5674 4 0 
5674 4 0 
5674 4 0 
5667 3 0 
5667 3 0 
5667 3 0 
5670 11 0 
5670 11 0 
5670 11 0 
5670 13 0 
5670 13 0 
5670 13 0 
5662 6 0 
5662 6 0 
5662 6 0 
0 0 0
0 0 0
0 0 0
0 0 0
0 0 0
0 0 0
0 0 0
0 0 0
0 0 0
