0
463 465 466 467 468 469 470 
18
22
-4.476025E+00 -2.578437E+01 1.485000E+00
-5.014026E+00 -2.611960E+01 1.485000E+00
-4.531203E+00 -2.631725E+01 1.485000E+00
-3.551270E+00 -2.652196E+01 1.485000E+00
-4.077198E+00 -2.632486E+01 1.485000E+00
-3.907352E+00 -2.688735E+01 1.485000E+00
-3.284634E+00 -2.562847E+01 1.485000E+00
-3.374080E+00 -2.510037E+01 1.485000E+00
-3.706150E+00 -2.540635E+01 1.485000E+00
-4.847181E+00 -2.672164E+01 1.485000E+00
-4.377267E+00 -2.680449E+01 1.485000E+00
-4.163152E+00 -2.533822E+01 1.485000E+00
-3.843054E+00 -2.492631E+01 1.485000E+00
-4.746450E+00 -2.513491E+01 1.485000E+00
-3.805582E+00 -2.589389E+01 1.485000E+00
-5.180871E+00 -2.551756E+01 1.485000E+00
-3.195188E+00 -2.615657E+01 1.485000E+00
-4.312028E+00 -2.475225E+01 1.485000E+00
0 1 2
3 4 5
6 7 8
2 9 10
11 8 12
12 8 7
11 13 0
8 14 6
13 15 0
9 2 1
4 14 0
1 0 15
2 4 0
0 14 11
8 11 14
16 6 14
4 3 14
10 4 2
10 5 4
16 14 3
17 11 12
17 13 11









457 9 0 
457 9 0 
457 9 0 



138 7 0 
138 7 0 
138 7 0 
449 5 0 
449 5 0 
449 5 0 
449 1 0 
449 1 0 
449 1 0 



138 2 0 
138 2 0 
138 2 0 
138 1 0 
138 1 0 
138 1 0 















449 9 0 
449 9 0 
449 9 0 



0 0 0
0 0 0
0 0 0
0 0 0
0 0 0
0 0 0
0 0 0
0 0 0
0 0 0
0 0 0
0 0 0
0 0 0
0 0 0
0 0 0
0 0 0
0 0 0
0 0 0
0 0 0
