0
1196 1198 1199 1200 1201 1202 1203 1204 1205 
15
18
-2.712451E+01 -1.756665E+01 1.485000E+00
-2.773142E+01 -1.779540E+01 1.485000E+00
-2.725282E+01 -1.814531E+01 1.485000E+00
-2.644843E+01 -1.791225E+01 1.485000E+00
-2.749133E+01 -1.872426E+01 1.485000E+00
-2.683984E+01 -1.856925E+01 1.485000E+00
-2.829124E+01 -1.755322E+01 1.485000E+00
-2.776585E+01 -1.719116E+01 1.485000E+00
-2.845138E+01 -1.675958E+01 1.485000E+00
-2.890976E+01 -1.749992E+01 1.485000E+00
-2.761537E+01 -1.659776E+01 1.485000E+00
-2.710754E+01 -1.693493E+01 1.485000E+00
-2.811899E+01 -1.837152E+01 1.485000E+00
-2.659971E+01 -1.727211E+01 1.485000E+00
-2.874664E+01 -1.801878E+01 1.485000E+00
0 1 2
3 0 2
2 4 5
6 1 7
6 8 9
7 10 8
7 0 11
1 12 2
1 6 12
1 0 7
2 5 3
13 11 0
7 11 10
0 3 13
14 12 6
8 6 7
9 14 6
2 12 4












1173 4 0 
1173 4 0 
1173 4 0 
1173 5 0 
1173 5 0 
1173 5 0 


















1190 0 0 
1190 0 0 
1190 0 0 



1190 9 0 
1190 9 0 
1190 9 0 
0 0 0
0 0 0
0 0 0
0 0 0
0 0 0
0 0 0
0 0 0
0 0 0
0 0 0
0 0 0
0 0 0
0 0 0
0 0 0
0 0 0
0 0 0
