2
4507 4508 4510 4511 4512 4513 4514 
9
8
-2.065474E+01 -4.638195E+00 0.000000E+00
-2.016871E+01 -4.745582E+00 0.000000E+00
-1.968269E+01 -4.852970E+00 0.000000E+00
-2.065474E+01 -4.638195E+00 7.425000E-01
-2.016871E+01 -4.745582E+00 7.425000E-01
-1.968269E+01 -4.852970E+00 7.425000E-01
-2.065474E+01 -4.638195E+00 1.485000E+00
-2.016871E+01 -4.745582E+00 1.485000E+00
-1.968269E+01 -4.852970E+00 1.485000E+00
0 1 4
0 4 3
3 4 6
4 7 6
1 2 4
2 5 4
4 5 8
4 8 7
3732 7 0 
3732 7 0 
3732 7 0 
3732 8 0 
3732 8 0 
3732 8 0 
3732 14 0 
3732 14 0 
3732 14 0 
3738 5 0 
3738 5 0 
3738 5 0 
3738 4 0 
3738 4 0 
3738 4 0 
3737 5 0 
3737 5 0 
3737 5 0 
3733 7 0 
3733 7 0 
3733 7 0 
3733 8 0 
3733 8 0 
3733 8 0 
3733 14 0 
3733 14 0 
3733 14 0 
0 0 0
0 0 0
0 0 0
0 0 0
0 0 0
0 0 0
0 0 0
0 0 0
0 0 0
