0
4626 4628 4629 4630 4631 4632 
12
13
-1.174174E+01 -5.184909E-01 1.485000E+00
-1.220222E+01 -2.537999E-01 1.485000E+00
-1.243820E+01 -6.927330E-01 1.485000E+00
-1.304492E+01 -4.096281E-01 1.485000E+00
-1.289821E+01 -9.102924E-01 1.485000E+00
-1.249634E+01 -1.327754E+00 1.485000E+00
-1.185693E+01 -1.142324E+00 1.485000E+00
-1.313736E+01 -1.356954E+00 1.485000E+00
-1.342714E+01 -8.301474E-01 1.485000E+00
-1.284759E+01 -1.883760E+00 1.485000E+00
-1.266270E+01 1.089109E-02 1.485000E+00
-1.197211E+01 -1.766158E+00 1.485000E+00
0 1 2
3 4 2
2 4 5
6 0 2
2 5 6
5 4 7
4 8 7
9 5 7
2 10 3
11 5 9
11 6 5
4 3 8
2 1 10





















4620 0 0 
4620 0 0 
4620 0 0 
4620 4 0 
4620 4 0 
4620 4 0 
4466 8 0 
4466 8 0 
4466 8 0 



4466 9 0 
4466 9 0 
4466 9 0 
0 0 0
0 0 0
0 0 0
0 0 0
0 0 0
0 0 0
0 0 0
0 0 0
0 0 0
0 0 0
0 0 0
0 0 0
