0
408 410 411 412 413 414 
11
10
6.095933E+00 -2.578251E+01 1.485000E+00
6.304348E+00 -2.656103E+01 1.485000E+00
6.960292E+00 -2.590971E+01 1.485000E+00
6.579224E+00 -2.556280E+01 1.485000E+00
6.664138E+00 -2.738626E+01 1.485000E+00
6.126708E+00 -2.720799E+01 1.485000E+00
7.002750E+00 -2.682144E+01 1.485000E+00
7.341361E+00 -2.625661E+01 1.485000E+00
5.612642E+00 -2.600221E+01 1.485000E+00
5.600959E+00 -2.651596E+01 1.485000E+00
5.589277E+00 -2.702971E+01 1.485000E+00
0 1 2
0 2 3
4 1 5
6 7 2
1 6 2
8 9 1
8 1 0
9 10 1
1 10 5
6 1 4






400 2 0 
400 2 0 
400 2 0 
400 1 0 
400 1 0 
400 1 0 
189 14 0 
189 14 0 
189 14 0 
189 3 0 
189 3 0 
189 3 0 
197 3 0 
197 3 0 
197 3 0 
197 5 0 
197 5 0 
197 5 0 






189 4 0 
189 4 0 
189 4 0 
0 0 0
0 0 0
0 0 0
0 0 0
0 0 0
0 0 0
0 0 0
0 0 0
0 0 0
0 0 0
0 0 0
