2
5638 5639 5641 5642 5643 5644 5645 
6
4
1.557191E+01 5.991878E+00 0.000000E+00
1.645896E+01 5.973166E+00 0.000000E+00
1.557191E+01 5.991878E+00 7.425000E-01
1.645896E+01 5.973166E+00 7.425000E-01
1.557191E+01 5.991878E+00 1.485000E+00
1.645896E+01 5.973166E+00 1.485000E+00
0 1 3
0 3 2
2 3 5
2 5 4
5623 10 0 
5623 10 0 
5623 10 0 
5623 1 0 
5623 1 0 
5623 1 0 
5629 3 0 
5629 3 0 
5629 3 0 
5628 5 0 
5628 5 0 
5628 5 0 
5624 10 0 
5624 10 0 
5624 10 0 
5624 1 0 
5624 1 0 
5624 1 0 
0 0 0
0 0 0
0 0 0
0 0 0
0 0 0
0 0 0
