2
6509 6510 6511 6512 6513 6514 6516 
9
8
2.231378E+01 9.906364E+00 0.000000E+00
2.195650E+01 9.587534E+00 0.000000E+00
2.159922E+01 9.268705E+00 0.000000E+00
2.231378E+01 9.906364E+00 7.425000E-01
2.195650E+01 9.587534E+00 7.425000E-01
2.159922E+01 9.268705E+00 7.425000E-01
2.231378E+01 9.906364E+00 1.485000E+00
2.195650E+01 9.587534E+00 1.485000E+00
2.159922E+01 9.268705E+00 1.485000E+00
0 1 4
0 4 3
3 4 6
4 7 6
1 2 4
2 5 4
4 5 8
4 8 7
6509 13 0 
6509 13 0 
6509 13 0 
6509 14 0 
6509 14 0 
6509 14 0 
6509 11 0 
6509 11 0 
6509 11 0 
6514 5 0 
6514 5 0 
6514 5 0 






6510 13 0 
6510 13 0 
6510 13 0 
6510 14 0 
6510 14 0 
6510 14 0 
6510 11 0 
6510 11 0 
6510 11 0 
0 0 0
0 0 0
0 0 0
0 0 0
0 0 0
0 0 0
0 0 0
0 0 0
0 0 0
