2
1477 1478 1479 1480 1481 1482 
9
8
-1.722493E+00 -2.101842E+01 0.000000E+00
-1.449896E+00 -2.149439E+01 0.000000E+00
-1.177299E+00 -2.197036E+01 0.000000E+00
-1.722493E+00 -2.101842E+01 7.425000E-01
-1.449896E+00 -2.149439E+01 7.425000E-01
-1.177299E+00 -2.197036E+01 7.425000E-01
-1.722493E+00 -2.101842E+01 1.485000E+00
-1.449896E+00 -2.149439E+01 1.485000E+00
-1.177299E+00 -2.197036E+01 1.485000E+00
0 1 4
0 4 3
3 4 6
4 7 6
1 2 4
2 5 4
4 5 8
4 8 7
765 13 0 
765 13 0 
765 13 0 
765 14 0 
765 14 0 
765 14 0 
757 7 0 
757 7 0 
757 7 0 
770 5 0 
770 5 0 
770 5 0 
770 4 0 
770 4 0 
770 4 0 
763 5 0 
763 5 0 
763 5 0 
766 13 0 
766 13 0 
766 13 0 
766 14 0 
766 14 0 
766 14 0 
758 7 0 
758 7 0 
758 7 0 
0 0 0
0 0 0
0 0 0
0 0 0
0 0 0
0 0 0
0 0 0
0 0 0
0 0 0
