1
1592 1593 1594 1595 1596 1597 
11
10
2.121721E+01 -2.373848E+01 0.000000E+00
2.069325E+01 -2.317557E+01 0.000000E+00
2.055161E+01 -2.402731E+01 0.000000E+00
2.209221E+01 -2.379480E+01 0.000000E+00
2.159200E+01 -2.308348E+01 0.000000E+00
2.079499E+01 -2.455719E+01 0.000000E+00
2.143683E+01 -2.441678E+01 0.000000E+00
2.207868E+01 -2.427636E+01 0.000000E+00
2.030824E+01 -2.349743E+01 0.000000E+00
2.210575E+01 -2.331323E+01 0.000000E+00
2.107825E+01 -2.285372E+01 0.000000E+00
2 1 0
0 4 3
6 5 0
2 0 5
3 7 6
1 2 8
6 0 3
4 9 3
4 0 10
1 10 0



1583 5 0 
1583 5 0 
1583 5 0 
653 0 0 
653 0 0 
653 0 0 






312 6 0 
312 6 0 
312 6 0 
312 1 0 
312 1 0 
312 1 0 
312 0 0 
312 0 0 
312 0 0 
653 9 0 
653 9 0 
653 9 0 



1583 10 0 
1583 10 0 
1583 10 0 
1 1 1
1 1 1
1 1 1
1 1 1
1 1 1
1 1 1
1 1 1
1 1 1
1 1 1
1 1 1
1 1 1
