2
9261 9262 9264 9265 9266 9267 
9
8
4.984776E+00 2.375410E+01 0.000000E+00
5.331956E+00 2.341271E+01 0.000000E+00
5.679136E+00 2.307131E+01 0.000000E+00
4.984776E+00 2.375410E+01 7.425000E-01
5.331956E+00 2.341271E+01 7.425000E-01
5.679136E+00 2.307131E+01 7.425000E-01
4.984776E+00 2.375410E+01 1.485000E+00
5.331956E+00 2.341271E+01 1.485000E+00
5.679136E+00 2.307131E+01 1.485000E+00
0 1 4
0 4 3
3 4 6
4 7 6
1 2 4
2 5 4
4 5 8
4 8 7
8896 1 0 
8896 1 0 
8896 1 0 
8896 0 0 
8896 0 0 
8896 0 0 
8889 0 0 
8889 0 0 
8889 0 0 
8902 5 0 
8902 5 0 
8902 5 0 
8902 4 0 
8902 4 0 
8902 4 0 
8894 5 0 
8894 5 0 
8894 5 0 
8897 1 0 
8897 1 0 
8897 1 0 
8897 0 0 
8897 0 0 
8897 0 0 
8890 0 0 
8890 0 0 
8890 0 0 
0 0 0
0 0 0
0 0 0
0 0 0
0 0 0
0 0 0
0 0 0
0 0 0
0 0 0
