2
4291 4292 4293 4294 4295 4296 4297 
9
8
1.500438E+01 -1.476280E+00 0.000000E+00
1.510920E+01 -2.020553E+00 0.000000E+00
1.521401E+01 -2.564825E+00 0.000000E+00
1.500438E+01 -1.476280E+00 7.425000E-01
1.510920E+01 -2.020553E+00 7.425000E-01
1.521401E+01 -2.564825E+00 7.425000E-01
1.500438E+01 -1.476280E+00 1.485000E+00
1.510920E+01 -2.020553E+00 1.485000E+00
1.521401E+01 -2.564825E+00 1.485000E+00
0 1 4
0 4 3
3 4 6
4 7 6
1 2 4
2 5 4
4 5 8
4 8 7
4291 12 0 
4291 12 0 
4291 12 0 
4291 3 0 
4291 3 0 
4291 3 0 
4169 3 0 
4169 3 0 
4169 3 0 
4297 5 0 
4297 5 0 
4297 5 0 



4175 5 0 
4175 5 0 
4175 5 0 
4292 12 0 
4292 12 0 
4292 12 0 
4292 3 0 
4292 3 0 
4292 3 0 
4170 3 0 
4170 3 0 
4170 3 0 
0 0 0
0 0 0
0 0 0
0 0 0
0 0 0
0 0 0
0 0 0
0 0 0
0 0 0
