6
9305 9306 9307 9308 9309 9310 9312 9313 
9
8
9.655156E+00 2.869119E+01 0.000000E+00
9.091037E+00 2.875961E+01 0.000000E+00
8.526917E+00 2.882804E+01 0.000000E+00
9.655156E+00 2.869119E+01 7.425000E-01
9.091037E+00 2.875961E+01 7.425000E-01
8.526917E+00 2.882804E+01 7.425000E-01
9.655156E+00 2.869119E+01 1.485000E+00
9.091037E+00 2.875961E+01 1.485000E+00
8.526917E+00 2.882804E+01 1.485000E+00
0 1 4
0 4 3
3 4 6
4 7 6
1 2 4
2 5 4
4 5 8
4 8 7
205 9 0 
205 9 5.675002e+01 
205 9 0 
205 7 0 
205 7 5.675002e+01 
205 7 0 
196 17 0 
196 17 5.675002e+01 
196 17 0 
207 5 0 
207 5 5.675002e+01 
207 5 0 
207 4 0 
207 4 5.675002e+01 
207 4 0 
200 5 0 
200 5 5.675002e+01 
200 5 0 
206 9 0 
206 9 5.675002e+01 
206 9 0 
206 7 0 
206 7 5.675002e+01 
206 7 0 
197 17 0 
197 17 5.675002e+01 
197 17 0 
0 0 0
0 0 0
0 0 0
0 0 0
0 0 0
0 0 0
0 0 0
0 0 0
0 0 0
