2
8493 8494 8496 8497 8498 8499 8500 
9
8
2.592795E+01 1.971188E+01 0.000000E+00
2.637530E+01 1.941069E+01 0.000000E+00
2.682265E+01 1.910951E+01 0.000000E+00
2.592795E+01 1.971188E+01 7.425000E-01
2.637530E+01 1.941069E+01 7.425000E-01
2.682265E+01 1.910951E+01 7.425000E-01
2.592795E+01 1.971188E+01 1.485000E+00
2.637530E+01 1.941069E+01 1.485000E+00
2.682265E+01 1.910951E+01 1.485000E+00
0 1 4
0 4 3
3 4 6
4 7 6
1 2 4
2 5 4
4 5 8
4 8 7
8477 12 0 
8477 12 0 
8477 12 0 
8477 13 0 
8477 13 0 
8477 13 0 
8477 8 0 
8477 8 0 
8477 8 0 
8482 5 0 
8482 5 0 
8482 5 0 
8482 4 0 
8482 4 0 
8482 4 0 
8481 5 0 
8481 5 0 
8481 5 0 
8478 12 0 
8478 12 0 
8478 12 0 
8478 13 0 
8478 13 0 
8478 13 0 
8478 8 0 
8478 8 0 
8478 8 0 
0 0 0
0 0 0
0 0 0
0 0 0
0 0 0
0 0 0
0 0 0
0 0 0
0 0 0
