2
279 280 281 282 283 284 286 
9
8
2.545076E+01 -2.747690E+01 0.000000E+00
2.499709E+01 -2.775822E+01 0.000000E+00
2.454341E+01 -2.803954E+01 0.000000E+00
2.545076E+01 -2.747690E+01 7.425000E-01
2.499709E+01 -2.775822E+01 7.425000E-01
2.454341E+01 -2.803954E+01 7.425000E-01
2.545076E+01 -2.747690E+01 1.485000E+00
2.499709E+01 -2.775822E+01 1.485000E+00
2.454341E+01 -2.803954E+01 1.485000E+00
0 1 4
0 4 3
3 4 6
4 7 6
1 2 4
2 5 4
4 5 8
4 8 7
271 9 0 
271 9 0 
271 9 0 
271 3 0 
271 3 0 
271 3 0 
271 2 0 
271 2 0 
271 2 0 
274 5 0 
274 5 0 
274 5 0 
274 4 0 
274 4 0 
274 4 0 
273 5 0 
273 5 0 
273 5 0 
272 9 0 
272 9 0 
272 9 0 
272 3 0 
272 3 0 
272 3 0 
272 2 0 
272 2 0 
272 2 0 
0 0 0
0 0 0
0 0 0
0 0 0
0 0 0
0 0 0
0 0 0
0 0 0
0 0 0
