0
5551 5553 5554 5555 5556 5557 
11
11
2.156062E+00 4.267672E+00 1.485000E+00
2.749344E+00 4.314331E+00 1.485000E+00
2.016750E+00 4.863931E+00 1.485000E+00
1.535035E+00 4.602718E+00 1.485000E+00
1.705759E+00 3.900760E+00 1.485000E+00
1.167529E+00 3.324092E+00 1.485000E+00
1.110425E+00 3.832799E+00 1.485000E+00
1.053321E+00 4.341506E+00 1.485000E+00
1.776934E+00 3.269977E+00 1.485000E+00
2.386338E+00 3.215861E+00 1.485000E+00
2.567841E+00 3.765096E+00 1.485000E+00
0 1 2
0 3 4
5 4 6
4 7 6
8 9 10
4 3 7
4 8 10
4 5 8
3 0 2
4 10 0
0 10 1















5520 4 0 
5520 4 0 
5520 4 0 
5544 11 0 
5544 11 0 
5544 11 0 
5544 13 0 
5544 13 0 
5544 13 0 
5520 3 0 
5520 3 0 
5520 3 0 
5520 11 0 
5520 11 0 
5520 11 0 



0 0 0
0 0 0
0 0 0
0 0 0
0 0 0
0 0 0
0 0 0
0 0 0
0 0 0
0 0 0
0 0 0
