0
6037 6039 6040 6041 6042 6043 6044 
13
15
-1.110274E+01 6.363011E+00 1.485000E+00
-1.174898E+01 6.417200E+00 1.485000E+00
-1.151172E+01 5.849605E+00 1.485000E+00
-1.105523E+01 6.882992E+00 1.485000E+00
-1.157025E+01 6.913372E+00 1.485000E+00
-1.090079E+01 5.694167E+00 1.485000E+00
-1.040670E+01 6.248728E+00 1.485000E+00
-1.212265E+01 6.005044E+00 1.485000E+00
-1.055591E+01 6.734306E+00 1.485000E+00
-1.070511E+01 7.219883E+00 1.485000E+00
-1.120310E+01 7.364498E+00 1.485000E+00
-1.170109E+01 7.509114E+00 1.485000E+00
-1.235432E+01 6.889939E+00 1.485000E+00
0 1 2
3 4 0
0 5 6
2 1 7
0 4 1
5 0 2
8 9 3
8 3 0
10 11 4
10 4 3
7 1 12
1 4 12
12 4 11
9 10 3
8 0 6






5975 10 0 
5975 10 0 
5975 10 0 






5975 13 0 
5975 13 0 
5975 13 0 
5983 11 0 
5983 11 0 
5983 11 0 
5975 12 0 
5975 12 0 
5975 12 0 
6031 2 0 
6031 2 0 
6031 2 0 
6031 1 0 
6031 1 0 
6031 1 0 









0 0 0
0 0 0
0 0 0
0 0 0
0 0 0
0 0 0
0 0 0
0 0 0
0 0 0
0 0 0
0 0 0
0 0 0
0 0 0
