6
9322 9323 9324 9325 9326 9328 9329 9330 
9
8
6.055438E+00 2.768055E+01 0.000000E+00
5.549422E+00 2.792028E+01 0.000000E+00
5.043407E+00 2.816001E+01 0.000000E+00
6.055438E+00 2.768055E+01 7.425000E-01
5.549422E+00 2.792028E+01 7.425000E-01
5.043407E+00 2.816001E+01 7.425000E-01
6.055438E+00 2.768055E+01 1.485000E+00
5.549422E+00 2.792028E+01 1.485000E+00
5.043407E+00 2.816001E+01 1.485000E+00
0 1 4
0 4 3
3 4 6
4 7 6
1 2 4
2 5 4
4 5 8
4 8 7
188 1 0 
188 1 5.675002e+01 
188 1 0 
188 10 0 
188 10 5.675002e+01 
188 10 0 
180 9 0 
180 9 5.675002e+01 
180 9 0 
190 5 0 
190 5 5.675002e+01 
190 5 0 
190 4 0 
190 4 5.675002e+01 
190 4 0 
182 3 0 
182 3 5.675002e+01 
182 3 0 
189 1 0 
189 1 5.675002e+01 
189 1 0 
189 10 0 
189 10 5.675002e+01 
189 10 0 
181 9 0 
181 9 5.675002e+01 
181 9 0 
0 0 0
0 0 0
0 0 0
0 0 0
0 0 0
0 0 0
0 0 0
0 0 0
0 0 0
