2
2948 2949 2950 2951 2952 2953 2955 2956 
9
8
-2.657717E+01 -8.597547E+00 0.000000E+00
-2.716777E+01 -8.660191E+00 0.000000E+00
-2.775838E+01 -8.722834E+00 0.000000E+00
-2.657717E+01 -8.597547E+00 7.425000E-01
-2.716777E+01 -8.660191E+00 7.425000E-01
-2.775838E+01 -8.722834E+00 7.425000E-01
-2.657717E+01 -8.597547E+00 1.485000E+00
-2.716777E+01 -8.660191E+00 1.485000E+00
-2.775838E+01 -8.722834E+00 1.485000E+00
0 1 4
0 4 3
3 4 6
4 7 6
1 2 4
2 5 4
4 5 8
4 8 7
2948 0 0 
2948 0 0 
2948 0 0 
2948 1 0 
2948 1 0 
2948 1 0 
2948 3 0 
2948 3 0 
2948 3 0 
2953 5 0 
2953 5 0 
2953 5 0 






2949 0 0 
2949 0 0 
2949 0 0 
2949 1 0 
2949 1 0 
2949 1 0 
2949 3 0 
2949 3 0 
2949 3 0 
0 0 0
0 0 0
0 0 0
0 0 0
0 0 0
0 0 0
0 0 0
0 0 0
0 0 0
