2
9696 9697 9698 9700 9701 9702 
9
8
-2.598778E+01 2.621300E+01 0.000000E+00
-2.555915E+01 2.665459E+01 0.000000E+00
-2.513053E+01 2.709619E+01 0.000000E+00
-2.598778E+01 2.621300E+01 7.425000E-01
-2.555915E+01 2.665459E+01 7.425000E-01
-2.513053E+01 2.709619E+01 7.425000E-01
-2.598778E+01 2.621300E+01 1.485000E+00
-2.555915E+01 2.665459E+01 1.485000E+00
-2.513053E+01 2.709619E+01 1.485000E+00
0 1 4
0 4 3
3 4 6
4 7 6
1 2 4
2 5 4
4 5 8
4 8 7
9527 13 0 
9527 13 0 
9527 13 0 
9536 9 0 
9536 9 0 
9536 9 0 
9536 8 0 
9536 8 0 
9536 8 0 
9532 3 0 
9532 3 0 
9532 3 0 
9544 4 0 
9544 4 0 
9544 4 0 
9543 5 0 
9543 5 0 
9543 5 0 
9528 13 0 
9528 13 0 
9528 13 0 
9537 9 0 
9537 9 0 
9537 9 0 
9537 8 0 
9537 8 0 
9537 8 0 
0 0 0
0 0 0
0 0 0
0 0 0
0 0 0
0 0 0
0 0 0
0 0 0
0 0 0
