1
5945 5946 5947 5948 5949 5950 5951 
14
15
-1.720742E+01 6.185039E+00 0.000000E+00
-1.750365E+01 5.704187E+00 0.000000E+00
-1.665398E+01 5.444172E+00 0.000000E+00
-1.659354E+01 4.097497E+00 0.000000E+00
-1.619709E+01 4.584931E+00 0.000000E+00
-1.688155E+01 4.699984E+00 0.000000E+00
-1.723514E+01 5.180152E+00 0.000000E+00
-1.779989E+01 5.223336E+00 0.000000E+00
-1.756786E+01 4.716494E+00 0.000000E+00
-1.733583E+01 4.209651E+00 0.000000E+00
-1.615106E+01 6.069739E+00 0.000000E+00
-1.667924E+01 6.127389E+00 0.000000E+00
-1.597584E+01 5.571052E+00 0.000000E+00
-1.580063E+01 5.072365E+00 0.000000E+00
2 1 0
5 4 3
2 4 5
8 7 6
2 6 1
5 9 8
5 3 9
11 10 2
10 12 2
13 4 2
12 13 2
8 6 5
0 11 2
5 6 2
6 7 1









5817 9 0 
5817 9 0 
5817 9 0 









5937 3 0 
5937 3 0 
5937 3 0 
5937 4 0 
5937 4 0 
5937 4 0 
5817 8 0 
5817 8 0 
5817 8 0 












0 0 0
0 0 0
0 0 0
0 0 0
0 0 0
0 0 0
0 0 0
0 0 0
0 0 0
0 0 0
0 0 0
0 0 0
0 0 0
0 0 0
