0
8117 8119 8120 8121 8122 8123 8124 
14
16
-1.441124E-01 1.944969E+01 1.485000E+00
-2.723660E-01 1.999222E+01 1.485000E+00
-8.304939E-01 1.960528E+01 1.485000E+00
-1.699060E+00 1.915451E+01 1.485000E+00
-1.180406E+00 1.903470E+01 1.485000E+00
-1.341109E+00 1.948428E+01 1.485000E+00
-1.604981E+00 1.863590E+01 1.485000E+00
-1.122818E+00 1.847554E+01 1.485000E+00
-6.419753E-01 1.894889E+01 1.485000E+00
-1.073430E+00 2.027030E+01 1.485000E+00
-1.433284E+00 1.997171E+01 1.485000E+00
-1.793138E+00 1.967312E+01 1.485000E+00
-6.406542E-01 1.831518E+01 1.485000E+00
-1.585870E-02 1.890716E+01 1.485000E+00
0 1 2
3 4 5
4 3 6
4 6 7
8 0 2
7 8 4
2 1 9
5 4 2
10 2 9
5 2 10
4 8 2
11 5 10
11 3 5
12 8 7
13 0 8
12 13 8
8110 8 0 
8110 8 0 
8110 8 0 
8110 10 0 
8110 10 0 
8110 10 0 












7984 6 0 
7984 6 0 
7984 6 0 
7984 10 0 
7984 10 0 
7984 10 0 












7984 9 0 
7984 9 0 
7984 9 0 
7992 2 0 
7992 2 0 
7992 2 0 
0 0 0
0 0 0
0 0 0
0 0 0
0 0 0
0 0 0
0 0 0
0 0 0
0 0 0
0 0 0
0 0 0
0 0 0
0 0 0
0 0 0
