2
8324 8325 8326 8328 8329 8330 8331 8332 
9
8
-4.078056E+00 1.971139E+01 0.000000E+00
-3.695796E+00 1.963932E+01 0.000000E+00
-3.313536E+00 1.956724E+01 0.000000E+00
-4.078056E+00 1.971139E+01 7.425000E-01
-3.695796E+00 1.963932E+01 7.425000E-01
-3.313536E+00 1.956724E+01 7.425000E-01
-4.078056E+00 1.971139E+01 1.485000E+00
-3.695796E+00 1.963932E+01 1.485000E+00
-3.313536E+00 1.956724E+01 1.485000E+00
0 1 4
0 4 3
3 4 6
4 7 6
1 2 4
2 5 4
4 5 8
4 8 7
8133 11 0 
8133 11 0 
8133 11 0 
8133 4 0 
8133 4 0 
8133 4 0 
8125 6 0 
8125 6 0 
8125 6 0 
8137 5 0 
8137 5 0 
8137 5 0 
8137 4 0 
8137 4 0 
8137 4 0 
8131 3 0 
8131 3 0 
8131 3 0 
8134 11 0 
8134 11 0 
8134 11 0 
8134 4 0 
8134 4 0 
8134 4 0 
8126 6 0 
8126 6 0 
8126 6 0 
0 0 0
0 0 0
0 0 0
0 0 0
0 0 0
0 0 0
0 0 0
0 0 0
0 0 0
