2
4531 4532 4533 4534 4535 4536 4538 
6
4
-2.548951E+01 -3.047800E+00 0.000000E+00
-2.606626E+01 -3.457471E+00 0.000000E+00
-2.548951E+01 -3.047800E+00 7.425000E-01
-2.606626E+01 -3.457471E+00 7.425000E-01
-2.548951E+01 -3.047800E+00 1.485000E+00
-2.606626E+01 -3.457471E+00 1.485000E+00
0 1 3
0 3 2
2 3 5
2 5 4
4531 3 0 
4531 3 0 
4531 3 0 
4531 4 0 
4531 4 0 
4531 4 0 
4536 5 0 
4536 5 0 
4536 5 0 



4532 3 0 
4532 3 0 
4532 3 0 
4532 4 0 
4532 4 0 
4532 4 0 
0 0 0
0 0 0
0 0 0
0 0 0
0 0 0
0 0 0
