0
7870 7872 7873 7874 7875 7876 
12
13
9.537724E+00 1.663515E+01 1.485000E+00
9.307392E+00 1.612936E+01 1.485000E+00
9.978093E+00 1.613785E+01 1.485000E+00
9.768056E+00 1.714094E+01 1.485000E+00
1.007196E+01 1.664542E+01 1.485000E+00
1.043190E+01 1.702419E+01 1.485000E+00
1.001868E+01 1.549185E+01 1.485000E+00
1.056502E+01 1.573406E+01 1.485000E+00
1.059091E+01 1.639272E+01 1.485000E+00
1.109575E+01 1.690745E+01 1.485000E+00
1.111136E+01 1.597626E+01 1.485000E+00
9.663036E+00 1.581060E+01 1.485000E+00
0 1 2
3 0 4
3 4 5
2 6 7
2 8 4
9 8 10
11 2 1
0 2 4
11 6 2
8 5 4
8 2 7
8 7 10
5 8 9



7660 10 0 
7660 10 0 
7660 10 0 












7660 12 0 
7660 12 0 
7660 12 0 
7669 1 0 
7669 1 0 
7669 1 0 



7863 8 0 
7863 8 0 
7863 8 0 
7669 0 0 
7669 0 0 
7669 0 0 
7660 9 0 
7660 9 0 
7660 9 0 
0 0 0
0 0 0
0 0 0
0 0 0
0 0 0
0 0 0
0 0 0
0 0 0
0 0 0
0 0 0
0 0 0
0 0 0
