2
7966 7967 7968 7970 7971 7972 7973 7974 
9
8
-4.901872E+00 1.649674E+01 0.000000E+00
-4.495769E+00 1.670891E+01 0.000000E+00
-4.089666E+00 1.692107E+01 0.000000E+00
-4.901872E+00 1.649674E+01 7.425000E-01
-4.495769E+00 1.670891E+01 7.425000E-01
-4.089666E+00 1.692107E+01 7.425000E-01
-4.901872E+00 1.649674E+01 1.485000E+00
-4.495769E+00 1.670891E+01 1.485000E+00
-4.089666E+00 1.692107E+01 1.485000E+00
0 1 4
0 4 3
3 4 6
4 7 6
1 2 4
2 5 4
4 5 8
4 8 7
7936 12 0 
7936 12 0 
7936 12 0 
7936 10 0 
7936 10 0 
7936 10 0 
7936 9 0 
7936 9 0 
7936 9 0 
7942 5 0 
7942 5 0 
7942 5 0 
7942 4 0 
7942 4 0 
7942 4 0 
7941 5 0 
7941 5 0 
7941 5 0 
7937 12 0 
7937 12 0 
7937 12 0 
7937 10 0 
7937 10 0 
7937 10 0 
7937 9 0 
7937 9 0 
7937 9 0 
0 0 0
0 0 0
0 0 0
0 0 0
0 0 0
0 0 0
0 0 0
0 0 0
0 0 0
