0
2869 2871 2872 2873 2874 2875 
10
10
-1.180469E+01 -1.101781E+01 1.485000E+00
-1.256770E+01 -1.092861E+01 1.485000E+00
-1.203770E+01 -1.159474E+01 1.485000E+00
-1.219148E+01 -9.794226E+00 1.485000E+00
-1.216956E+01 -1.043187E+01 1.485000E+00
-1.157169E+01 -1.044088E+01 1.485000E+00
-1.288804E+01 -1.166482E+01 1.485000E+00
-1.276338E+01 -1.016967E+01 1.485000E+00
-1.333528E+01 -1.054511E+01 1.485000E+00
-1.311166E+01 -1.110497E+01 1.485000E+00
0 1 2
3 4 5
1 6 2
1 4 7
0 5 4
4 3 7
7 8 1
9 1 8
6 1 9
0 4 1
2863 7 0 
2863 7 0 
2863 7 0 



2809 4 0 
2809 4 0 
2809 4 0 






2863 6 0 
2863 6 0 
2863 6 0 
2809 7 0 
2809 7 0 
2809 7 0 









0 0 0
0 0 0
0 0 0
0 0 0
0 0 0
0 0 0
0 0 0
0 0 0
0 0 0
0 0 0
