2
3430 3431 3433 3434 3435 3436 
9
8
7.189173E+00 -9.426259E+00 0.000000E+00
7.781871E+00 -9.439555E+00 0.000000E+00
8.374568E+00 -9.452850E+00 0.000000E+00
7.189173E+00 -9.426259E+00 7.425000E-01
7.781871E+00 -9.439555E+00 7.425000E-01
8.374568E+00 -9.452850E+00 7.425000E-01
7.189173E+00 -9.426259E+00 1.485000E+00
7.781871E+00 -9.439555E+00 1.485000E+00
8.374568E+00 -9.452850E+00 1.485000E+00
0 1 4
0 4 3
3 4 6
4 7 6
1 2 4
2 5 4
4 5 8
4 8 7
3171 8 0 
3171 8 0 
3171 8 0 
3171 1 0 
3171 1 0 
3171 1 0 
3171 12 0 
3171 12 0 
3171 12 0 
3177 5 0 
3177 5 0 
3177 5 0 
3177 4 0 
3177 4 0 
3177 4 0 
3176 3 0 
3176 3 0 
3176 3 0 
3172 8 0 
3172 8 0 
3172 8 0 
3172 1 0 
3172 1 0 
3172 1 0 
3172 12 0 
3172 12 0 
3172 12 0 
0 0 0
0 0 0
0 0 0
0 0 0
0 0 0
0 0 0
0 0 0
0 0 0
0 0 0
