4
7084 7085 7086 7087 7088 7090 7091 7092 
9
8
2.842333E+01 1.224930E+01 0.000000E+00
2.803224E+01 1.252993E+01 0.000000E+00
2.764115E+01 1.281057E+01 0.000000E+00
2.842333E+01 1.224930E+01 7.425000E-01
2.803224E+01 1.252993E+01 7.425000E-01
2.764115E+01 1.281057E+01 7.425000E-01
2.842333E+01 1.224930E+01 1.485000E+00
2.803224E+01 1.252993E+01 1.485000E+00
2.764115E+01 1.281057E+01 1.485000E+00
0 1 4
0 4 3
3 4 6
4 7 6
1 2 4
2 5 4
4 5 8
4 8 7
6791 6 5.675002e+01 
6791 6 0 
6791 6 0 
7084 7 0 
7084 7 0 
7084 7 0 
7084 15 0 
7084 15 0 
7084 15 0 
6796 5 5.675002e+01 
6796 5 0 
6796 5 0 






6792 6 5.675002e+01 
6792 6 0 
6792 6 0 
7085 7 0 
7085 7 0 
7085 7 0 
7085 15 0 
7085 15 0 
7085 15 0 
0 0 0
0 0 0
0 0 0
0 0 0
0 0 0
0 0 0
0 0 0
0 0 0
0 0 0
