2
2268 2269 2270 2272 2273 2274 2275 
9
8
1.356024E+01 -1.741934E+01 0.000000E+00
1.401825E+01 -1.706968E+01 0.000000E+00
1.447626E+01 -1.672001E+01 0.000000E+00
1.356024E+01 -1.741934E+01 7.425000E-01
1.401825E+01 -1.706968E+01 7.425000E-01
1.447626E+01 -1.672001E+01 7.425000E-01
1.356024E+01 -1.741934E+01 1.485000E+00
1.401825E+01 -1.706968E+01 1.485000E+00
1.447626E+01 -1.672001E+01 1.485000E+00
0 1 4
0 4 3
3 4 6
4 7 6
1 2 4
2 5 4
4 5 8
4 8 7
2036 13 0 
2036 13 0 
2036 13 0 
2045 5 0 
2045 5 0 
2045 5 0 
2045 9 0 
2045 9 0 
2045 9 0 
2041 5 0 
2041 5 0 
2041 5 0 
2051 4 0 
2051 4 0 
2051 4 0 
2050 3 0 
2050 3 0 
2050 3 0 
2037 13 0 
2037 13 0 
2037 13 0 
2046 5 0 
2046 5 0 
2046 5 0 
2046 9 0 
2046 9 0 
2046 9 0 
0 0 0
0 0 0
0 0 0
0 0 0
0 0 0
0 0 0
0 0 0
0 0 0
0 0 0
