2
9033 9034 9035 9036 9037 9038 9040 9041 9042 
9
8
-2.116549E+01 2.083374E+01 0.000000E+00
-2.162005E+01 2.124250E+01 0.000000E+00
-2.207462E+01 2.165127E+01 0.000000E+00
-2.116549E+01 2.083374E+01 7.425000E-01
-2.162005E+01 2.124250E+01 7.425000E-01
-2.207462E+01 2.165127E+01 7.425000E-01
-2.116549E+01 2.083374E+01 1.485000E+00
-2.162005E+01 2.124250E+01 1.485000E+00
-2.207462E+01 2.165127E+01 1.485000E+00
0 1 4
0 4 3
3 4 6
4 7 6
1 2 4
2 5 4
4 5 8
4 8 7
9025 12 0 
9025 12 0 
9025 12 0 
9033 4 0 
9033 4 0 
9033 4 0 
9033 5 0 
9033 5 0 
9033 5 0 
9027 2 0 
9027 2 0 
9027 2 0 






9026 12 0 
9026 12 0 
9026 12 0 
9034 4 0 
9034 4 0 
9034 4 0 
9034 5 0 
9034 5 0 
9034 5 0 
0 0 0
0 0 0
0 0 0
0 0 0
0 0 0
0 0 0
0 0 0
0 0 0
0 0 0
