2
5487 5488 5489 5490 5491 5493 5494 5495 
6
4
9.117571E+00 3.765039E+00 0.000000E+00
8.412104E+00 4.350035E+00 0.000000E+00
9.117571E+00 3.765039E+00 7.425000E-01
8.412104E+00 4.350035E+00 7.425000E-01
9.117571E+00 3.765039E+00 1.485000E+00
8.412104E+00 4.350035E+00 1.485000E+00
0 1 3
0 3 2
2 3 5
2 5 4
5479 9 0 
5479 9 0 
5479 9 0 
5487 11 0 
5487 11 0 
5487 11 0 
5485 3 0 
5485 3 0 
5485 3 0 



5480 9 0 
5480 9 0 
5480 9 0 
5488 11 0 
5488 11 0 
5488 11 0 
0 0 0
0 0 0
0 0 0
0 0 0
0 0 0
0 0 0
