2
4250 4251 4252 4253 4254 4256 
9
8
2.530662E+01 -9.704902E-01 0.000000E+00
2.461783E+01 -1.017261E+00 0.000000E+00
2.392905E+01 -1.064032E+00 0.000000E+00
2.530662E+01 -9.704902E-01 7.425000E-01
2.461783E+01 -1.017261E+00 7.425000E-01
2.392905E+01 -1.064032E+00 7.425000E-01
2.530662E+01 -9.704902E-01 1.485000E+00
2.461783E+01 -1.017261E+00 1.485000E+00
2.392905E+01 -1.064032E+00 1.485000E+00
0 1 4
0 4 3
3 4 6
4 7 6
1 2 4
2 5 4
4 5 8
4 8 7
4241 7 0 
4241 7 0 
4241 7 0 
4250 5 0 
4250 5 0 
4250 5 0 
4250 10 0 
4250 10 0 
4250 10 0 
4248 3 0 
4248 3 0 
4248 3 0 






4242 7 0 
4242 7 0 
4242 7 0 
4251 5 0 
4251 5 0 
4251 5 0 
4251 10 0 
4251 10 0 
4251 10 0 
0 0 0
0 0 0
0 0 0
0 0 0
0 0 0
0 0 0
0 0 0
0 0 0
0 0 0
