2
6014 6015 6016 6017 6018 6019 6021 
9
8
-6.673640E+00 7.009097E+00 0.000000E+00
-7.193097E+00 6.802689E+00 0.000000E+00
-7.712554E+00 6.596282E+00 0.000000E+00
-6.673640E+00 7.009097E+00 7.425000E-01
-7.193097E+00 6.802689E+00 7.425000E-01
-7.712554E+00 6.596282E+00 7.425000E-01
-6.673640E+00 7.009097E+00 1.485000E+00
-7.193097E+00 6.802689E+00 1.485000E+00
-7.712554E+00 6.596282E+00 1.485000E+00
0 1 4
0 4 3
3 4 6
4 7 6
1 2 4
2 5 4
4 5 8
4 8 7
6014 11 0 
6014 11 0 
6014 11 0 
6014 4 0 
6014 4 0 
6014 4 0 
6014 9 0 
6014 9 0 
6014 9 0 
6019 3 0 
6019 3 0 
6019 3 0 






6015 11 0 
6015 11 0 
6015 11 0 
6015 4 0 
6015 4 0 
6015 4 0 
6015 9 0 
6015 9 0 
6015 9 0 
0 0 0
0 0 0
0 0 0
0 0 0
0 0 0
0 0 0
0 0 0
0 0 0
0 0 0
