0
7486 7488 7489 7490 7491 7492 7493 
14
16
-2.253773E+01 1.821144E+01 1.485000E+00
-2.191551E+01 1.828523E+01 1.485000E+00
-2.215498E+01 1.881320E+01 1.485000E+00
-2.293422E+01 1.762931E+01 1.485000E+00
-2.226632E+01 1.766330E+01 1.485000E+00
-2.127899E+01 1.839755E+01 1.485000E+00
-2.159573E+01 1.776835E+01 1.485000E+00
-2.318384E+01 1.818108E+01 1.485000E+00
-2.277403E+01 1.878328E+01 1.485000E+00
-2.236421E+01 1.938548E+01 1.485000E+00
-2.268460E+01 1.707754E+01 1.485000E+00
-2.152123E+01 1.888592E+01 1.485000E+00
-2.176347E+01 1.937429E+01 1.485000E+00
-2.191248E+01 1.713915E+01 1.485000E+00
0 1 2
0 3 4
5 1 6
7 0 8
2 9 8
3 10 4
0 2 8
1 5 11
2 12 9
2 11 12
2 1 11
3 0 7
4 1 0
13 4 10
13 6 4
6 1 4









7477 13 0 
7477 13 0 
7477 13 0 









7477 15 0 
7477 15 0 
7477 15 0 






7381 15 0 
7381 15 0 
7381 15 0 






7381 14 0 
7381 14 0 
7381 14 0 
0 0 0
0 0 0
0 0 0
0 0 0
0 0 0
0 0 0
0 0 0
0 0 0
0 0 0
0 0 0
0 0 0
0 0 0
0 0 0
0 0 0
