2
9033 9034 9036 9037 9038 9039 9040 9041 9042 
9
8
-2.309191E+01 2.017966E+01 0.000000E+00
-2.272806E+01 1.978257E+01 0.000000E+00
-2.236421E+01 1.938548E+01 0.000000E+00
-2.309191E+01 2.017966E+01 7.425000E-01
-2.272806E+01 1.978257E+01 7.425000E-01
-2.236421E+01 1.938548E+01 7.425000E-01
-2.309191E+01 2.017966E+01 1.485000E+00
-2.272806E+01 1.978257E+01 1.485000E+00
-2.236421E+01 1.938548E+01 1.485000E+00
0 1 4
0 4 3
3 4 6
4 7 6
1 2 4
2 5 4
4 5 8
4 8 7
9033 0 0 
9033 0 0 
9033 0 0 
9033 14 0 
9033 14 0 
9033 14 0 
7486 9 0 
7486 9 0 
7486 9 0 






7491 3 0 
7491 3 0 
7491 3 0 
9034 0 0 
9034 0 0 
9034 0 0 
9034 14 0 
9034 14 0 
9034 14 0 
7487 9 0 
7487 9 0 
7487 9 0 
0 0 0
0 0 0
0 0 0
0 0 0
0 0 0
0 0 0
0 0 0
0 0 0
0 0 0
