1
1071 1072 1073 1074 1075 1076 1077 
13
14
-1.934241E+01 -2.214379E+01 0.000000E+00
-1.952460E+01 -2.279989E+01 0.000000E+00
-1.911235E+01 -2.256810E+01 0.000000E+00
-1.987720E+01 -2.182325E+01 0.000000E+00
-2.041687E+01 -2.226887E+01 0.000000E+00
-1.997074E+01 -2.253438E+01 0.000000E+00
-1.929292E+01 -2.148643E+01 0.000000E+00
-1.934397E+01 -2.082499E+01 0.000000E+00
-1.984467E+01 -2.108887E+01 0.000000E+00
-1.865389E+01 -2.123294E+01 0.000000E+00
-1.867700E+01 -2.178463E+01 0.000000E+00
-1.870010E+01 -2.233632E+01 0.000000E+00
-2.034537E+01 -2.135276E+01 0.000000E+00
2 1 0
5 4 3
3 0 5
8 7 6
9 6 7
0 6 10
2 0 11
1 5 0
0 3 6
3 4 12
12 8 3
8 6 3
0 10 11
6 9 10



926 12 0 
926 12 0 
926 12 0 
934 12 0 
934 12 0 
934 12 0 



926 9 0 
926 9 0 
926 9 0 
926 8 0 
926 8 0 
926 8 0 









1062 11 0 
1062 11 0 
1062 11 0 
1062 0 0 
1062 0 0 
1062 0 0 
934 11 0 
934 11 0 
934 11 0 



1 1 1
1 1 1
1 1 1
1 1 1
1 1 1
1 1 1
1 1 1
1 1 1
1 1 1
1 1 1
1 1 1
1 1 1
1 1 1
