2
7944 7945 7946 7948 7949 7950 7951 
9
8
-6.197280E+00 1.505139E+01 0.000000E+00
-5.589358E+00 1.527251E+01 0.000000E+00
-4.981435E+00 1.549363E+01 0.000000E+00
-6.197280E+00 1.505139E+01 7.425000E-01
-5.589358E+00 1.527251E+01 7.425000E-01
-4.981435E+00 1.549363E+01 7.425000E-01
-6.197280E+00 1.505139E+01 1.485000E+00
-5.589358E+00 1.527251E+01 1.485000E+00
-4.981435E+00 1.549363E+01 1.485000E+00
0 1 4
0 4 3
3 4 6
4 7 6
1 2 4
2 5 4
4 5 8
4 8 7
7573 10 0 
7573 10 0 
7573 10 0 
7581 8 0 
7581 8 0 
7581 8 0 
7581 1 0 
7581 1 0 
7581 1 0 
7576 3 0 
7576 3 0 
7576 3 0 
7588 4 0 
7588 4 0 
7588 4 0 
7587 5 0 
7587 5 0 
7587 5 0 
7574 10 0 
7574 10 0 
7574 10 0 
7582 8 0 
7582 8 0 
7582 8 0 
7582 1 0 
7582 1 0 
7582 1 0 
0 0 0
0 0 0
0 0 0
0 0 0
0 0 0
0 0 0
0 0 0
0 0 0
0 0 0
