2
1550 1551 1552 1553 1555 1556 1557 
9
8
1.509426E+01 -2.169407E+01 0.000000E+00
1.498765E+01 -2.116265E+01 0.000000E+00
1.488104E+01 -2.063123E+01 0.000000E+00
1.509426E+01 -2.169407E+01 7.425000E-01
1.498765E+01 -2.116265E+01 7.425000E-01
1.488104E+01 -2.063123E+01 7.425000E-01
1.509426E+01 -2.169407E+01 1.485000E+00
1.498765E+01 -2.116265E+01 1.485000E+00
1.488104E+01 -2.063123E+01 1.485000E+00
0 1 4
0 4 3
3 4 6
4 7 6
1 2 4
2 5 4
4 5 8
4 8 7
678 5 0 
678 5 0 
678 5 0 
1550 4 0 
1550 4 0 
1550 4 0 
1550 3 0 
1550 3 0 
1550 3 0 
682 5 0 
682 5 0 
682 5 0 






679 5 0 
679 5 0 
679 5 0 
1551 4 0 
1551 4 0 
1551 4 0 
1551 3 0 
1551 3 0 
1551 3 0 
0 0 0
0 0 0
0 0 0
0 0 0
0 0 0
0 0 0
0 0 0
0 0 0
0 0 0
