0
8269 8271 8272 8273 8274 8275 
12
12
-1.359181E+01 1.876830E+01 1.485000E+00
-1.407651E+01 1.838611E+01 1.485000E+00
-1.378020E+01 1.794695E+01 1.485000E+00
-1.261512E+01 1.811217E+01 1.485000E+00
-1.253035E+01 1.865235E+01 1.485000E+00
-1.302335E+01 1.869858E+01 1.485000E+00
-1.314153E+01 1.943121E+01 1.485000E+00
-1.437282E+01 1.882528E+01 1.485000E+00
-1.383749E+01 1.966988E+01 1.485000E+00
-1.410515E+01 1.924758E+01 1.485000E+00
-1.319766E+01 1.802956E+01 1.485000E+00
-1.244557E+01 1.919253E+01 1.485000E+00
0 1 2
3 4 5
5 6 0
1 0 7
6 8 0
9 7 0
2 10 0
10 3 5
9 0 8
4 11 5
6 5 11
0 10 5



8198 9 0 
8198 9 0 
8198 9 0 
8189 14 0 
8189 14 0 
8189 14 0 
8189 12 0 
8189 12 0 
8189 12 0 









8198 10 0 
8198 10 0 
8198 10 0 
8261 12 0 
8261 12 0 
8261 12 0 
8261 11 0 
8261 11 0 
8261 11 0 
8189 8 0 
8189 8 0 
8189 8 0 



0 0 0
0 0 0
0 0 0
0 0 0
0 0 0
0 0 0
0 0 0
0 0 0
0 0 0
0 0 0
0 0 0
0 0 0
