0
4863 4865 4866 4867 4868 4869 4870 
14
16
-8.573960E+00 -3.874884E-01 1.485000E+00
-8.278668E+00 -1.062859E+00 1.485000E+00
-7.933443E+00 -6.106808E-01 1.485000E+00
-8.913604E+00 -1.086969E+00 1.485000E+00
-8.603222E+00 -1.622143E+00 1.485000E+00
-7.610202E+00 -1.588060E-01 1.485000E+00
-7.328519E+00 -6.634434E-01 1.485000E+00
-7.650648E+00 -1.173251E+00 1.485000E+00
-8.107662E+00 -1.095516E-01 1.485000E+00
-8.385958E+00 3.117295E-01 1.485000E+00
-8.880032E+00 2.776276E-01 1.485000E+00
-9.223986E+00 -5.517950E-01 1.485000E+00
-7.972778E+00 -1.683060E+00 1.485000E+00
-7.891884E+00 3.458314E-01 1.485000E+00
0 1 2
3 4 1
5 2 6
7 6 2
8 9 0
10 11 0
1 12 7
12 1 4
0 9 10
1 7 2
0 3 1
13 9 8
3 0 11
2 8 0
5 8 2
5 13 8












4650 13 0 
4650 13 0 
4650 13 0 
4856 2 0 
4856 2 0 
4856 2 0 
4659 2 0 
4659 2 0 
4659 2 0 
4659 0 0 
4659 0 0 
4659 0 0 












4650 12 0 
4650 12 0 
4650 12 0 
4856 1 0 
4856 1 0 
4856 1 0 
0 0 0
0 0 0
0 0 0
0 0 0
0 0 0
0 0 0
0 0 0
0 0 0
0 0 0
0 0 0
0 0 0
0 0 0
0 0 0
0 0 0
