1
432 433 434 435 436 437 438 
13
14
1.778156E+00 -2.521063E+01 0.000000E+00
1.786843E+00 -2.583013E+01 0.000000E+00
2.425852E+00 -2.561307E+01 0.000000E+00
1.712929E+00 -2.646378E+01 0.000000E+00
1.108593E+00 -2.611230E+01 0.000000E+00
9.444103E-01 -2.678698E+01 0.000000E+00
2.406922E+00 -2.616662E+01 0.000000E+00
4.469939E-01 -2.640449E+01 0.000000E+00
1.441827E+00 -2.716948E+01 0.000000E+00
1.914909E+00 -2.694483E+01 0.000000E+00
1.187388E+00 -2.545230E+01 0.000000E+00
5.966194E-01 -2.569398E+01 0.000000E+00
2.387992E+00 -2.672018E+01 0.000000E+00
2 1 0
5 4 3
6 3 1
5 7 4
3 9 8
6 1 2
1 10 0
4 10 1
11 10 4
3 8 5
7 11 4
9 3 12
3 4 1
6 12 3






423 8 0 
423 8 0 
423 8 0 






163 14 0 
163 14 0 
163 14 0 
423 3 0 
423 3 0 
423 3 0 
163 13 0 
163 13 0 
163 13 0 
163 2 0 
163 2 0 
163 2 0 
171 8 0 
171 8 0 
171 8 0 






171 9 0 
171 9 0 
171 9 0 
1 1 1
1 1 1
1 1 1
1 1 1
1 1 1
1 1 1
1 1 1
1 1 1
1 1 1
1 1 1
1 1 1
1 1 1
1 1 1
