2
3543 3544 3545 3547 3548 3549 
9
8
8.861175E-01 -8.992300E+00 0.000000E+00
1.437887E+00 -8.698043E+00 0.000000E+00
1.989656E+00 -8.403786E+00 0.000000E+00
8.861175E-01 -8.992300E+00 7.425000E-01
1.437887E+00 -8.698043E+00 7.425000E-01
1.989656E+00 -8.403786E+00 7.425000E-01
8.861175E-01 -8.992300E+00 1.485000E+00
1.437887E+00 -8.698043E+00 1.485000E+00
1.989656E+00 -8.403786E+00 1.485000E+00
0 1 4
0 4 3
3 4 6
4 7 6
1 2 4
2 5 4
4 5 8
4 8 7
3504 14 0 
3504 14 0 
3504 14 0 
3512 5 0 
3512 5 0 
3512 5 0 
3512 6 0 
3512 6 0 
3512 6 0 
3508 5 0 
3508 5 0 
3508 5 0 
3518 4 0 
3518 4 0 
3518 4 0 
3517 3 0 
3517 3 0 
3517 3 0 
3505 14 0 
3505 14 0 
3505 14 0 
3513 5 0 
3513 5 0 
3513 5 0 
3513 6 0 
3513 6 0 
3513 6 0 
0 0 0
0 0 0
0 0 0
0 0 0
0 0 0
0 0 0
0 0 0
0 0 0
0 0 0
