2
7853 7854 7855 7856 7857 7858 7859 7860 
6
4
1.152192E+01 1.820314E+01 0.000000E+00
1.165018E+01 1.734070E+01 0.000000E+00
1.152192E+01 1.820314E+01 7.425000E-01
1.165018E+01 1.734070E+01 7.425000E-01
1.152192E+01 1.820314E+01 1.485000E+00
1.165018E+01 1.734070E+01 1.485000E+00
0 1 3
0 3 2
2 3 5
2 5 4
7853 14 0 
7853 14 0 
7853 14 0 
7853 11 0 
7853 11 0 
7853 11 0 
7860 5 0 
7860 5 0 
7860 5 0 
7855 3 0 
7855 3 0 
7855 3 0 
7854 14 0 
7854 14 0 
7854 14 0 
7854 11 0 
7854 11 0 
7854 11 0 
0 0 0
0 0 0
0 0 0
0 0 0
0 0 0
0 0 0
