0
7236 7238 7239 7240 7241 7242 7243 
12
13
3.713982E+00 1.377810E+01 1.485000E+00
3.188550E+00 1.400917E+01 1.485000E+00
3.338584E+00 1.328591E+01 1.485000E+00
2.787464E+00 1.459231E+01 1.485000E+00
3.600124E+00 1.469821E+01 1.485000E+00
3.926120E+00 1.430099E+01 1.485000E+00
2.975890E+00 1.272021E+01 1.485000E+00
3.645491E+00 1.265701E+01 1.485000E+00
2.695253E+00 1.328162E+01 1.485000E+00
3.948804E+00 1.328039E+01 1.485000E+00
2.414616E+00 1.384303E+01 1.485000E+00
4.252117E+00 1.390377E+01 1.485000E+00
0 1 2
3 1 4
1 0 5
6 7 2
8 2 1
6 2 8
4 1 5
2 7 9
2 9 0
10 1 3
10 8 1
0 11 5
0 9 11


















6958 10 0 
6958 10 0 
6958 10 0 
6958 1 0 
6958 1 0 
6958 1 0 



7228 5 0 
7228 5 0 
7228 5 0 



7228 0 0 
7228 0 0 
7228 0 0 
0 0 0
0 0 0
0 0 0
0 0 0
0 0 0
0 0 0
0 0 0
0 0 0
0 0 0
0 0 0
0 0 0
0 0 0
