2
7429 7430 7431 7432 7434 7435 7436 
6
4
-2.552389E+01 1.558399E+01 0.000000E+00
-2.583796E+01 1.645134E+01 0.000000E+00
-2.552389E+01 1.558399E+01 7.425000E-01
-2.583796E+01 1.645134E+01 7.425000E-01
-2.552389E+01 1.558399E+01 1.485000E+00
-2.583796E+01 1.645134E+01 1.485000E+00
0 1 3
0 3 2
2 3 5
2 5 4
7397 10 0 
7397 10 0 
7397 10 0 
7429 9 0 
7429 9 0 
7429 9 0 
7402 5 0 
7402 5 0 
7402 5 0 



7398 10 0 
7398 10 0 
7398 10 0 
7430 9 0 
7430 9 0 
7430 9 0 
0 0 0
0 0 0
0 0 0
0 0 0
0 0 0
0 0 0
