1
6943 6944 6945 6946 6947 6948 6949 
12
13
1.342810E-01 1.119370E+01 0.000000E+00
-3.050038E-02 1.188463E+01 0.000000E+00
-5.064565E-01 1.144780E+01 0.000000E+00
2.547606E-01 1.048461E+01 0.000000E+00
8.149140E-01 1.096785E+01 0.000000E+00
-6.717978E-01 1.210490E+01 0.000000E+00
-3.775952E-01 1.077609E+01 0.000000E+00
-1.094398E+00 1.168433E+01 0.000000E+00
-1.009951E+00 1.106757E+01 0.000000E+00
4.757905E-01 1.234687E+01 0.000000E+00
6.453523E-01 1.165736E+01 0.000000E+00
-2.491974E-01 1.252547E+01 0.000000E+00
2 1 0
0 4 3
1 2 5
6 2 0
2 7 5
2 8 7
6 8 2
10 1 9
1 5 11
6 0 3
11 9 1
1 10 0
10 4 0









6614 15 0 
6614 15 0 
6614 15 0 
6614 4 0 
6614 4 0 
6614 4 0 



6926 4 0 
6926 4 0 
6926 4 0 
6934 11 0 
6934 11 0 
6934 11 0 
6926 8 0 
6926 8 0 
6926 8 0 









0 0 0
0 0 0
0 0 0
0 0 0
0 0 0
0 0 0
0 0 0
0 0 0
0 0 0
0 0 0
0 0 0
0 0 0
