2
7885 7886 7887 7889 7890 7891 7892 7893 
9
8
7.008108E+00 1.509841E+01 0.000000E+00
7.524266E+00 1.519999E+01 0.000000E+00
8.040424E+00 1.530157E+01 0.000000E+00
7.008108E+00 1.509841E+01 7.425000E-01
7.524266E+00 1.519999E+01 7.425000E-01
8.040424E+00 1.530157E+01 7.425000E-01
7.008108E+00 1.509841E+01 1.485000E+00
7.524266E+00 1.519999E+01 1.485000E+00
8.040424E+00 1.530157E+01 1.485000E+00
0 1 4
0 4 3
3 4 6
4 7 6
1 2 4
2 5 4
4 5 8
4 8 7
7643 12 0 
7643 12 0 
7643 12 0 
7651 12 0 
7651 12 0 
7651 12 0 
7651 11 0 
7651 11 0 
7651 11 0 
7647 5 0 
7647 5 0 
7647 5 0 
7657 4 0 
7657 4 0 
7657 4 0 
7656 5 0 
7656 5 0 
7656 5 0 
7644 12 0 
7644 12 0 
7644 12 0 
7652 12 0 
7652 12 0 
7652 12 0 
7652 11 0 
7652 11 0 
7652 11 0 
0 0 0
0 0 0
0 0 0
0 0 0
0 0 0
0 0 0
0 0 0
0 0 0
0 0 0
