2
5183 5184 5185 5186 5187 5188 5190 
9
8
1.359015E+01 1.681195E+00 0.000000E+00
1.332631E+01 1.246226E+00 0.000000E+00
1.306248E+01 8.112561E-01 0.000000E+00
1.359015E+01 1.681195E+00 7.425000E-01
1.332631E+01 1.246226E+00 7.425000E-01
1.306248E+01 8.112561E-01 7.425000E-01
1.359015E+01 1.681195E+00 1.485000E+00
1.332631E+01 1.246226E+00 1.485000E+00
1.306248E+01 8.112561E-01 1.485000E+00
0 1 4
0 4 3
3 4 6
4 7 6
1 2 4
2 5 4
4 5 8
4 8 7
5183 11 0 
5183 11 0 
5183 11 0 
5183 1 0 
5183 1 0 
5183 1 0 
5176 1 0 
5176 1 0 
5176 1 0 
5188 3 0 
5188 3 0 
5188 3 0 



5180 5 0 
5180 5 0 
5180 5 0 
5184 11 0 
5184 11 0 
5184 11 0 
5184 1 0 
5184 1 0 
5184 1 0 
5177 1 0 
5177 1 0 
5177 1 0 
0 0 0
0 0 0
0 0 0
0 0 0
0 0 0
0 0 0
0 0 0
0 0 0
0 0 0
