2
1974 1975 1976 1977 1978 1979 1981 
6
4
1.982959E+00 -1.559854E+01 0.000000E+00
1.370836E+00 -1.565830E+01 0.000000E+00
1.982959E+00 -1.559854E+01 7.425000E-01
1.370836E+00 -1.565830E+01 7.425000E-01
1.982959E+00 -1.559854E+01 1.485000E+00
1.370836E+00 -1.565830E+01 1.485000E+00
0 1 3
0 3 2
2 3 5
2 5 4
1974 13 0 
1974 13 0 
1974 13 0 
1965 4 0 
1965 4 0 
1965 4 0 
1979 5 0 
1979 5 0 
1979 5 0 
1969 5 0 
1969 5 0 
1969 5 0 
1975 13 0 
1975 13 0 
1975 13 0 
1966 4 0 
1966 4 0 
1966 4 0 
0 0 0
0 0 0
0 0 0
0 0 0
0 0 0
0 0 0
