2
3406 3407 3408 3409 3410 3412 3413 
9
8
1.262719E+01 -7.900510E+00 0.000000E+00
1.227483E+01 -7.519418E+00 0.000000E+00
1.192247E+01 -7.138325E+00 0.000000E+00
1.262719E+01 -7.900510E+00 7.425000E-01
1.227483E+01 -7.519418E+00 7.425000E-01
1.192247E+01 -7.138325E+00 7.425000E-01
1.262719E+01 -7.900510E+00 1.485000E+00
1.227483E+01 -7.519418E+00 1.485000E+00
1.192247E+01 -7.138325E+00 1.485000E+00
0 1 4
0 4 3
3 4 6
4 7 6
1 2 4
2 5 4
4 5 8
4 8 7
3398 4 0 
3398 4 0 
3398 4 0 
3406 7 0 
3406 7 0 
3406 7 0 
3406 11 0 
3406 11 0 
3406 11 0 
3404 5 0 
3404 5 0 
3404 5 0 






3399 4 0 
3399 4 0 
3399 4 0 
3407 7 0 
3407 7 0 
3407 7 0 
3407 11 0 
3407 11 0 
3407 11 0 
0 0 0
0 0 0
0 0 0
0 0 0
0 0 0
0 0 0
0 0 0
0 0 0
0 0 0
