1
3126 3127 3128 3129 3130 3131 3132 
13
14
6.361904E+00 -1.273462E+01 0.000000E+00
6.210835E+00 -1.361684E+01 0.000000E+00
6.713042E+00 -1.325080E+01 0.000000E+00
7.359407E+00 -1.234225E+01 0.000000E+00
6.860656E+00 -1.253844E+01 0.000000E+00
7.319684E+00 -1.300331E+01 0.000000E+00
6.554992E+00 -1.394857E+01 0.000000E+00
7.182060E+00 -1.367217E+01 0.000000E+00
7.793042E+00 -1.397511E+01 0.000000E+00
7.884758E+00 -1.342767E+01 0.000000E+00
7.976474E+00 -1.288023E+01 0.000000E+00
6.899148E+00 -1.428030E+01 0.000000E+00
7.346095E+00 -1.412771E+01 0.000000E+00
2 1 0
5 4 3
6 1 2
9 8 7
5 3 10
12 11 7
12 7 8
0 4 2
10 9 5
9 7 5
6 2 7
4 5 2
6 7 11
7 2 5
3118 4 0 
3118 4 0 
3118 4 0 
2510 5 0 
2510 5 0 
2510 5 0 












2510 8 0 
2510 8 0 
2510 8 0 



2492 11 0 
2492 11 0 
2492 11 0 






2492 15 0 
2492 15 0 
2492 15 0 
2492 13 0 
2492 13 0 
2492 13 0 
0 0 0
0 0 0
0 0 0
0 0 0
0 0 0
0 0 0
0 0 0
0 0 0
0 0 0
0 0 0
0 0 0
0 0 0
0 0 0
