2
4049 4050 4052 4053 4054 4055 
6
4
1.950644E+01 -5.034878E+00 0.000000E+00
2.028165E+01 -5.378005E+00 0.000000E+00
1.950644E+01 -5.034878E+00 7.425000E-01
2.028165E+01 -5.378005E+00 7.425000E-01
1.950644E+01 -5.034878E+00 1.485000E+00
2.028165E+01 -5.378005E+00 1.485000E+00
0 1 3
0 3 2
2 3 5
2 5 4
3960 9 0 
3960 9 0 
3960 9 0 
3960 8 0 
3960 8 0 
3960 8 0 
3967 3 0 
3967 3 0 
3967 3 0 
3966 3 0 
3966 3 0 
3966 3 0 
3961 9 0 
3961 9 0 
3961 9 0 
3961 8 0 
3961 8 0 
3961 8 0 
0 0 0
0 0 0
0 0 0
0 0 0
0 0 0
0 0 0
