1
9034 9035 9036 9037 9038 9039 9040 9041 9042 
16
18
-2.309191E+01 2.017966E+01 0.000000E+00
-2.249698E+01 2.037090E+01 0.000000E+00
-2.311769E+01 2.076224E+01 0.000000E+00
-2.241940E+01 2.104418E+01 0.000000E+00
-2.162005E+01 2.124250E+01 0.000000E+00
-2.207462E+01 2.165127E+01 0.000000E+00
-2.177732E+01 2.048095E+01 0.000000E+00
-2.176347E+01 1.937429E+01 0.000000E+00
-2.140911E+01 1.980381E+01 0.000000E+00
-2.207159E+01 1.990435E+01 0.000000E+00
-2.105474E+01 2.023333E+01 0.000000E+00
-2.116549E+01 2.083374E+01 0.000000E+00
-2.277589E+01 2.171953E+01 0.000000E+00
-2.314347E+01 2.134482E+01 0.000000E+00
-2.272806E+01 1.978257E+01 0.000000E+00
-2.236421E+01 1.938548E+01 0.000000E+00
2 1 0
5 4 3
4 6 3
9 8 7
6 11 10
1 3 6
3 12 5
13 12 3
3 1 2
8 9 6
14 1 9
2 13 3
15 9 7
6 10 8
11 6 4
6 9 1
15 14 9
0 1 14





















7486 12 0 
7486 12 0 
7486 12 0 
8229 12 0 
8229 12 0 
8229 12 0 



8229 11 0 
8229 11 0 
8229 11 0 
9025 12 0 
9025 12 0 
9025 12 0 









7486 9 0 
7486 9 0 
7486 9 0 
1 1 1
1 1 1
1 1 1
1 1 1
1 1 1
1 1 1
1 1 1
1 1 1
1 1 1
1 1 1
1 1 1
1 1 1
1 1 1
1 1 1
1 1 1
1 1 1
