2
644 645 646 647 648 649 650 652 
6
4
1.734248E+01 -2.438305E+01 0.000000E+00
1.693972E+01 -2.477236E+01 0.000000E+00
1.734248E+01 -2.438305E+01 7.425000E-01
1.693972E+01 -2.477236E+01 7.425000E-01
1.734248E+01 -2.438305E+01 1.485000E+00
1.693972E+01 -2.477236E+01 1.485000E+00
0 1 3
0 3 2
2 3 5
2 5 4
644 12 0 
644 12 0 
644 12 0 
636 10 0 
636 10 0 
636 10 0 
650 5 0 
650 5 0 
650 5 0 
641 5 0 
641 5 0 
641 5 0 
645 12 0 
645 12 0 
645 12 0 
637 10 0 
637 10 0 
637 10 0 
0 0 0
0 0 0
0 0 0
0 0 0
0 0 0
0 0 0
