2
3259 3260 3262 3263 3264 3265 3266 
6
4
1.709440E+01 -1.134812E+01 0.000000E+00
1.734378E+01 -1.164682E+01 0.000000E+00
1.709440E+01 -1.134812E+01 7.425000E-01
1.734378E+01 -1.164682E+01 7.425000E-01
1.709440E+01 -1.134812E+01 1.485000E+00
1.734378E+01 -1.164682E+01 1.485000E+00
0 1 3
0 3 2
2 3 5
2 5 4
2450 14 0 
2450 14 0 
2450 14 0 
2443 7 0 
2443 7 0 
2443 7 0 
2455 3 0 
2455 3 0 
2455 3 0 
2448 5 0 
2448 5 0 
2448 5 0 
2451 14 0 
2451 14 0 
2451 14 0 
2444 7 0 
2444 7 0 
2444 7 0 
0 0 0
0 0 0
0 0 0
0 0 0
0 0 0
0 0 0
