2
1294 1295 1297 1298 1299 1300 1301 
9
8
-2.076418E+01 -1.961378E+01 0.000000E+00
-2.013555E+01 -1.973652E+01 0.000000E+00
-1.950693E+01 -1.985926E+01 0.000000E+00
-2.076418E+01 -1.961378E+01 7.425000E-01
-2.013555E+01 -1.973652E+01 7.425000E-01
-1.950693E+01 -1.985926E+01 7.425000E-01
-2.076418E+01 -1.961378E+01 1.485000E+00
-2.013555E+01 -1.973652E+01 1.485000E+00
-1.950693E+01 -1.985926E+01 1.485000E+00
0 1 4
0 4 3
3 4 6
4 7 6
1 2 4
2 5 4
4 5 8
4 8 7
1222 9 0 
1222 9 0 
1222 9 0 
1231 8 0 
1231 8 0 
1231 8 0 
1231 10 0 
1231 10 0 
1231 10 0 
1226 5 0 
1226 5 0 
1226 5 0 
1235 4 0 
1235 4 0 
1235 4 0 
1234 5 0 
1234 5 0 
1234 5 0 
1223 9 0 
1223 9 0 
1223 9 0 
1232 8 0 
1232 8 0 
1232 8 0 
1232 10 0 
1232 10 0 
1232 10 0 
0 0 0
0 0 0
0 0 0
0 0 0
0 0 0
0 0 0
0 0 0
0 0 0
0 0 0
