2
7549 7550 7551 7553 7554 7555 
9
8
-1.089822E+01 1.469368E+01 0.000000E+00
-1.057880E+01 1.524217E+01 0.000000E+00
-1.025937E+01 1.579066E+01 0.000000E+00
-1.089822E+01 1.469368E+01 7.425000E-01
-1.057880E+01 1.524217E+01 7.425000E-01
-1.025937E+01 1.579066E+01 7.425000E-01
-1.089822E+01 1.469368E+01 1.485000E+00
-1.057880E+01 1.524217E+01 1.485000E+00
-1.025937E+01 1.579066E+01 1.485000E+00
0 1 4
0 4 3
3 4 6
4 7 6
1 2 4
2 5 4
4 5 8
4 8 7
7324 6 0 
7324 6 0 
7324 6 0 
7549 0 0 
7549 0 0 
7549 0 0 
7549 9 0 
7549 9 0 
7549 9 0 
7328 3 0 
7328 3 0 
7328 3 0 






7325 6 0 
7325 6 0 
7325 6 0 
7550 0 0 
7550 0 0 
7550 0 0 
7550 9 0 
7550 9 0 
7550 9 0 
0 0 0
0 0 0
0 0 0
0 0 0
0 0 0
0 0 0
0 0 0
0 0 0
0 0 0
