2
3788 3789 3790 3792 3793 3794 3795 3796 3797 
9
8
-9.232044E+00 -7.221180E+00 0.000000E+00
-8.615090E+00 -7.079046E+00 0.000000E+00
-7.998137E+00 -6.936911E+00 0.000000E+00
-9.232044E+00 -7.221180E+00 7.425000E-01
-8.615090E+00 -7.079046E+00 7.425000E-01
-7.998137E+00 -6.936911E+00 7.425000E-01
-9.232044E+00 -7.221180E+00 1.485000E+00
-8.615090E+00 -7.079046E+00 1.485000E+00
-7.998137E+00 -6.936911E+00 1.485000E+00
0 1 4
0 4 3
3 4 6
4 7 6
1 2 4
2 5 4
4 5 8
4 8 7
3590 1 0 
3590 1 0 
3590 1 0 
3590 0 0 
3590 0 0 
3590 0 0 
3590 11 0 
3590 11 0 
3590 11 0 
3595 5 0 
3595 5 0 
3595 5 0 
3595 4 0 
3595 4 0 
3595 4 0 
3594 5 0 
3594 5 0 
3594 5 0 
3591 1 0 
3591 1 0 
3591 1 0 
3591 0 0 
3591 0 0 
3591 0 0 
3591 11 0 
3591 11 0 
3591 11 0 
0 0 0
0 0 0
0 0 0
0 0 0
0 0 0
0 0 0
0 0 0
0 0 0
0 0 0
