0
3276 3278 3279 3280 3281 3282 3283 
14
16
2.061299E+01 -1.047566E+01 1.485000E+00
2.045076E+01 -1.101482E+01 1.485000E+00
2.101510E+01 -1.098740E+01 1.485000E+00
2.124250E+01 -1.048267E+01 1.485000E+00
2.157944E+01 -1.095997E+01 1.485000E+00
2.185630E+01 -1.057390E+01 1.485000E+00
2.151821E+01 -1.002452E+01 1.485000E+00
2.213316E+01 -1.018783E+01 1.485000E+00
2.087912E+01 -9.992087E+00 1.485000E+00
2.025060E+01 -9.962125E+00 1.485000E+00
2.000227E+01 -1.044299E+01 1.485000E+00
2.178909E+01 -9.485198E+00 1.485000E+00
2.049892E+01 -9.481258E+00 1.485000E+00
2.114400E+01 -9.483228E+00 1.485000E+00
0 1 2
3 4 5
6 5 7
6 3 5
0 3 8
2 3 0
9 10 0
10 1 0
4 3 2
11 6 7
8 3 6
12 8 13
8 6 13
13 6 11
8 9 0
12 9 8



2428 8 0 
2428 8 0 
2428 8 0 
2428 0 0 
2428 0 0 
2428 0 0 



2420 6 0 
2420 6 0 
2420 6 0 
2420 1 0 
2420 1 0 
2420 1 0 



2420 8 0 
2420 8 0 
2420 8 0 



3268 5 0 
3268 5 0 
3268 5 0 
2435 8 0 
2435 8 0 
2435 8 0 



3268 10 0 
3268 10 0 
3268 10 0 



0 0 0
0 0 0
0 0 0
0 0 0
0 0 0
0 0 0
0 0 0
0 0 0
0 0 0
0 0 0
0 0 0
0 0 0
0 0 0
0 0 0
