2
5874 5875 5876 5877 5878 5880 5881 
9
8
-2.750382E+01 1.849548E+00 0.000000E+00
-2.805753E+01 2.090079E+00 0.000000E+00
-2.861125E+01 2.330610E+00 0.000000E+00
-2.750382E+01 1.849548E+00 7.425000E-01
-2.805753E+01 2.090079E+00 7.425000E-01
-2.861125E+01 2.330610E+00 7.425000E-01
-2.750382E+01 1.849548E+00 1.485000E+00
-2.805753E+01 2.090079E+00 1.485000E+00
-2.861125E+01 2.330610E+00 1.485000E+00
0 1 4
0 4 3
3 4 6
4 7 6
1 2 4
2 5 4
4 5 8
4 8 7
5867 2 0 
5867 2 0 
5867 2 0 
5874 3 0 
5874 3 0 
5874 3 0 
5381 11 -5.675002e+01 
5381 11 0 
5381 11 0 
5869 2 0 
5869 2 0 
5869 2 0 



5384 3 -5.675002e+01 
5384 3 0 
5384 3 0 
5868 2 0 
5868 2 0 
5868 2 0 
5875 3 0 
5875 3 0 
5875 3 0 
5382 11 -5.675002e+01 
5382 11 0 
5382 11 0 
0 0 0
0 0 0
0 0 0
0 0 0
0 0 0
0 0 0
0 0 0
0 0 0
0 0 0
