0
2839 2841 2842 2843 2844 2845 
12
13
-7.218424E+00 -1.111279E+01 1.485000E+00
-7.374892E+00 -1.162633E+01 1.485000E+00
-6.707005E+00 -1.152452E+01 1.485000E+00
-6.475480E+00 -1.215966E+01 1.485000E+00
-5.997504E+00 -1.157933E+01 1.485000E+00
-6.643773E+00 -1.289868E+01 1.485000E+00
-6.167827E+00 -1.253176E+01 1.485000E+00
-5.691881E+00 -1.216484E+01 1.485000E+00
-7.013918E+00 -1.199851E+01 1.485000E+00
-6.303127E+00 -1.099382E+01 1.485000E+00
-7.531360E+00 -1.213987E+01 1.485000E+00
-7.087566E+00 -1.251927E+01 1.485000E+00
0 1 2
3 4 2
3 5 6
7 4 3
8 2 1
8 3 2
9 2 4
1 10 8
8 11 3
8 10 11
11 5 3
3 6 7
9 0 2















2574 13 0 
2574 13 0 
2574 13 0 
2574 9 0 
2574 9 0 
2574 9 0 
2574 8 0 
2574 8 0 
2574 8 0 






2832 6 0 
2832 6 0 
2832 6 0 
2832 5 0 
2832 5 0 
2832 5 0 
0 0 0
0 0 0
0 0 0
0 0 0
0 0 0
0 0 0
0 0 0
0 0 0
0 0 0
0 0 0
0 0 0
0 0 0
