2
2862 2863 2864 2865 2866 2868 
9
8
-1.061567E+01 -1.051390E+01 0.000000E+00
-1.109368E+01 -1.047739E+01 0.000000E+00
-1.157169E+01 -1.044088E+01 0.000000E+00
-1.061567E+01 -1.051390E+01 7.425000E-01
-1.109368E+01 -1.047739E+01 7.425000E-01
-1.157169E+01 -1.044088E+01 7.425000E-01
-1.061567E+01 -1.051390E+01 1.485000E+00
-1.109368E+01 -1.047739E+01 1.485000E+00
-1.157169E+01 -1.044088E+01 1.485000E+00
0 1 4
0 4 3
3 4 6
4 7 6
1 2 4
2 5 4
4 5 8
4 8 7
2854 6 0 
2854 6 0 
2854 6 0 
2862 8 0 
2862 8 0 
2862 8 0 
2862 6 0 
2862 6 0 
2862 6 0 
2860 3 0 
2860 3 0 
2860 3 0 






2855 6 0 
2855 6 0 
2855 6 0 
2863 8 0 
2863 8 0 
2863 8 0 
2863 6 0 
2863 6 0 
2863 6 0 
0 0 0
0 0 0
0 0 0
0 0 0
0 0 0
0 0 0
0 0 0
0 0 0
0 0 0
