2
8229 8230 8231 8232 8233 8234 8236 
9
8
-2.105474E+01 2.023333E+01 0.000000E+00
-2.140911E+01 1.980381E+01 0.000000E+00
-2.176347E+01 1.937429E+01 0.000000E+00
-2.105474E+01 2.023333E+01 7.425000E-01
-2.140911E+01 1.980381E+01 7.425000E-01
-2.176347E+01 1.937429E+01 7.425000E-01
-2.105474E+01 2.023333E+01 1.485000E+00
-2.140911E+01 1.980381E+01 1.485000E+00
-2.176347E+01 1.937429E+01 1.485000E+00
0 1 4
0 4 3
3 4 6
4 7 6
1 2 4
2 5 4
4 5 8
4 8 7
8229 11 0 
8229 11 0 
8229 11 0 
8229 12 0 
8229 12 0 
8229 12 0 
7486 12 0 
7486 12 0 
7486 12 0 
8234 5 0 
8234 5 0 
8234 5 0 



7490 5 0 
7490 5 0 
7490 5 0 
8230 11 0 
8230 11 0 
8230 11 0 
8230 12 0 
8230 12 0 
8230 12 0 
7487 12 0 
7487 12 0 
7487 12 0 
0 0 0
0 0 0
0 0 0
0 0 0
0 0 0
0 0 0
0 0 0
0 0 0
0 0 0
