1
496 497 498 499 500 501 
11
10
-1.002426E+01 -2.529521E+01 0.000000E+00
-9.345520E+00 -2.512185E+01 0.000000E+00
-9.516864E+00 -2.464572E+01 0.000000E+00
-1.081170E+01 -2.516612E+01 0.000000E+00
-1.054608E+01 -2.456481E+01 0.000000E+00
-9.174175E+00 -2.559799E+01 0.000000E+00
-1.057027E+01 -2.609779E+01 0.000000E+00
-9.618706E+00 -2.601307E+01 0.000000E+00
-1.107731E+01 -2.576743E+01 0.000000E+00
-1.006324E+01 -2.642816E+01 0.000000E+00
-1.003147E+01 -2.460527E+01 0.000000E+00
2 1 0
4 0 3
0 1 5
7 6 0
3 6 8
3 0 6
7 9 6
5 7 0
4 10 0
10 2 0















487 6 0 
487 6 0 
487 6 0 
103 0 0 
103 0 0 
103 0 0 
487 5 0 
487 5 0 
487 5 0 
103 16 0 
103 16 0 
103 16 0 
103 9 0 
103 9 0 
103 9 0 



1 1 1
1 1 1
1 1 1
1 1 1
1 1 1
1 1 1
1 1 1
1 1 1
1 1 1
1 1 1
1 1 1
