1
2558 2559 2560 2561 2562 2563 2564 2565 
17
20
-2.437239E+00 -1.516302E+01 0.000000E+00
-1.790350E+00 -1.493965E+01 0.000000E+00
-2.226003E+00 -1.466088E+01 0.000000E+00
-3.439262E+00 -1.568530E+01 0.000000E+00
-3.116708E+00 -1.506098E+01 0.000000E+00
-3.809564E+00 -1.516874E+01 0.000000E+00
-1.788582E+00 -1.548760E+01 0.000000E+00
-2.690265E+00 -1.447546E+01 0.000000E+00
-2.835628E+00 -1.576757E+01 0.000000E+00
-2.231994E+00 -1.584984E+01 0.000000E+00
-3.681852E+00 -1.468519E+01 0.000000E+00
-3.195163E+00 -1.452207E+01 0.000000E+00
-3.554140E+00 -1.420163E+01 0.000000E+00
-2.574521E+00 -1.380657E+01 0.000000E+00
-3.064331E+00 -1.400410E+01 0.000000E+00
-1.792117E+00 -1.439171E+01 0.000000E+00
-2.183319E+00 -1.409914E+01 0.000000E+00
2 1 0
5 4 3
1 6 0
0 4 7
9 8 0
5 10 4
10 12 11
14 13 7
7 4 11
0 7 2
2 16 15
11 4 10
4 8 3
4 0 8
0 6 9
2 15 1
14 7 11
16 2 7
13 16 7
12 14 11



2550 5 0 
2550 5 0 
2550 5 0 



1942 13 0 
1942 13 0 
1942 13 0 



1942 6 0 
1942 6 0 
1942 6 0 
1957 9 0 
1957 9 0 
1957 9 0 



1950 3 0 
1950 3 0 
1950 3 0 
1950 4 0 
1950 4 0 
1950 4 0 















2550 9 0 
2550 9 0 
2550 9 0 



0 0 0
0 0 0
0 0 0
0 0 0
0 0 0
0 0 0
0 0 0
0 0 0
0 0 0
0 0 0
0 0 0
0 0 0
0 0 0
0 0 0
0 0 0
0 0 0
0 0 0
