2
7061 7062 7063 7064 7065 7066 7067 7068 
9
8
2.195156E+01 1.116266E+01 0.000000E+00
2.213267E+01 1.053451E+01 0.000000E+00
2.231378E+01 9.906364E+00 0.000000E+00
2.195156E+01 1.116266E+01 7.425000E-01
2.213267E+01 1.053451E+01 7.425000E-01
2.231378E+01 9.906364E+00 7.425000E-01
2.195156E+01 1.116266E+01 1.485000E+00
2.213267E+01 1.053451E+01 1.485000E+00
2.231378E+01 9.906364E+00 1.485000E+00
0 1 4
0 4 3
3 4 6
4 7 6
1 2 4
2 5 4
4 5 8
4 8 7
7053 13 0 
7053 13 0 
7053 13 0 
7053 5 0 
7053 5 0 
7053 5 0 
6509 13 0 
6509 13 0 
6509 13 0 
7057 5 0 
7057 5 0 
7057 5 0 
7057 4 0 
7057 4 0 
7057 4 0 
6514 5 0 
6514 5 0 
6514 5 0 
7054 13 0 
7054 13 0 
7054 13 0 
7054 5 0 
7054 5 0 
7054 5 0 
6510 13 0 
6510 13 0 
6510 13 0 
0 0 0
0 0 0
0 0 0
0 0 0
0 0 0
0 0 0
0 0 0
0 0 0
0 0 0
