2
5311 5312 5313 5314 5315 5316 
9
8
1.633249E+01 1.756510E+00 0.000000E+00
1.595754E+01 1.209574E+00 0.000000E+00
1.558258E+01 6.626375E-01 0.000000E+00
1.633249E+01 1.756510E+00 7.425000E-01
1.595754E+01 1.209574E+00 7.425000E-01
1.558258E+01 6.626375E-01 7.425000E-01
1.633249E+01 1.756510E+00 1.485000E+00
1.595754E+01 1.209574E+00 1.485000E+00
1.558258E+01 6.626375E-01 1.485000E+00
0 1 4
0 4 3
3 4 6
4 7 6
1 2 4
2 5 4
4 5 8
4 8 7
5311 10 0 
5311 10 0 
5311 10 0 
5311 4 0 
5311 4 0 
5311 4 0 
5191 5 0 
5191 5 0 
5191 5 0 
5316 5 0 
5316 5 0 
5316 5 0 



5197 3 0 
5197 3 0 
5197 3 0 
5312 10 0 
5312 10 0 
5312 10 0 
5312 4 0 
5312 4 0 
5312 4 0 
5192 5 0 
5192 5 0 
5192 5 0 
0 0 0
0 0 0
0 0 0
0 0 0
0 0 0
0 0 0
0 0 0
0 0 0
0 0 0
