1
8318 8319 8320 8321 8322 8323 
11
10
-5.483333E+00 2.050362E+01 0.000000E+00
-4.972882E+00 2.046527E+01 0.000000E+00
-5.609342E+00 2.109690E+01 0.000000E+00
-4.985732E+00 2.135660E+01 0.000000E+00
-5.244958E+00 2.197807E+01 0.000000E+00
-5.735351E+00 2.169018E+01 0.000000E+00
-4.226328E+00 2.104737E+01 0.000000E+00
-3.990223E+00 2.166781E+01 0.000000E+00
-4.372394E+00 2.196688E+01 0.000000E+00
-4.754565E+00 2.226595E+01 0.000000E+00
-4.462432E+00 2.042693E+01 0.000000E+00
2 1 0
5 4 3
8 7 6
8 3 4
2 3 1
3 8 6
9 8 4
3 2 5
1 3 6
10 1 6
8140 8 0 
8140 8 0 
8140 8 0 
8140 7 0 
8140 7 0 
8140 7 0 
8308 12 0 
8308 12 0 
8308 12 0 






8308 2 0 
8308 2 0 
8308 2 0 












8140 10 0 
8140 10 0 
8140 10 0 
1 1 1
1 1 1
1 1 1
1 1 1
1 1 1
1 1 1
1 1 1
1 1 1
1 1 1
1 1 1
1 1 1
