2
2583 2584 2585 2586 2588 2589 2590 
9
8
-7.211581E+00 -1.557987E+01 0.000000E+00
-6.844198E+00 -1.497618E+01 0.000000E+00
-6.476815E+00 -1.437249E+01 0.000000E+00
-7.211581E+00 -1.557987E+01 7.425000E-01
-6.844198E+00 -1.497618E+01 7.425000E-01
-6.476815E+00 -1.437249E+01 7.425000E-01
-7.211581E+00 -1.557987E+01 1.485000E+00
-6.844198E+00 -1.497618E+01 1.485000E+00
-6.476815E+00 -1.437249E+01 1.485000E+00
0 1 4
0 4 3
3 4 6
4 7 6
1 2 4
2 5 4
4 5 8
4 8 7
1926 14 0 
1926 14 0 
1926 14 0 
1934 4 0 
1934 4 0 
1934 4 0 
1934 12 0 
1934 12 0 
1934 12 0 
1931 5 0 
1931 5 0 
1931 5 0 
1941 4 0 
1941 4 0 
1941 4 0 
1940 3 0 
1940 3 0 
1940 3 0 
1927 14 0 
1927 14 0 
1927 14 0 
1935 4 0 
1935 4 0 
1935 4 0 
1935 12 0 
1935 12 0 
1935 12 0 
0 0 0
0 0 0
0 0 0
0 0 0
0 0 0
0 0 0
0 0 0
0 0 0
0 0 0
