2
4000 4001 4002 4003 4004 4005 
12
12
2.586877E+01 -5.899862E+00 0.000000E+00
2.530613E+01 -6.422772E+00 0.000000E+00
2.502481E+01 -6.684228E+00 0.000000E+00
2.474349E+01 -6.945683E+00 0.000000E+00
2.586877E+01 -5.899862E+00 7.425000E-01
2.530613E+01 -6.422772E+00 7.425000E-01
2.502481E+01 -6.684228E+00 7.425000E-01
2.474349E+01 -6.945683E+00 7.425000E-01
2.586877E+01 -5.899862E+00 1.485000E+00
2.530613E+01 -6.422772E+00 1.485000E+00
2.502481E+01 -6.684228E+00 1.485000E+00
2.474349E+01 -6.945683E+00 1.485000E+00
0 1 5
0 5 4
4 5 8
5 9 8
1 2 5
2 6 5
5 6 9
6 10 9
2 3 6
3 7 6
6 7 11
6 11 10
3992 2 0 
3992 2 0 
3992 2 0 
3992 10 0 
3992 10 0 
3992 10 0 
3992 12 0 
3992 12 0 
3992 12 0 
3334 1 0 
3334 1 0 
3334 1 0 
3995 7 0 
3995 7 0 
3995 7 0 
3995 6 0 
3995 6 0 
3995 6 0 
3995 5 0 
3995 5 0 
3995 5 0 
3339 5 0 
3339 5 0 
3339 5 0 
3993 2 0 
3993 2 0 
3993 2 0 
3993 10 0 
3993 10 0 
3993 10 0 
3993 12 0 
3993 12 0 
3993 12 0 
3335 1 0 
3335 1 0 
3335 1 0 
0 0 0
0 0 0
0 0 0
0 0 0
0 0 0
0 0 0
0 0 0
0 0 0
0 0 0
0 0 0
0 0 0
0 0 0
