2
6820 6821 6822 6824 6825 6826 6827 
9
8
-2.245906E+01 1.261670E+01 0.000000E+00
-2.193356E+01 1.292188E+01 0.000000E+00
-2.140805E+01 1.322707E+01 0.000000E+00
-2.245906E+01 1.261670E+01 7.425000E-01
-2.193356E+01 1.292188E+01 7.425000E-01
-2.140805E+01 1.322707E+01 7.425000E-01
-2.245906E+01 1.261670E+01 1.485000E+00
-2.193356E+01 1.292188E+01 1.485000E+00
-2.140805E+01 1.322707E+01 1.485000E+00
0 1 4
0 4 3
3 4 6
4 7 6
1 2 4
2 5 4
4 5 8
4 8 7
6765 10 0 
6765 10 0 
6765 10 0 
6820 14 0 
6820 14 0 
6820 14 0 
6820 13 0 
6820 13 0 
6820 13 0 
6769 5 0 
6769 5 0 
6769 5 0 






6766 10 0 
6766 10 0 
6766 10 0 
6821 14 0 
6821 14 0 
6821 14 0 
6821 13 0 
6821 13 0 
6821 13 0 
0 0 0
0 0 0
0 0 0
0 0 0
0 0 0
0 0 0
0 0 0
0 0 0
0 0 0
