0
8156 8158 8159 8160 8161 8162 8163 8164 
13
15
-8.414073E+00 1.848763E+01 1.485000E+00
-7.817842E+00 1.832629E+01 1.485000E+00
-7.913863E+00 1.899691E+01 1.485000E+00
-8.914090E+00 1.809872E+01 1.485000E+00
-8.899878E+00 1.741577E+01 1.485000E+00
-8.361825E+00 1.779789E+01 1.485000E+00
-8.211695E+00 1.701576E+01 1.485000E+00
-7.776351E+00 1.773595E+01 1.485000E+00
-7.422465E+00 1.734345E+01 1.485000E+00
-7.072917E+00 1.816957E+01 1.485000E+00
-7.404872E+00 1.885738E+01 1.485000E+00
-8.422854E+00 1.913643E+01 1.485000E+00
-8.928302E+00 1.878166E+01 1.485000E+00
0 1 2
3 4 5
5 6 7
7 6 8
9 1 7
10 2 1
1 5 7
5 4 6
0 11 12
0 3 5
0 12 3
5 1 0
7 8 9
1 9 10
11 0 2












7565 12 0 
7565 12 0 
7565 12 0 



7565 3 0 
7565 3 0 
7565 3 0 



7953 4 0 
7953 4 0 
7953 4 0 
7960 0 0 
7960 0 0 
7960 0 0 
8149 0 0 
8149 0 0 
8149 0 0 






0 0 0
0 0 0
0 0 0
0 0 0
0 0 0
0 0 0
0 0 0
0 0 0
0 0 0
0 0 0
0 0 0
0 0 0
0 0 0
