0
7141 7143 7144 7145 7146 7147 
12
13
1.962408E+01 1.210687E+01 1.485000E+00
1.929863E+01 1.253700E+01 1.485000E+00
1.894640E+01 1.211898E+01 1.485000E+00
1.988301E+01 1.271254E+01 1.485000E+00
2.053540E+01 1.299394E+01 1.485000E+00
1.993255E+01 1.335361E+01 1.485000E+00
1.928186E+01 1.307005E+01 1.485000E+00
1.932970E+01 1.371329E+01 1.485000E+00
1.861676E+01 1.315360E+01 1.485000E+00
1.878158E+01 1.263629E+01 1.485000E+00
2.030175E+01 1.209476E+01 1.485000E+00
2.041858E+01 1.254435E+01 1.485000E+00
0 1 2
3 4 5
3 5 6
5 7 6
1 3 6
6 8 9
6 7 8
6 9 1
1 9 2
10 11 3
0 3 1
0 10 3
3 11 4
7126 11 0 
7126 11 0 
7126 11 0 



7126 1 0 
7126 1 0 
7126 1 0 



7117 8 0 
7117 8 0 
7117 8 0 









7134 12 0 
7134 12 0 
7134 12 0 
7134 13 0 
7134 13 0 
7134 13 0 
7117 4 0 
7117 4 0 
7117 4 0 
7117 9 0 
7117 9 0 
7117 9 0 
0 0 0
0 0 0
0 0 0
0 0 0
0 0 0
0 0 0
0 0 0
0 0 0
0 0 0
0 0 0
0 0 0
0 0 0
