2
693 694 695 696 697 698 700 
9
8
1.154252E+01 -2.226352E+01 0.000000E+00
1.115601E+01 -2.258035E+01 0.000000E+00
1.076950E+01 -2.289717E+01 0.000000E+00
1.154252E+01 -2.226352E+01 7.425000E-01
1.115601E+01 -2.258035E+01 7.425000E-01
1.076950E+01 -2.289717E+01 7.425000E-01
1.154252E+01 -2.226352E+01 1.485000E+00
1.115601E+01 -2.258035E+01 1.485000E+00
1.076950E+01 -2.289717E+01 1.485000E+00
0 1 4
0 4 3
3 4 6
4 7 6
1 2 4
2 5 4
4 5 8
4 8 7
693 10 0 
693 10 0 
693 10 0 
693 3 0 
693 3 0 
693 3 0 
605 3 0 
605 3 0 
605 3 0 
698 5 0 
698 5 0 
698 5 0 



609 3 0 
609 3 0 
609 3 0 
694 10 0 
694 10 0 
694 10 0 
694 3 0 
694 3 0 
694 3 0 
606 3 0 
606 3 0 
606 3 0 
0 0 0
0 0 0
0 0 0
0 0 0
0 0 0
0 0 0
0 0 0
0 0 0
0 0 0
