2
4863 4864 4865 4866 4867 4868 4869 
6
4
-8.880032E+00 2.776276E-01 0.000000E+00
-9.223986E+00 -5.517950E-01 0.000000E+00
-8.880032E+00 2.776276E-01 7.425000E-01
-9.223986E+00 -5.517950E-01 7.425000E-01
-8.880032E+00 2.776276E-01 1.485000E+00
-9.223986E+00 -5.517950E-01 1.485000E+00
0 1 3
0 3 2
2 3 5
2 5 4
4863 10 0 
4863 10 0 
4863 10 0 
4863 11 0 
4863 11 0 
4863 11 0 
4869 5 0 
4869 5 0 
4869 5 0 
4865 3 0 
4865 3 0 
4865 3 0 
4864 10 0 
4864 10 0 
4864 10 0 
4864 11 0 
4864 11 0 
4864 11 0 
0 0 0
0 0 0
0 0 0
0 0 0
0 0 0
0 0 0
