0
685 687 688 689 690 691 692 
12
13
1.376688E+01 -2.330740E+01 1.485000E+00
1.312584E+01 -2.305734E+01 1.485000E+00
1.325455E+01 -2.379561E+01 1.485000E+00
1.256210E+01 -2.269320E+01 1.485000E+00
1.268767E+01 -2.358028E+01 1.485000E+00
1.420051E+01 -2.236842E+01 1.485000E+00
1.335696E+01 -2.205727E+01 1.485000E+00
1.362733E+01 -2.265283E+01 1.485000E+00
1.382143E+01 -2.401093E+01 1.485000E+00
1.431687E+01 -2.290779E+01 1.485000E+00
1.295953E+01 -2.237523E+01 1.485000E+00
1.443323E+01 -2.344716E+01 1.485000E+00
0 1 2
1 3 4
5 6 7
0 2 8
0 9 7
7 1 0
5 7 9
6 10 7
11 0 8
11 9 0
7 10 1
10 3 1
1 4 2






621 10 0 
621 10 0 
621 10 0 



621 9 0 
621 9 0 
621 9 0 
679 9 0 
679 9 0 
679 9 0 






621 6 0 
621 6 0 
621 6 0 
679 7 0 
679 7 0 
679 7 0 



629 12 0 
629 12 0 
629 12 0 
0 0 0
0 0 0
0 0 0
0 0 0
0 0 0
0 0 0
0 0 0
0 0 0
0 0 0
0 0 0
0 0 0
0 0 0
