2
5543 5544 5545 5546 5547 5548 5550 
6
4
2.259332E-01 4.930036E+00 0.000000E+00
-5.924702E-01 4.511172E+00 0.000000E+00
2.259332E-01 4.930036E+00 7.425000E-01
-5.924702E-01 4.511172E+00 7.425000E-01
2.259332E-01 4.930036E+00 1.485000E+00
-5.924702E-01 4.511172E+00 1.485000E+00
0 1 3
0 3 2
2 3 5
2 5 4
5543 12 0 
5543 12 0 
5543 12 0 
5535 11 0 
5535 11 0 
5535 11 0 
5548 5 0 
5548 5 0 
5548 5 0 
5539 5 0 
5539 5 0 
5539 5 0 
5544 12 0 
5544 12 0 
5544 12 0 
5536 11 0 
5536 11 0 
5536 11 0 
0 0 0
0 0 0
0 0 0
0 0 0
0 0 0
0 0 0
