2
328 329 330 332 333 334 
9
8
1.951098E+01 -2.772563E+01 0.000000E+00
1.975825E+01 -2.730268E+01 0.000000E+00
2.000552E+01 -2.687973E+01 0.000000E+00
1.951098E+01 -2.772563E+01 7.425000E-01
1.975825E+01 -2.730268E+01 7.425000E-01
2.000552E+01 -2.687973E+01 7.425000E-01
1.951098E+01 -2.772563E+01 1.485000E+00
1.975825E+01 -2.730268E+01 1.485000E+00
2.000552E+01 -2.687973E+01 1.485000E+00
0 1 4
0 4 3
3 4 6
4 7 6
1 2 4
2 5 4
4 5 8
4 8 7
245 8 0 
245 8 0 
245 8 0 
254 5 0 
254 5 0 
254 5 0 
254 4 0 
254 4 0 
254 4 0 
250 3 0 
250 3 0 
250 3 0 
261 4 0 
261 4 0 
261 4 0 
260 5 0 
260 5 0 
260 5 0 
246 8 0 
246 8 0 
246 8 0 
255 5 0 
255 5 0 
255 5 0 
255 4 0 
255 4 0 
255 4 0 
0 0 0
0 0 0
0 0 0
0 0 0
0 0 0
0 0 0
0 0 0
0 0 0
0 0 0
