2
2533 2534 2535 2536 2538 2539 2540 2541 
9
8
1.982959E+00 -1.559854E+01 0.000000E+00
2.492550E+00 -1.508841E+01 0.000000E+00
3.002141E+00 -1.457829E+01 0.000000E+00
1.982959E+00 -1.559854E+01 7.425000E-01
2.492550E+00 -1.508841E+01 7.425000E-01
3.002141E+00 -1.457829E+01 7.425000E-01
1.982959E+00 -1.559854E+01 1.485000E+00
2.492550E+00 -1.508841E+01 1.485000E+00
3.002141E+00 -1.457829E+01 1.485000E+00
0 1 4
0 4 3
3 4 6
4 7 6
1 2 4
2 5 4
4 5 8
4 8 7
1974 13 0 
1974 13 0 
1974 13 0 
2527 3 0 
2527 3 0 
2527 3 0 
2517 11 0 
2517 11 0 
2517 11 0 
1979 5 0 
1979 5 0 
1979 5 0 
2532 4 0 
2532 4 0 
2532 4 0 
2519 3 0 
2519 3 0 
2519 3 0 
1975 13 0 
1975 13 0 
1975 13 0 
2528 3 0 
2528 3 0 
2528 3 0 
2518 11 0 
2518 11 0 
2518 11 0 
0 0 0
0 0 0
0 0 0
0 0 0
0 0 0
0 0 0
0 0 0
0 0 0
0 0 0
