2
2412 2413 2415 2416 2417 2418 
9
8
2.339090E+01 -1.161183E+01 0.000000E+00
2.389938E+01 -1.160158E+01 0.000000E+00
2.440786E+01 -1.159132E+01 0.000000E+00
2.339090E+01 -1.161183E+01 7.425000E-01
2.389938E+01 -1.160158E+01 7.425000E-01
2.440786E+01 -1.159132E+01 7.425000E-01
2.339090E+01 -1.161183E+01 1.485000E+00
2.389938E+01 -1.160158E+01 1.485000E+00
2.440786E+01 -1.159132E+01 1.485000E+00
0 1 4
0 4 3
3 4 6
4 7 6
1 2 4
2 5 4
4 5 8
4 8 7
2364 10 0 
2364 10 0 
2364 10 0 
2364 4 0 
2364 4 0 
2364 4 0 
2364 7 0 
2364 7 0 
2364 7 0 
2370 5 0 
2370 5 0 
2370 5 0 
2370 4 0 
2370 4 0 
2370 4 0 
2369 5 0 
2369 5 0 
2369 5 0 
2365 10 0 
2365 10 0 
2365 10 0 
2365 4 0 
2365 4 0 
2365 4 0 
2365 7 0 
2365 7 0 
2365 7 0 
0 0 0
0 0 0
0 0 0
0 0 0
0 0 0
0 0 0
0 0 0
0 0 0
0 0 0
