1
2085 2086 2087 2088 2089 2090 2091 
13
14
2.135479E+01 -1.835125E+01 0.000000E+00
2.082827E+01 -1.887967E+01 0.000000E+00
2.155305E+01 -1.901793E+01 0.000000E+00
2.108688E+01 -1.948071E+01 0.000000E+00
2.042368E+01 -1.992509E+01 0.000000E+00
2.099621E+01 -1.999765E+01 0.000000E+00
2.156874E+01 -2.007021E+01 0.000000E+00
2.027216E+01 -1.936327E+01 0.000000E+00
2.222233E+01 -1.917194E+01 0.000000E+00
2.192772E+01 -1.847683E+01 0.000000E+00
2.189554E+01 -1.962108E+01 0.000000E+00
2.078186E+01 -1.822567E+01 0.000000E+00
2.012064E+01 -1.880144E+01 0.000000E+00
2 1 0
5 4 3
6 5 3
2 3 1
3 4 7
2 9 8
6 3 10
10 3 2
3 7 1
11 0 1
2 0 9
2 8 10
11 1 12
1 7 12












1671 15 0 
1671 15 0 
1671 15 0 
1671 13 0 
1671 13 0 
1671 13 0 
1671 14 0 
1671 14 0 
1671 14 0 
1695 0 0 
1695 0 0 
1695 0 0 









2075 7 0 
2075 7 0 
2075 7 0 
1695 11 0 
1695 11 0 
1695 11 0 
1 1 1
1 1 1
1 1 1
1 1 1
1 1 1
1 1 1
1 1 1
1 1 1
1 1 1
1 1 1
1 1 1
1 1 1
1 1 1
