2
9457 9458 9459 9460 9461 9462 9464 
9
8
-1.973668E+01 2.558745E+01 0.000000E+00
-2.018185E+01 2.524808E+01 0.000000E+00
-2.062701E+01 2.490872E+01 0.000000E+00
-1.973668E+01 2.558745E+01 7.425000E-01
-2.018185E+01 2.524808E+01 7.425000E-01
-2.062701E+01 2.490872E+01 7.425000E-01
-1.973668E+01 2.558745E+01 1.485000E+00
-2.018185E+01 2.524808E+01 1.485000E+00
-2.062701E+01 2.490872E+01 1.485000E+00
0 1 4
0 4 3
3 4 6
4 7 6
1 2 4
2 5 4
4 5 8
4 8 7
9457 12 0 
9457 12 0 
9457 12 0 
9457 9 0 
9457 9 0 
9457 9 0 
9457 10 0 
9457 10 0 
9457 10 0 
9462 3 0 
9462 3 0 
9462 3 0 






9458 12 0 
9458 12 0 
9458 12 0 
9458 9 0 
9458 9 0 
9458 9 0 
9458 10 0 
9458 10 0 
9458 10 0 
0 0 0
0 0 0
0 0 0
0 0 0
0 0 0
0 0 0
0 0 0
0 0 0
0 0 0
