2
9747 9748 9749 9750 9751 9752 9753 
9
8
1.871551E+01 2.723660E+01 0.000000E+00
1.872086E+01 2.674028E+01 0.000000E+00
1.872621E+01 2.624396E+01 0.000000E+00
1.871551E+01 2.723660E+01 7.425000E-01
1.872086E+01 2.674028E+01 7.425000E-01
1.872621E+01 2.624396E+01 7.425000E-01
1.871551E+01 2.723660E+01 1.485000E+00
1.872086E+01 2.674028E+01 1.485000E+00
1.872621E+01 2.624396E+01 1.485000E+00
0 1 4
0 4 3
3 4 6
4 7 6
1 2 4
2 5 4
4 5 8
4 8 7
245 10 0 
245 10 5.675002e+01 
245 10 0 
9739 1 0 
9739 1 0 
9739 1 0 
8776 7 0 
8776 7 0 
8776 7 0 
247 5 0 
247 5 5.675002e+01 
247 5 0 
9743 4 0 
9743 4 0 
9743 4 0 
8781 5 0 
8781 5 0 
8781 5 0 
246 10 0 
246 10 5.675002e+01 
246 10 0 
9740 1 0 
9740 1 0 
9740 1 0 
8777 7 0 
8777 7 0 
8777 7 0 
0 0 0
0 0 0
0 0 0
0 0 0
0 0 0
0 0 0
0 0 0
0 0 0
0 0 0
