2
5912 5913 5914 5915 5917 5918 5919 5920 
6
4
-2.336074E+01 4.077164E+00 0.000000E+00
-2.281724E+01 4.301197E+00 0.000000E+00
-2.336074E+01 4.077164E+00 7.425000E-01
-2.281724E+01 4.301197E+00 7.425000E-01
-2.336074E+01 4.077164E+00 1.485000E+00
-2.281724E+01 4.301197E+00 1.485000E+00
0 1 3
0 3 2
2 3 5
2 5 4
5842 7 0 
5842 7 0 
5842 7 0 
5842 8 0 
5842 8 0 
5842 8 0 
5848 3 0 
5848 3 0 
5848 3 0 
5847 5 0 
5847 5 0 
5847 5 0 
5843 7 0 
5843 7 0 
5843 7 0 
5843 8 0 
5843 8 0 
5843 8 0 
0 0 0
0 0 0
0 0 0
0 0 0
0 0 0
0 0 0
