2
3236 3237 3238 3239 3240 3241 3242 
6
4
1.323694E+01 -9.237703E+00 0.000000E+00
1.323500E+01 -9.903056E+00 0.000000E+00
1.323694E+01 -9.237703E+00 7.425000E-01
1.323500E+01 -9.903056E+00 7.425000E-01
1.323694E+01 -9.237703E+00 1.485000E+00
1.323500E+01 -9.903056E+00 1.485000E+00
0 1 3
0 3 2
2 3 5
2 5 4
3228 3 0 
3228 3 0 
3228 3 0 
3220 1 0 
3220 1 0 
3220 1 0 
3232 3 0 
3232 3 0 
3232 3 0 
3226 5 0 
3226 5 0 
3226 5 0 
3229 3 0 
3229 3 0 
3229 3 0 
3221 1 0 
3221 1 0 
3221 1 0 
0 0 0
0 0 0
0 0 0
0 0 0
0 0 0
0 0 0
