2
8156 8157 8159 8160 8161 8162 8163 8164 
6
4
-8.899878E+00 1.741577E+01 0.000000E+00
-8.211695E+00 1.701576E+01 0.000000E+00
-8.899878E+00 1.741577E+01 7.425000E-01
-8.211695E+00 1.701576E+01 7.425000E-01
-8.899878E+00 1.741577E+01 1.485000E+00
-8.211695E+00 1.701576E+01 1.485000E+00
0 1 3
0 3 2
2 3 5
2 5 4
7564 12 0 
7564 12 0 
7564 12 0 
7564 3 0 
7564 3 0 
7564 3 0 
7570 3 0 
7570 3 0 
7570 3 0 
7569 5 0 
7569 5 0 
7569 5 0 
7565 12 0 
7565 12 0 
7565 12 0 
7565 3 0 
7565 3 0 
7565 3 0 
0 0 0
0 0 0
0 0 0
0 0 0
0 0 0
0 0 0
