2
4474 4475 4477 4478 4479 4480 4481 4482 
9
8
-1.524035E+01 -3.627104E+00 0.000000E+00
-1.483244E+01 -4.092900E+00 0.000000E+00
-1.442452E+01 -4.558696E+00 0.000000E+00
-1.524035E+01 -3.627104E+00 7.425000E-01
-1.483244E+01 -4.092900E+00 7.425000E-01
-1.442452E+01 -4.558696E+00 7.425000E-01
-1.524035E+01 -3.627104E+00 1.485000E+00
-1.483244E+01 -4.092900E+00 1.485000E+00
-1.442452E+01 -4.558696E+00 1.485000E+00
0 1 4
0 4 3
3 4 6
4 7 6
1 2 4
2 5 4
4 5 8
4 8 7
4474 13 0 
4474 13 0 
4474 13 0 
4474 5 0 
4474 5 0 
4474 5 0 
3764 5 0 
3764 5 0 
3764 5 0 






3770 3 0 
3770 3 0 
3770 3 0 
4475 13 0 
4475 13 0 
4475 13 0 
4475 5 0 
4475 5 0 
4475 5 0 
3765 5 0 
3765 5 0 
3765 5 0 
0 0 0
0 0 0
0 0 0
0 0 0
0 0 0
0 0 0
0 0 0
0 0 0
0 0 0
