2
7733 7734 7735 7736 7737 7738 7739 
9
8
2.243750E+01 1.486041E+01 0.000000E+00
2.261821E+01 1.433418E+01 0.000000E+00
2.279891E+01 1.380794E+01 0.000000E+00
2.243750E+01 1.486041E+01 7.425000E-01
2.261821E+01 1.433418E+01 7.425000E-01
2.279891E+01 1.380794E+01 7.425000E-01
2.243750E+01 1.486041E+01 1.485000E+00
2.261821E+01 1.433418E+01 1.485000E+00
2.279891E+01 1.380794E+01 1.485000E+00
0 1 4
0 4 3
3 4 6
4 7 6
1 2 4
2 5 4
4 5 8
4 8 7
7725 8 0 
7725 8 0 
7725 8 0 
7725 5 0 
7725 5 0 
7725 5 0 
7108 1 0 
7108 1 0 
7108 1 0 
7729 5 0 
7729 5 0 
7729 5 0 
7729 4 0 
7729 4 0 
7729 4 0 
7113 3 0 
7113 3 0 
7113 3 0 
7726 8 0 
7726 8 0 
7726 8 0 
7726 5 0 
7726 5 0 
7726 5 0 
7109 1 0 
7109 1 0 
7109 1 0 
0 0 0
0 0 0
0 0 0
0 0 0
0 0 0
0 0 0
0 0 0
0 0 0
0 0 0
