2
6260 6261 6263 6264 6265 6266 6267 
9
8
-1.359966E+01 7.271201E+00 0.000000E+00
-1.297699E+01 7.080570E+00 0.000000E+00
-1.235432E+01 6.889939E+00 0.000000E+00
-1.359966E+01 7.271201E+00 7.425000E-01
-1.297699E+01 7.080570E+00 7.425000E-01
-1.235432E+01 6.889939E+00 7.425000E-01
-1.359966E+01 7.271201E+00 1.485000E+00
-1.297699E+01 7.080570E+00 1.485000E+00
-1.235432E+01 6.889939E+00 1.485000E+00
0 1 4
0 4 3
3 4 6
4 7 6
1 2 4
2 5 4
4 5 8
4 8 7
6045 11 0 
6045 11 0 
6045 11 0 
6045 15 0 
6045 15 0 
6045 15 0 
6037 12 0 
6037 12 0 
6037 12 0 
6050 5 0 
6050 5 0 
6050 5 0 
6050 4 0 
6050 4 0 
6050 4 0 
6043 3 0 
6043 3 0 
6043 3 0 
6046 11 0 
6046 11 0 
6046 11 0 
6046 15 0 
6046 15 0 
6046 15 0 
6038 12 0 
6038 12 0 
6038 12 0 
0 0 0
0 0 0
0 0 0
0 0 0
0 0 0
0 0 0
0 0 0
0 0 0
0 0 0
