2
5528 5529 5530 5531 5532 5534 
9
8
-3.929193E-01 3.347489E+00 0.000000E+00
-7.318977E-01 2.939043E+00 0.000000E+00
-1.070876E+00 2.530597E+00 0.000000E+00
-3.929193E-01 3.347489E+00 7.425000E-01
-7.318977E-01 2.939043E+00 7.425000E-01
-1.070876E+00 2.530597E+00 7.425000E-01
-3.929193E-01 3.347489E+00 1.485000E+00
-7.318977E-01 2.939043E+00 1.485000E+00
-1.070876E+00 2.530597E+00 1.485000E+00
0 1 4
0 4 3
3 4 6
4 7 6
1 2 4
2 5 4
4 5 8
4 8 7
5528 6 0 
5528 6 0 
5528 6 0 
5528 0 0 
5528 0 0 
5528 0 0 
5109 6 0 
5109 6 0 
5109 6 0 
5532 5 0 
5532 5 0 
5532 5 0 



5114 5 0 
5114 5 0 
5114 5 0 
5529 6 0 
5529 6 0 
5529 6 0 
5529 0 0 
5529 0 0 
5529 0 0 
5110 6 0 
5110 6 0 
5110 6 0 
0 0 0
0 0 0
0 0 0
0 0 0
0 0 0
0 0 0
0 0 0
0 0 0
0 0 0
