1
7854 7855 7856 7857 7858 7859 7860 7861 
16
19
1.285385E+01 1.669715E+01 0.000000E+00
1.350967E+01 1.704462E+01 0.000000E+00
1.292443E+01 1.726964E+01 0.000000E+00
1.298121E+01 1.783743E+01 0.000000E+00
1.354939E+01 1.753657E+01 0.000000E+00
1.358912E+01 1.802851E+01 0.000000E+00
1.323253E+01 1.840671E+01 0.000000E+00
1.287595E+01 1.878490E+01 0.000000E+00
1.245385E+01 1.829268E+01 0.000000E+00
1.237034E+01 1.758391E+01 0.000000E+00
1.197620E+01 1.794451E+01 0.000000E+00
1.165018E+01 1.734070E+01 0.000000E+00
1.180774E+01 1.850472E+01 0.000000E+00
1.225201E+01 1.701892E+01 0.000000E+00
1.152192E+01 1.820314E+01 0.000000E+00
1.209356E+01 1.880631E+01 0.000000E+00
2 1 0
5 4 3
8 7 6
11 10 9
12 8 10
8 6 3
13 11 9
2 0 13
13 9 2
9 3 2
8 3 9
3 4 2
14 10 11
10 8 9
14 12 10
15 7 8
12 15 8
6 5 3
1 2 4
7683 10 0 
7683 10 0 
7683 10 0 
7683 12 0 
7683 12 0 
7683 12 0 






7845 11 0 
7845 11 0 
7845 11 0 
7845 4 0 
7845 4 0 
7845 4 0 






























1 1 1
1 1 1
1 1 1
1 1 1
1 1 1
1 1 1
1 1 1
1 1 1
1 1 1
1 1 1
1 1 1
1 1 1
1 1 1
1 1 1
1 1 1
1 1 1
