2
7620 7621 7623 7624 7625 7626 7627 
6
4
8.891820E-01 1.432401E+01 0.000000E+00
1.313455E+00 1.372237E+01 0.000000E+00
8.891820E-01 1.432401E+01 7.425000E-01
1.313455E+00 1.372237E+01 7.425000E-01
8.891820E-01 1.432401E+01 1.485000E+00
1.313455E+00 1.372237E+01 1.485000E+00
0 1 3
0 3 2
2 3 5
2 5 4
7251 14 0 
7251 14 0 
7251 14 0 
7244 2 0 
7244 2 0 
7244 2 0 
7256 3 0 
7256 3 0 
7256 3 0 
7249 5 0 
7249 5 0 
7249 5 0 
7252 14 0 
7252 14 0 
7252 14 0 
7245 2 0 
7245 2 0 
7245 2 0 
0 0 0
0 0 0
0 0 0
0 0 0
0 0 0
0 0 0
