2
581 582 583 585 586 587 588 
6
4
6.511675E+00 -2.446834E+01 0.000000E+00
7.082937E+00 -2.391365E+01 0.000000E+00
6.511675E+00 -2.446834E+01 7.425000E-01
7.082937E+00 -2.391365E+01 7.425000E-01
6.511675E+00 -2.446834E+01 1.485000E+00
7.082937E+00 -2.391365E+01 1.485000E+00
0 1 3
0 3 2
2 3 5
2 5 4
399 14 0 
399 14 0 
399 14 0 
399 12 0 
399 12 0 
399 12 0 
406 3 0 
406 3 0 
406 3 0 
405 3 0 
405 3 0 
405 3 0 
400 14 0 
400 14 0 
400 14 0 
400 12 0 
400 12 0 
400 12 0 
0 0 0
0 0 0
0 0 0
0 0 0
0 0 0
0 0 0
