1
1864 1865 1866 1867 1868 1869 1870 
14
16
-7.809824E+00 -1.899423E+01 0.000000E+00
-8.095248E+00 -1.838337E+01 0.000000E+00
-8.420470E+00 -1.891810E+01 0.000000E+00
-8.774297E+00 -1.826685E+01 0.000000E+00
-9.393506E+00 -1.806807E+01 0.000000E+00
-9.031117E+00 -1.884198E+01 0.000000E+00
-9.055730E+00 -1.763596E+01 0.000000E+00
-8.398053E+00 -1.778905E+01 0.000000E+00
-8.717954E+00 -1.720385E+01 0.000000E+00
-8.051141E+00 -1.729270E+01 0.000000E+00
-7.447216E+00 -1.859560E+01 0.000000E+00
-7.710385E+00 -1.792127E+01 0.000000E+00
-7.084607E+00 -1.819697E+01 0.000000E+00
-7.384329E+00 -1.738156E+01 0.000000E+00
2 1 0
5 4 3
4 6 3
7 3 6
9 7 8
3 1 2
5 3 2
3 7 1
8 7 6
11 10 1
10 0 1
11 1 7
10 11 12
11 7 9
13 11 9
12 11 13
1436 9 0 
1436 9 0 
1436 9 0 



1436 5 0 
1436 5 0 
1436 5 0 



1427 9 0 
1427 9 0 
1427 9 0 
1427 12 0 
1427 12 0 
1427 12 0 












1443 12 0 
1443 12 0 
1443 12 0 



1443 13 0 
1443 13 0 
1443 13 0 
1854 9 0 
1854 9 0 
1854 9 0 
1 1 1
1 1 1
1 1 1
1 1 1
1 1 1
1 1 1
1 1 1
1 1 1
0 0 0
0 0 0
1 1 1
0 0 0
0 0 0
0 0 0
