0
1387 1389 1390 1391 1392 1393 1394 
14
16
-1.749069E+01 -1.665508E+01 1.485000E+00
-1.804651E+01 -1.697507E+01 1.485000E+00
-1.730211E+01 -1.729384E+01 1.485000E+00
-1.813520E+01 -1.577509E+01 1.485000E+00
-1.760653E+01 -1.602006E+01 1.485000E+00
-1.767917E+01 -1.536857E+01 1.485000E+00
-1.705160E+01 -1.623164E+01 1.485000E+00
-1.713467E+01 -1.559246E+01 1.485000E+00
-1.722314E+01 -1.496204E+01 1.485000E+00
-1.679265E+01 -1.509602E+01 1.485000E+00
-1.663554E+01 -1.579055E+01 1.485000E+00
-1.809085E+01 -1.637508E+01 1.485000E+00
-1.689026E+01 -1.688945E+01 1.485000E+00
-1.647842E+01 -1.648507E+01 1.485000E+00
0 1 2
3 4 5
4 6 7
5 7 8
9 7 10
6 10 7
4 7 5
8 7 9
3 11 4
1 0 11
0 6 4
12 0 2
4 11 0
12 6 0
13 10 6
13 6 12



1286 12 0 
1286 12 0 
1286 12 0 
1286 13 0 
1286 13 0 
1286 13 0 
1380 13 0 
1380 13 0 
1380 13 0 





















1380 12 0 
1380 12 0 
1380 12 0 






0 0 0
0 0 0
0 0 0
0 0 0
0 0 0
0 0 0
0 0 0
0 0 0
0 0 0
0 0 0
0 0 0
0 0 0
0 0 0
0 0 0
