1
9262 9263 9264 9265 9266 9267 
12
12
5.691043E+00 2.374153E+01 0.000000E+00
5.679136E+00 2.307131E+01 0.000000E+00
6.281530E+00 2.332134E+01 0.000000E+00
6.883923E+00 2.357136E+01 0.000000E+00
6.175478E+00 2.412725E+01 0.000000E+00
6.883607E+00 2.404660E+01 0.000000E+00
6.289921E+00 2.469769E+01 0.000000E+00
5.696551E+00 2.487353E+01 0.000000E+00
5.340663E+00 2.431382E+01 0.000000E+00
4.984776E+00 2.375410E+01 0.000000E+00
5.331956E+00 2.341271E+01 0.000000E+00
6.883291E+00 2.452184E+01 0.000000E+00
2 1 0
2 4 3
4 5 3
4 7 6
2 0 4
4 0 8
0 10 9
8 7 4
11 5 4
11 4 6
0 9 8
10 0 1



8889 0 0 
8889 0 0 
8889 0 0 
8889 9 0 
8889 9 0 
8889 9 0 
8880 12 0 
8880 12 0 
8880 12 0 



8880 11 0 
8880 11 0 
8880 11 0 



9252 7 0 
9252 7 0 
9252 7 0 
9252 12 0 
9252 12 0 
9252 12 0 
8896 1 0 
8896 1 0 
8896 1 0 
8896 0 0 
8896 0 0 
8896 0 0 
8880 14 0 
8880 14 0 
8880 14 0 
1 1 1
1 1 1
1 1 1
1 1 1
1 1 1
1 1 1
1 1 1
1 1 1
1 1 1
1 1 1
1 1 1
1 1 1
