2
5897 5898 5899 5900 5901 5902 5904 
9
8
-2.538218E+01 5.496839E+00 0.000000E+00
-2.575964E+01 4.968837E+00 0.000000E+00
-2.613711E+01 4.440835E+00 0.000000E+00
-2.538218E+01 5.496839E+00 7.425000E-01
-2.575964E+01 4.968837E+00 7.425000E-01
-2.613711E+01 4.440835E+00 7.425000E-01
-2.538218E+01 5.496839E+00 1.485000E+00
-2.575964E+01 4.968837E+00 1.485000E+00
-2.613711E+01 4.440835E+00 1.485000E+00
0 1 4
0 4 3
3 4 6
4 7 6
1 2 4
2 5 4
4 5 8
4 8 7
5897 1 0 
5897 1 0 
5897 1 0 
5897 3 0 
5897 3 0 
5897 3 0 
5888 7 0 
5888 7 0 
5888 7 0 
5902 3 0 
5902 3 0 
5902 3 0 



5893 3 0 
5893 3 0 
5893 3 0 
5898 1 0 
5898 1 0 
5898 1 0 
5898 3 0 
5898 3 0 
5898 3 0 
5889 7 0 
5889 7 0 
5889 7 0 
0 0 0
0 0 0
0 0 0
0 0 0
0 0 0
0 0 0
0 0 0
0 0 0
0 0 0
