2
5974 5975 5976 5978 5979 5980 5981 
6
4
-1.119227E+01 4.124867E+00 0.000000E+00
-1.061391E+01 4.695334E+00 0.000000E+00
-1.119227E+01 4.124867E+00 7.425000E-01
-1.061391E+01 4.695334E+00 7.425000E-01
-1.119227E+01 4.124867E+00 1.485000E+00
-1.061391E+01 4.695334E+00 1.485000E+00
0 1 3
0 3 2
2 3 5
2 5 4
5784 9 0 
5784 9 0 
5784 9 0 
5784 8 0 
5784 8 0 
5784 8 0 
5790 3 0 
5790 3 0 
5790 3 0 
5789 5 0 
5789 5 0 
5789 5 0 
5785 9 0 
5785 9 0 
5785 9 0 
5785 8 0 
5785 8 0 
5785 8 0 
0 0 0
0 0 0
0 0 0
0 0 0
0 0 0
0 0 0
