2
6088 6089 6091 6092 6093 6094 6095 
9
8
-2.246830E+01 5.260743E+00 0.000000E+00
-2.184349E+01 5.240029E+00 0.000000E+00
-2.121867E+01 5.219315E+00 0.000000E+00
-2.246830E+01 5.260743E+00 7.425000E-01
-2.184349E+01 5.240029E+00 7.425000E-01
-2.121867E+01 5.219315E+00 7.425000E-01
-2.246830E+01 5.260743E+00 1.485000E+00
-2.184349E+01 5.240029E+00 1.485000E+00
-2.121867E+01 5.219315E+00 1.485000E+00
0 1 4
0 4 3
3 4 6
4 7 6
1 2 4
2 5 4
4 5 8
4 8 7
5912 8 0 
5912 8 0 
5912 8 0 
5921 0 0 
5921 0 0 
5921 0 0 
5921 10 0 
5921 10 0 
5921 10 0 
5917 5 0 
5917 5 0 
5917 5 0 
5925 4 0 
5925 4 0 
5925 4 0 
5924 5 0 
5924 5 0 
5924 5 0 
5913 8 0 
5913 8 0 
5913 8 0 
5922 0 0 
5922 0 0 
5922 0 0 
5922 10 0 
5922 10 0 
5922 10 0 
0 0 0
0 0 0
0 0 0
0 0 0
0 0 0
0 0 0
0 0 0
0 0 0
0 0 0
