2
804 805 806 807 808 810 811 
9
8
-9.132310E+00 -2.311055E+01 0.000000E+00
-9.687674E+00 -2.296122E+01 0.000000E+00
-1.024304E+01 -2.281189E+01 0.000000E+00
-9.132310E+00 -2.311055E+01 7.425000E-01
-9.687674E+00 -2.296122E+01 7.425000E-01
-1.024304E+01 -2.281189E+01 7.425000E-01
-9.132310E+00 -2.311055E+01 1.485000E+00
-9.687674E+00 -2.296122E+01 1.485000E+00
-1.024304E+01 -2.281189E+01 1.485000E+00
0 1 4
0 4 3
3 4 6
4 7 6
1 2 4
2 5 4
4 5 8
4 8 7
796 6 0 
796 6 0 
796 6 0 
804 12 0 
804 12 0 
804 12 0 
804 14 0 
804 14 0 
804 14 0 
798 2 0 
798 2 0 
798 2 0 






797 6 0 
797 6 0 
797 6 0 
805 12 0 
805 12 0 
805 12 0 
805 14 0 
805 14 0 
805 14 0 
0 0 0
0 0 0
0 0 0
0 0 0
0 0 0
0 0 0
0 0 0
0 0 0
0 0 0
