1
2675 2676 2677 2678 2679 2680 2681 2682 
14
16
-2.667437E+01 -1.547858E+01 0.000000E+00
-2.695522E+01 -1.470532E+01 0.000000E+00
-2.722801E+01 -1.546894E+01 0.000000E+00
-2.640350E+01 -1.422740E+01 0.000000E+00
-2.697199E+01 -1.388249E+01 0.000000E+00
-2.596608E+01 -1.454833E+01 0.000000E+00
-2.562701E+01 -1.392962E+01 0.000000E+00
-2.578015E+01 -1.510735E+01 0.000000E+00
-2.543957E+01 -1.472647E+01 0.000000E+00
-2.635907E+01 -1.493063E+01 0.000000E+00
-2.612074E+01 -1.548823E+01 0.000000E+00
-2.746312E+01 -1.416918E+01 0.000000E+00
-2.648086E+01 -1.359580E+01 0.000000E+00
-2.762980E+01 -1.496834E+01 0.000000E+00
2 1 0
4 3 1
6 5 3
8 7 5
10 0 9
7 9 5
3 9 1
4 1 11
6 3 12
3 4 12
8 5 6
5 9 3
0 1 9
10 9 7
1 2 13
13 11 1
1333 6 0 
1333 6 0 
1333 6 0 



1333 3 0 
1333 3 0 
1333 3 0 









2666 4 0 
2666 4 0 
2666 4 0 
1340 5 0 
1340 5 0 
1340 5 0 
1340 4 0 
1340 4 0 
1340 4 0 



1333 7 0 
1333 7 0 
1333 7 0 









1 1 1
1 1 1
1 1 1
1 1 1
1 1 1
1 1 1
1 1 1
1 1 1
1 1 1
1 1 1
1 1 1
1 1 1
1 1 1
1 1 1
