6
9622 9623 9624 9625 9626 9627 9629 
6
4
-1.031417E+01 2.870627E+01 0.000000E+00
-1.103717E+01 2.849970E+01 0.000000E+00
-1.031417E+01 2.870627E+01 7.425000E-01
-1.103717E+01 2.849970E+01 7.425000E-01
-1.031417E+01 2.870627E+01 1.485000E+00
-1.103717E+01 2.849970E+01 1.485000E+00
0 1 3
0 3 2
2 3 5
2 5 4
103 13 0 
103 13 5.675002e+01 
103 13 0 
103 6 0 
103 6 5.675002e+01 
103 6 0 
106 3 0 
106 3 5.675002e+01 
106 3 0 
105 3 0 
105 3 5.675002e+01 
105 3 0 
104 13 0 
104 13 5.675002e+01 
104 13 0 
104 6 0 
104 6 5.675002e+01 
104 6 0 
0 0 0
0 0 0
0 0 0
0 0 0
0 0 0
0 0 0
