3
8 9 11 12 13 14 15 
9
8
-2.939391E+01 -2.774946E+01 0.000000E+00
-2.899042E+01 -2.811817E+01 0.000000E+00
-2.858693E+01 -2.848689E+01 0.000000E+00
-2.939391E+01 -2.774946E+01 7.425000E-01
-2.899042E+01 -2.811817E+01 7.425000E-01
-2.858693E+01 -2.848689E+01 7.425000E-01
-2.939391E+01 -2.774946E+01 1.485000E+00
-2.899042E+01 -2.811817E+01 1.485000E+00
-2.858693E+01 -2.848689E+01 1.485000E+00
0 1 4
0 4 3
3 4 6
4 7 6
1 2 4
2 5 4
4 5 8
4 8 7
8 10 0 
8 10 0 
8 10 0 
8 6 0 
8 6 0 
8 6 0 
8 7 0 
8 7 0 
8 7 0 









9 10 0 
9 10 0 
9 10 0 
9 6 0 
9 6 0 
9 6 0 
9 7 0 
9 7 0 
9 7 0 
0 0 0
0 0 0
0 0 0
0 0 0
0 0 0
0 0 0
0 0 0
0 0 0
0 0 0
