1
8126 8127 8128 8129 8130 8131 8132 
13
14
-2.344586E+00 1.799754E+01 0.000000E+00
-2.575560E+00 1.861488E+01 0.000000E+00
-3.080602E+00 1.829150E+01 0.000000E+00
-2.094693E+00 1.885608E+01 0.000000E+00
-1.974784E+00 1.831672E+01 0.000000E+00
-2.489009E+00 1.934249E+01 0.000000E+00
-3.313536E+00 1.956724E+01 0.000000E+00
-3.197069E+00 1.892937E+01 0.000000E+00
-2.729806E+00 2.005335E+01 0.000000E+00
-1.699060E+00 1.915451E+01 0.000000E+00
-2.261472E+00 1.986324E+01 0.000000E+00
-1.604981E+00 1.863590E+01 0.000000E+00
-1.793138E+00 1.967312E+01 0.000000E+00
2 1 0
4 1 3
7 6 5
6 8 5
1 7 5
3 5 9
1 2 7
1 5 3
5 8 10
4 3 11
10 12 5
12 9 5
9 11 3
0 1 4
7975 5 0 
7975 5 0 
7975 5 0 



7975 7 0 
7975 7 0 
7975 7 0 



7983 7 0 
7983 7 0 
7983 7 0 












8117 3 0 
8117 3 0 
8117 3 0 



7983 6 0 
7983 6 0 
7983 6 0 
8117 11 0 
8117 11 0 
8117 11 0 
0 0 0
0 0 0
0 0 0
0 0 0
0 0 0
1 1 1
1 1 1
1 1 1
1 1 1
1 1 1
1 1 1
0 0 0
1 1 1
