1
5327 5328 5329 5330 5331 5332 5333 
14
16
1.735726E+01 2.150454E+00 0.000000E+00
1.746522E+01 1.424816E+00 0.000000E+00
1.808250E+01 1.973149E+00 0.000000E+00
1.738302E+01 3.238788E+00 0.000000E+00
1.693323E+01 3.365762E+00 0.000000E+00
1.703302E+01 2.743785E+00 0.000000E+00
1.783280E+01 3.111814E+00 0.000000E+00
1.750060E+01 2.768625E+00 0.000000E+00
1.671274E+01 2.248902E+00 0.000000E+00
1.610029E+01 2.414162E+00 0.000000E+00
1.633249E+01 1.756510E+00 0.000000E+00
1.689886E+01 1.590663E+00 0.000000E+00
1.795765E+01 2.542482E+00 0.000000E+00
1.651676E+01 2.889962E+00 0.000000E+00
2 1 0
5 4 3
7 3 6
10 9 8
11 8 0
12 2 0
10 8 11
8 5 0
11 0 1
9 13 8
13 4 5
13 5 8
7 12 0
5 3 7
5 7 0
7 6 12



5302 9 0 
5302 9 0 
5302 9 0 
5302 1 0 
5302 1 0 
5302 1 0 


















5318 10 0 
5318 10 0 
5318 10 0 
5311 10 0 
5311 10 0 
5311 10 0 
5311 3 0 
5311 3 0 
5311 3 0 






0 0 0
0 0 0
0 0 0
0 0 0
0 0 0
0 0 0
0 0 0
0 0 0
0 0 0
0 0 0
0 0 0
0 0 0
0 0 0
0 0 0
