2
3504 3505 3506 3508 3509 3510 3511 
6
4
8.042775E-02 -1.036070E+01 0.000000E+00
8.423502E-01 -9.928951E+00 0.000000E+00
8.042775E-02 -1.036070E+01 7.425000E-01
8.423502E-01 -9.928951E+00 7.425000E-01
8.042775E-02 -1.036070E+01 1.485000E+00
8.423502E-01 -9.928951E+00 1.485000E+00
0 1 3
0 3 2
2 3 5
2 5 4
3463 2 0 
3463 2 0 
3463 2 0 
3463 5 0 
3463 5 0 
3463 5 0 
3469 3 0 
3469 3 0 
3469 3 0 
3468 5 0 
3468 5 0 
3468 5 0 
3464 2 0 
3464 2 0 
3464 2 0 
3464 5 0 
3464 5 0 
3464 5 0 
0 0 0
0 0 0
0 0 0
0 0 0
0 0 0
0 0 0
