2
9331 9332 9334 9335 9336 9337 
9
8
2.823605E+00 2.610517E+01 0.000000E+00
3.276397E+00 2.569349E+01 0.000000E+00
3.729190E+00 2.528181E+01 0.000000E+00
2.823605E+00 2.610517E+01 7.425000E-01
3.276397E+00 2.569349E+01 7.425000E-01
3.729190E+00 2.528181E+01 7.425000E-01
2.823605E+00 2.610517E+01 1.485000E+00
3.276397E+00 2.569349E+01 1.485000E+00
3.729190E+00 2.528181E+01 1.485000E+00
0 1 4
0 4 3
3 4 6
4 7 6
1 2 4
2 5 4
4 5 8
4 8 7
9244 8 0 
9244 8 0 
9244 8 0 
9244 7 0 
9244 7 0 
9244 7 0 
9244 0 0 
9244 0 0 
9244 0 0 
9248 5 0 
9248 5 0 
9248 5 0 
9248 4 0 
9248 4 0 
9248 4 0 
9247 3 0 
9247 3 0 
9247 3 0 
9245 8 0 
9245 8 0 
9245 8 0 
9245 7 0 
9245 7 0 
9245 7 0 
9245 0 0 
9245 0 0 
9245 0 0 
0 0 0
0 0 0
0 0 0
0 0 0
0 0 0
0 0 0
0 0 0
0 0 0
0 0 0
