1
6813 6814 6815 6816 6817 6818 6819 
14
16
-2.365808E+01 1.383899E+01 0.000000E+00
-2.414785E+01 1.360807E+01 0.000000E+00
-2.367467E+01 1.319429E+01 0.000000E+00
-2.468496E+01 1.383218E+01 0.000000E+00
-2.398418E+01 1.441929E+01 0.000000E+00
-2.422323E+01 1.287089E+01 0.000000E+00
-2.375264E+01 1.255757E+01 0.000000E+00
-2.324351E+01 1.417967E+01 0.000000E+00
-2.471171E+01 1.311542E+01 0.000000E+00
-2.473847E+01 1.239865E+01 0.000000E+00
-2.309661E+01 1.295553E+01 0.000000E+00
-2.317006E+01 1.356760E+01 0.000000E+00
-2.440867E+01 1.215962E+01 0.000000E+00
-2.408065E+01 1.235859E+01 0.000000E+00
2 1 0
4 1 3
5 1 2
6 5 2
4 7 0
5 9 8
6 2 10
0 1 4
0 11 2
11 0 7
10 2 11
13 12 9
5 6 13
5 8 1
8 3 1
5 13 9









6805 9 0 
6805 9 0 
6805 9 0 






6765 3 0 
6765 3 0 
6765 3 0 



6805 0 0 
6805 0 0 
6805 0 0 
6773 1 0 
6773 1 0 
6773 1 0 
6765 5 0 
6765 5 0 
6765 5 0 



6765 15 0 
6765 15 0 
6765 15 0 
6765 14 0 
6765 14 0 
6765 14 0 
1 1 1
1 1 1
1 1 1
1 1 1
1 1 1
1 1 1
1 1 1
1 1 1
1 1 1
1 1 1
1 1 1
1 1 1
1 1 1
1 1 1
