2
8944 8945 8946 8947 8948 8950 8951 
9
8
-3.177693E+00 2.328615E+01 0.000000E+00
-3.590403E+00 2.364554E+01 0.000000E+00
-4.003114E+00 2.400493E+01 0.000000E+00
-3.177693E+00 2.328615E+01 7.425000E-01
-3.590403E+00 2.364554E+01 7.425000E-01
-4.003114E+00 2.400493E+01 7.425000E-01
-3.177693E+00 2.328615E+01 1.485000E+00
-3.590403E+00 2.364554E+01 1.485000E+00
-4.003114E+00 2.400493E+01 1.485000E+00
0 1 4
0 4 3
3 4 6
4 7 6
1 2 4
2 5 4
4 5 8
4 8 7
8936 9 0 
8936 9 0 
8936 9 0 
8944 5 0 
8944 5 0 
8944 5 0 
8944 3 0 
8944 3 0 
8944 3 0 
8942 3 0 
8942 3 0 
8942 3 0 






8937 9 0 
8937 9 0 
8937 9 0 
8945 5 0 
8945 5 0 
8945 5 0 
8945 3 0 
8945 3 0 
8945 3 0 
0 0 0
0 0 0
0 0 0
0 0 0
0 0 0
0 0 0
0 0 0
0 0 0
0 0 0
