1
8921 8922 8923 8924 8925 8926 8927 8928 
14
16
5.168424E-01 2.251419E+01 0.000000E+00
3.324821E-01 2.177158E+01 0.000000E+00
1.084389E+00 2.229416E+01 0.000000E+00
-5.923231E-02 2.299577E+01 0.000000E+00
8.156761E-02 2.372872E+01 0.000000E+00
-4.104307E-01 2.362098E+01 0.000000E+00
5.441389E-01 2.320606E+01 0.000000E+00
-7.396927E-01 2.293755E+01 0.000000E+00
-5.236673E-01 2.245501E+01 0.000000E+00
8.457954E-03 2.238290E+01 0.000000E+00
-3.076418E-01 2.197247E+01 0.000000E+00
1.128605E+00 2.280054E+01 0.000000E+00
1.172822E+00 2.330691E+01 0.000000E+00
5.735659E-01 2.383647E+01 0.000000E+00
2 1 0
5 4 3
3 4 6
3 8 7
5 3 7
0 3 6
0 9 3
1 9 0
8 9 10
6 11 0
3 9 8
9 1 10
2 0 11
6 12 11
12 6 13
6 4 13



8341 11 0 
8341 11 0 
8341 11 0 
8349 9 0 
8349 9 0 
8349 9 0 





















8341 10 0 
8341 10 0 
8341 10 0 
8913 2 0 
8913 2 0 
8913 2 0 
8913 8 0 
8913 8 0 
8913 8 0 



1 1 1
1 1 1
1 1 1
1 1 1
1 1 1
1 1 1
1 1 1
1 1 1
1 1 1
1 1 1
1 1 1
1 1 1
1 1 1
1 1 1
