0
7244 7246 7247 7248 7249 7250 
11
10
1.212312E+00 1.324549E+01 1.485000E+00
1.921221E+00 1.308346E+01 1.485000E+00
1.313455E+00 1.372237E+01 1.485000E+00
2.695253E+00 1.328162E+01 1.485000E+00
2.414616E+00 1.384303E+01 1.485000E+00
1.111169E+00 1.276861E+01 1.485000E+00
1.647236E+00 1.242288E+01 1.485000E+00
2.579596E+00 1.239868E+01 1.485000E+00
1.864035E+00 1.378270E+01 1.485000E+00
2.183303E+00 1.207715E+01 1.485000E+00
2.975890E+00 1.272021E+01 1.485000E+00
0 1 2
1 3 4
5 6 1
3 1 7
8 2 1
7 1 6
7 6 9
1 4 8
7 10 3
0 5 1









7237 8 0 
7237 8 0 
7237 8 0 
7237 10 0 
7237 10 0 
7237 10 0 
6951 10 0 
6951 10 0 
6951 10 0 
6951 0 0 
6951 0 0 
6951 0 0 
6958 11 0 
6958 11 0 
6958 11 0 



6951 2 0 
6951 2 0 
6951 2 0 
6958 10 0 
6958 10 0 
6958 10 0 
0 0 0
0 0 0
0 0 0
0 0 0
0 0 0
0 0 0
0 0 0
0 0 0
0 0 0
0 0 0
0 0 0
