2
2609 2610 2611 2612 2613 2614 2615 2616 
9
8
-1.568754E+01 -1.453324E+01 0.000000E+00
-1.535132E+01 -1.495538E+01 0.000000E+00
-1.501510E+01 -1.537752E+01 0.000000E+00
-1.568754E+01 -1.453324E+01 7.425000E-01
-1.535132E+01 -1.495538E+01 7.425000E-01
-1.501510E+01 -1.537752E+01 7.425000E-01
-1.568754E+01 -1.453324E+01 1.485000E+00
-1.535132E+01 -1.495538E+01 1.485000E+00
-1.501510E+01 -1.537752E+01 1.485000E+00
0 1 4
0 4 3
3 4 6
4 7 6
1 2 4
2 5 4
4 5 8
4 8 7
2609 6 0 
2609 6 0 
2609 6 0 
2609 0 0 
2609 0 0 
2609 0 0 
1895 11 0 
1895 11 0 
1895 11 0 
2616 3 0 
2616 3 0 
2616 3 0 



1901 5 0 
1901 5 0 
1901 5 0 
2610 6 0 
2610 6 0 
2610 6 0 
2610 0 0 
2610 0 0 
2610 0 0 
1896 11 0 
1896 11 0 
1896 11 0 
0 0 0
0 0 0
0 0 0
0 0 0
0 0 0
0 0 0
0 0 0
0 0 0
0 0 0
