1
9108 9109 9110 9111 9112 9113 9114 
12
12
-2.167916E+01 2.351583E+01 0.000000E+00
-2.184135E+01 2.294424E+01 0.000000E+00
-2.122645E+01 2.337517E+01 0.000000E+00
-2.235947E+01 2.242069E+01 0.000000E+00
-2.160919E+01 2.216526E+01 0.000000E+00
-2.114376E+01 2.267925E+01 0.000000E+00
-2.213186E+01 2.365649E+01 0.000000E+00
-2.290269E+01 2.228346E+01 0.000000E+00
-2.277589E+01 2.171953E+01 0.000000E+00
-2.258067E+01 2.325194E+01 0.000000E+00
-2.302948E+01 2.284740E+01 0.000000E+00
-2.207462E+01 2.165127E+01 0.000000E+00
2 1 0
4 3 1
5 1 2
4 1 5
1 6 0
3 8 7
3 10 9
1 9 6
11 3 4
3 9 1
7 10 3
8 3 11





















9098 8 0 
9098 8 0 
9098 8 0 
9033 12 0 
9033 12 0 
9033 12 0 



9098 14 0 
9098 14 0 
9098 14 0 
9033 5 0 
9033 5 0 
9033 5 0 
1 1 1
1 1 1
1 1 1
1 1 1
1 1 1
1 1 1
1 1 1
1 1 1
1 1 1
1 1 1
1 1 1
1 1 1
