2
5503 5504 5505 5507 5508 5509 5510 
6
4
5.581153E+00 2.569365E+00 0.000000E+00
5.787270E+00 3.470183E+00 0.000000E+00
5.581153E+00 2.569365E+00 7.425000E-01
5.787270E+00 3.470183E+00 7.425000E-01
5.581153E+00 2.569365E+00 1.485000E+00
5.787270E+00 3.470183E+00 1.485000E+00
0 1 3
0 3 2
2 3 5
2 5 4
5142 8 0 
5142 8 0 
5142 8 0 
5496 9 0 
5496 9 0 
5496 9 0 
5146 5 0 
5146 5 0 
5146 5 0 
5501 5 0 
5501 5 0 
5501 5 0 
5143 8 0 
5143 8 0 
5143 8 0 
5497 9 0 
5497 9 0 
5497 9 0 
0 0 0
0 0 0
0 0 0
0 0 0
0 0 0
0 0 0
