2
8516 8517 8518 8519 8521 8522 8523 
9
8
2.344765E+01 1.907984E+01 0.000000E+00
2.379626E+01 1.946915E+01 0.000000E+00
2.414486E+01 1.985845E+01 0.000000E+00
2.344765E+01 1.907984E+01 7.425000E-01
2.379626E+01 1.946915E+01 7.425000E-01
2.414486E+01 1.985845E+01 7.425000E-01
2.344765E+01 1.907984E+01 1.485000E+00
2.379626E+01 1.946915E+01 1.485000E+00
2.414486E+01 1.985845E+01 1.485000E+00
0 1 4
0 4 3
3 4 6
4 7 6
1 2 4
2 5 4
4 5 8
4 8 7
8461 8 0 
8461 8 0 
8461 8 0 
8509 1 0 
8509 1 0 
8509 1 0 
8501 5 0 
8501 5 0 
8501 5 0 
8465 5 0 
8465 5 0 
8465 5 0 
8514 4 0 
8514 4 0 
8514 4 0 
8503 3 0 
8503 3 0 
8503 3 0 
8462 8 0 
8462 8 0 
8462 8 0 
8510 1 0 
8510 1 0 
8510 1 0 
8502 5 0 
8502 5 0 
8502 5 0 
0 0 0
0 0 0
0 0 0
0 0 0
0 0 0
0 0 0
0 0 0
0 0 0
0 0 0
