2
1704 1705 1706 1707 1708 1710 1711 
9
8
1.831096E+01 -1.911016E+01 0.000000E+00
1.792214E+01 -1.873472E+01 0.000000E+00
1.753332E+01 -1.835928E+01 0.000000E+00
1.831096E+01 -1.911016E+01 7.425000E-01
1.792214E+01 -1.873472E+01 7.425000E-01
1.753332E+01 -1.835928E+01 7.425000E-01
1.831096E+01 -1.911016E+01 1.485000E+00
1.792214E+01 -1.873472E+01 1.485000E+00
1.753332E+01 -1.835928E+01 1.485000E+00
0 1 4
0 4 3
3 4 6
4 7 6
1 2 4
2 5 4
4 5 8
4 8 7
1695 10 0 
1695 10 0 
1695 10 0 
1704 3 0 
1704 3 0 
1704 3 0 
1704 4 0 
1704 4 0 
1704 4 0 
1702 5 0 
1702 5 0 
1702 5 0 






1696 10 0 
1696 10 0 
1696 10 0 
1705 3 0 
1705 3 0 
1705 3 0 
1705 4 0 
1705 4 0 
1705 4 0 
0 0 0
0 0 0
0 0 0
0 0 0
0 0 0
0 0 0
0 0 0
0 0 0
0 0 0
