1
1784 1785 1786 1787 1788 1789 1790 
14
16
2.377244E+00 -1.859597E+01 0.000000E+00
2.872515E+00 -1.810219E+01 0.000000E+00
2.306467E+00 -1.805865E+01 0.000000E+00
2.919848E+00 -1.886402E+01 0.000000E+00
2.348024E+00 -1.923566E+01 0.000000E+00
2.871486E+00 -1.957032E+01 0.000000E+00
2.357769E+00 -1.754281E+01 0.000000E+00
2.799527E+00 -1.734118E+01 0.000000E+00
3.548352E+00 -1.789020E+01 0.000000E+00
1.870286E+00 -1.832272E+01 0.000000E+00
1.824562E+00 -1.890100E+01 0.000000E+00
3.499311E+00 -1.857444E+01 0.000000E+00
1.916010E+00 -1.774443E+01 0.000000E+00
3.450271E+00 -1.925869E+01 0.000000E+00
2 1 0
5 4 3
6 1 2
0 1 3
8 1 7
0 10 9
9 2 0
11 1 8
7 1 6
9 12 2
2 12 6
0 4 10
3 11 13
11 3 1
3 4 0
3 13 5















1500 7 0 
1500 7 0 
1500 7 0 






1775 12 0 
1775 12 0 
1775 12 0 






1775 5 0 
1775 5 0 
1775 5 0 



1500 6 0 
1500 6 0 
1500 6 0 
0 0 0
0 0 0
0 0 0
0 0 0
0 0 0
1 1 1
0 0 0
0 0 0
0 0 0
0 0 0
0 0 0
0 0 0
0 0 0
1 1 1
