0
6491 6493 6494 6495 6496 6497 6498 6499 6500 
15
17
2.763166E+01 9.628613E+00 1.485000E+00
2.691622E+01 9.505022E+00 1.485000E+00
2.742518E+01 9.190455E+00 1.485000E+00
2.624788E+01 9.837247E+00 1.485000E+00
2.582385E+01 1.027530E+01 1.485000E+00
2.539515E+01 9.485279E+00 1.485000E+00
2.557902E+01 8.918330E+00 1.485000E+00
2.620079E+01 9.229933E+00 1.485000E+00
2.689400E+01 8.924411E+00 1.485000E+00
2.636282E+01 8.658366E+00 1.485000E+00
2.708297E+01 1.011247E+01 1.485000E+00
2.639378E+01 1.052731E+01 1.485000E+00
2.783815E+01 1.006677E+01 1.485000E+00
2.696372E+01 1.077931E+01 1.485000E+00
2.768055E+01 1.052629E+01 1.485000E+00
0 1 2
3 4 5
6 7 5
7 3 5
8 7 9
1 10 3
11 3 10
7 1 3
9 7 6
8 1 7
12 10 0
13 11 10
1 8 2
10 1 0
14 10 12
10 14 13
4 3 11
6160 2 5.675002e+01 
6160 2 0 
6160 2 0 



6160 0 5.675002e+01 
6160 0 0 
6160 0 0 









6468 11 0 
6468 11 0 
6468 11 0 



6485 5 0 
6485 5 0 
6485 5 0 
6468 10 0 
6468 10 0 
6468 10 0 






6160 9 5.675002e+01 
6160 9 0 
6160 9 0 






0 0 0
0 0 0
0 0 0
0 0 0
0 0 0
0 0 0
0 0 0
0 0 0
0 0 0
0 0 0
0 0 0
0 0 0
0 0 0
0 0 0
0 0 0
