2
5874 5875 5877 5878 5879 5880 5881 
9
8
-2.892419E+01 8.113323E-01 0.000000E+00
-2.825648E+01 6.178180E-01 0.000000E+00
-2.758878E+01 4.243037E-01 0.000000E+00
-2.892419E+01 8.113323E-01 7.425000E-01
-2.825648E+01 6.178180E-01 7.425000E-01
-2.758878E+01 4.243037E-01 7.425000E-01
-2.892419E+01 8.113323E-01 1.485000E+00
-2.825648E+01 6.178180E-01 1.485000E+00
-2.758878E+01 4.243037E-01 1.485000E+00
0 1 4
0 4 3
3 4 6
4 7 6
1 2 4
2 5 4
4 5 8
4 8 7
4973 10 0 
4973 10 0 
4973 10 0 
4973 9 0 
4973 9 0 
4973 9 0 
4973 12 0 
4973 12 0 
4973 12 0 
4978 5 0 
4978 5 0 
4978 5 0 
4978 4 0 
4978 4 0 
4978 4 0 
4977 3 0 
4977 3 0 
4977 3 0 
4974 10 0 
4974 10 0 
4974 10 0 
4974 9 0 
4974 9 0 
4974 9 0 
4974 12 0 
4974 12 0 
4974 12 0 
0 0 0
0 0 0
0 0 0
0 0 0
0 0 0
0 0 0
0 0 0
0 0 0
0 0 0
