0
399 401 402 403 404 405 406 407 
15
17
7.108014E+00 -2.524124E+01 1.485000E+00
6.579224E+00 -2.556280E+01 1.485000E+00
6.960292E+00 -2.590971E+01 1.485000E+00
7.452068E+00 -2.567307E+01 1.485000E+00
7.968238E+00 -2.558761E+01 1.485000E+00
7.669568E+00 -2.506627E+01 1.485000E+00
7.683806E+00 -2.619208E+01 1.485000E+00
7.341361E+00 -2.625661E+01 1.485000E+00
8.252669E+00 -2.498314E+01 1.485000E+00
8.040813E+00 -2.451982E+01 1.485000E+00
7.266580E+00 -2.459273E+01 1.485000E+00
6.545450E+00 -2.501557E+01 1.485000E+00
7.082937E+00 -2.391365E+01 1.485000E+00
7.828957E+00 -2.405649E+01 1.485000E+00
6.511675E+00 -2.446834E+01 1.485000E+00
0 1 2
3 4 5
6 3 7
8 5 4
5 0 3
9 5 8
9 10 5
11 1 0
12 10 13
0 5 10
10 9 13
2 3 0
2 7 3
3 6 4
11 10 14
10 11 0
14 10 12












393 2 0 
393 2 0 
393 2 0 



197 9 0 
197 9 0 
197 9 0 
197 5 0 
197 5 0 
197 5 0 
393 8 0 
393 8 0 
393 8 0 


















0 0 0
0 0 0
0 0 0
0 0 0
0 0 0
0 0 0
0 0 0
0 0 0
0 0 0
0 0 0
0 0 0
0 0 0
0 0 0
0 0 0
0 0 0
