1
837 838 839 840 841 842 843 
13
14
-1.607746E+01 -2.623220E+01 0.000000E+00
-1.551294E+01 -2.689959E+01 0.000000E+00
-1.542154E+01 -2.631920E+01 0.000000E+00
-1.484400E+01 -2.592033E+01 0.000000E+00
-1.544928E+01 -2.522830E+01 0.000000E+00
-1.554598E+01 -2.578906E+01 0.000000E+00
-1.600155E+01 -2.533969E+01 0.000000E+00
-1.655382E+01 -2.545109E+01 0.000000E+00
-1.602082E+01 -2.712537E+01 0.000000E+00
-1.642393E+01 -2.679606E+01 0.000000E+00
-1.500506E+01 -2.667381E+01 0.000000E+00
-1.682703E+01 -2.646675E+01 0.000000E+00
-1.669042E+01 -2.595892E+01 0.000000E+00
2 1 0
5 4 3
7 6 0
0 6 5
9 0 8
6 4 5
0 5 2
5 3 2
0 1 8
2 3 10
1 2 10
9 11 0
11 12 0
12 7 0



87 4 0 
87 4 0 
87 4 0 



829 5 0 
829 5 0 
829 5 0 












62 6 0 
62 6 0 
62 6 0 
62 8 0 
62 8 0 
62 8 0 
87 3 0 
87 3 0 
87 3 0 
62 12 0 
62 12 0 
62 12 0 



1 1 1
1 1 1
1 1 1
1 1 1
1 1 1
1 1 1
1 1 1
1 1 1
1 1 1
1 1 1
1 1 1
1 1 1
1 1 1
