0
2170 2172 2173 2174 2175 2176 2177 
15
16
2.476538E+01 -1.688435E+01 1.485000E+00
2.485408E+01 -1.738058E+01 1.485000E+00
2.564871E+01 -1.700684E+01 1.485000E+00
2.573861E+01 -1.631982E+01 1.485000E+00
2.644859E+01 -1.660032E+01 1.485000E+00
2.638487E+01 -1.603133E+01 1.485000E+00
2.577732E+01 -1.776778E+01 1.485000E+00
2.531570E+01 -1.757418E+01 1.485000E+00
2.651231E+01 -1.716931E+01 1.485000E+00
2.614481E+01 -1.746855E+01 1.485000E+00
2.521111E+01 -1.655370E+01 1.485000E+00
2.467669E+01 -1.638811E+01 1.485000E+00
2.508699E+01 -1.601386E+01 1.485000E+00
2.549730E+01 -1.563961E+01 1.485000E+00
2.594108E+01 -1.583547E+01 1.485000E+00
0 1 2
3 4 5
6 2 7
8 4 2
7 2 1
8 2 9
10 0 2
4 3 2
11 0 10
2 6 9
12 11 10
12 3 13
12 10 3
14 3 5
10 2 3
13 3 14
2164 6 0 
2164 6 0 
2164 6 0 
2131 1 0 
2131 1 0 
2131 1 0 












2131 12 0 
2131 12 0 
2131 12 0 
2131 9 0 
2131 9 0 
2131 9 0 









2164 8 0 
2164 8 0 
2164 8 0 









0 0 0
0 0 0
0 0 0
0 0 0
0 0 0
0 0 0
0 0 0
0 0 0
0 0 0
0 0 0
0 0 0
0 0 0
0 0 0
0 0 0
0 0 0
