2
5070 5071 5072 5073 5075 5076 5077 5078 
9
8
-7.891884E+00 3.458314E-01 0.000000E+00
-7.608710E+00 7.511173E-01 0.000000E+00
-7.325536E+00 1.156403E+00 0.000000E+00
-7.891884E+00 3.458314E-01 7.425000E-01
-7.608710E+00 7.511173E-01 7.425000E-01
-7.325536E+00 1.156403E+00 7.425000E-01
-7.891884E+00 3.458314E-01 1.485000E+00
-7.608710E+00 7.511173E-01 1.485000E+00
-7.325536E+00 1.156403E+00 1.485000E+00
0 1 4
0 4 3
3 4 6
4 7 6
1 2 4
2 5 4
4 5 8
4 8 7
4855 1 0 
4855 1 0 
4855 1 0 
4855 12 0 
4855 12 0 
4855 12 0 
4855 11 0 
4855 11 0 
4855 11 0 
4861 5 0 
4861 5 0 
4861 5 0 
4861 4 0 
4861 4 0 
4861 4 0 
4860 5 0 
4860 5 0 
4860 5 0 
4856 1 0 
4856 1 0 
4856 1 0 
4856 12 0 
4856 12 0 
4856 12 0 
4856 11 0 
4856 11 0 
4856 11 0 
0 0 0
0 0 0
0 0 0
0 0 0
0 0 0
0 0 0
0 0 0
0 0 0
0 0 0
