1
4688 4689 4690 4691 4692 4693 4694 4695 
14
16
-2.873036E+00 -9.360694E-01 0.000000E+00
-3.089781E+00 -1.475972E+00 0.000000E+00
-2.439854E+00 -1.411015E+00 0.000000E+00
-2.623732E+00 -3.648986E-01 0.000000E+00
-2.969615E+00 1.788339E-01 0.000000E+00
-3.389182E+00 -4.368958E-01 0.000000E+00
-2.601859E+00 -1.913400E+00 0.000000E+00
-3.422964E+00 -1.046248E+00 0.000000E+00
-3.809223E+00 -1.549786E+00 0.000000E+00
-3.124072E+00 -2.053313E+00 0.000000E+00
-2.277848E+00 -9.086310E-01 0.000000E+00
-3.717904E+00 2.322422E-01 0.000000E+00
-3.948464E+00 -9.269305E-01 0.000000E+00
-4.087704E+00 -3.040747E-01 0.000000E+00
2 1 0
5 4 3
1 2 6
1 8 7
0 1 7
1 6 9
10 2 0
9 8 1
5 11 4
7 8 12
12 5 7
10 0 3
5 12 13
11 5 13
5 0 7
5 3 0


















4394 0 0 
4394 0 0 
4394 0 0 



4673 8 0 
4673 8 0 
4673 8 0 
4394 13 0 
4394 13 0 
4394 13 0 






4673 7 0 
4673 7 0 
4673 7 0 
4673 2 0 
4673 2 0 
4673 2 0 
0 0 0
0 0 0
0 0 0
0 0 0
0 0 0
0 0 0
0 0 0
0 0 0
0 0 0
0 0 0
0 0 0
0 0 0
0 0 0
0 0 0
