2
3309 3310 3312 3313 3314 3315 3316 
6
4
2.716802E+01 -1.052223E+01 0.000000E+00
2.774589E+01 -1.107287E+01 0.000000E+00
2.716802E+01 -1.052223E+01 7.425000E-01
2.774589E+01 -1.107287E+01 7.425000E-01
2.716802E+01 -1.052223E+01 1.485000E+00
2.774589E+01 -1.107287E+01 1.485000E+00
0 1 3
0 3 2
2 3 5
2 5 4
2396 11 0 
2396 11 0 
2396 11 0 
2396 8 0 
2396 8 0 
2396 8 0 
2401 3 0 
2401 3 0 
2401 3 0 
2400 5 0 
2400 5 0 
2400 5 0 
2397 11 0 
2397 11 0 
2397 11 0 
2397 8 0 
2397 8 0 
2397 8 0 
0 0 0
0 0 0
0 0 0
0 0 0
0 0 0
0 0 0
