2
8045 8046 8048 8049 8050 8051 8052 8053 
6
4
9.357040E+00 1.778805E+01 0.000000E+00
9.768056E+00 1.714094E+01 0.000000E+00
9.357040E+00 1.778805E+01 7.425000E-01
9.768056E+00 1.714094E+01 7.425000E-01
9.357040E+00 1.778805E+01 1.485000E+00
9.768056E+00 1.714094E+01 1.485000E+00
0 1 3
0 3 2
2 3 5
2 5 4
7877 4 0 
7877 4 0 
7877 4 0 
7870 3 0 
7870 3 0 
7870 3 0 
7881 3 0 
7881 3 0 
7881 3 0 
7875 5 0 
7875 5 0 
7875 5 0 
7878 4 0 
7878 4 0 
7878 4 0 
7871 3 0 
7871 3 0 
7871 3 0 
0 0 0
0 0 0
0 0 0
0 0 0
0 0 0
0 0 0
