2
8727 8728 8730 8731 8732 8733 8734 8735 
9
8
2.660830E+01 2.426955E+01 0.000000E+00
2.703587E+01 2.401620E+01 0.000000E+00
2.746344E+01 2.376285E+01 0.000000E+00
2.660830E+01 2.426955E+01 7.425000E-01
2.703587E+01 2.401620E+01 7.425000E-01
2.746344E+01 2.376285E+01 7.425000E-01
2.660830E+01 2.426955E+01 1.485000E+00
2.703587E+01 2.401620E+01 1.485000E+00
2.746344E+01 2.376285E+01 1.485000E+00
0 1 4
0 4 3
3 4 6
4 7 6
1 2 4
2 5 4
4 5 8
4 8 7
8679 11 0 
8679 11 0 
8679 11 0 
8679 8 0 
8679 8 0 
8679 8 0 
8679 7 0 
8679 7 0 
8679 7 0 
8685 5 0 
8685 5 0 
8685 5 0 
8685 4 0 
8685 4 0 
8685 4 0 
8684 5 0 
8684 5 0 
8684 5 0 
8680 11 0 
8680 11 0 
8680 11 0 
8680 8 0 
8680 8 0 
8680 8 0 
8680 7 0 
8680 7 0 
8680 7 0 
0 0 0
0 0 0
0 0 0
0 0 0
0 0 0
0 0 0
0 0 0
0 0 0
0 0 0
