0
3605 3607 3608 3609 3610 3611 3612 
19
24
-1.097372E+01 -8.558876E+00 1.485000E+00
-1.144913E+01 -8.296211E+00 1.485000E+00
-1.153211E+01 -8.806897E+00 1.485000E+00
-1.246836E+01 -8.732295E+00 1.485000E+00
-1.209051E+01 -9.054919E+00 1.485000E+00
-1.194945E+01 -8.515822E+00 1.485000E+00
-1.213756E+01 -7.132626E+00 1.485000E+00
-1.222868E+01 -7.654499E+00 1.485000E+00
-1.177048E+01 -7.483705E+00 1.485000E+00
-1.232325E+01 -8.185841E+00 1.485000E+00
-1.185859E+01 -7.993899E+00 1.485000E+00
-1.129079E+01 -7.292920E+00 1.485000E+00
-1.167932E+01 -6.985311E+00 1.485000E+00
-1.090226E+01 -7.600530E+00 1.485000E+00
-1.140503E+01 -7.804022E+00 1.485000E+00
-1.093799E+01 -8.079703E+00 1.485000E+00
-1.259581E+01 -7.279941E+00 1.485000E+00
-1.272101E+01 -7.844806E+00 1.485000E+00
-1.284621E+01 -8.409672E+00 1.485000E+00
0 1 2
3 4 5
6 7 8
9 3 5
5 2 1
5 1 10
11 12 8
13 14 15
10 1 14
15 1 0
1 15 14
7 6 16
14 13 11
9 7 17
17 18 9
7 16 17
10 7 9
8 12 6
18 3 9
4 2 5
8 10 14
9 5 10
10 8 7
14 11 8
3030 7 0 
3030 7 0 
3030 7 0 



3030 6 0 
3030 6 0 
3030 6 0 
3021 7 0 
3021 7 0 
3021 7 0 
3021 9 0 
3021 9 0 
3021 9 0 
























3598 7 0 
3598 7 0 
3598 7 0 



3598 11 0 
3598 11 0 
3598 11 0 






3021 2 0 
3021 2 0 
3021 2 0 
0 0 0
0 0 0
0 0 0
0 0 0
0 0 0
0 0 0
0 0 0
0 0 0
0 0 0
0 0 0
0 0 0
0 0 0
0 0 0
0 0 0
0 0 0
0 0 0
0 0 0
0 0 0
0 0 0
