2
8695 8696 8697 8698 8699 8700 
9
8
2.210964E+01 2.300192E+01 0.000000E+00
2.241537E+01 2.256348E+01 0.000000E+00
2.272109E+01 2.212505E+01 0.000000E+00
2.210964E+01 2.300192E+01 7.425000E-01
2.241537E+01 2.256348E+01 7.425000E-01
2.272109E+01 2.212505E+01 7.425000E-01
2.210964E+01 2.300192E+01 1.485000E+00
2.241537E+01 2.256348E+01 1.485000E+00
2.272109E+01 2.212505E+01 1.485000E+00
0 1 4
0 4 3
3 4 6
4 7 6
1 2 4
2 5 4
4 5 8
4 8 7
8646 11 0 
8646 11 0 
8646 11 0 
8646 12 0 
8646 12 0 
8646 12 0 
8646 8 0 
8646 8 0 
8646 8 0 
8650 5 0 
8650 5 0 
8650 5 0 
8650 4 0 
8650 4 0 
8650 4 0 
8649 3 0 
8649 3 0 
8649 3 0 
8647 11 0 
8647 11 0 
8647 11 0 
8647 12 0 
8647 12 0 
8647 12 0 
8647 8 0 
8647 8 0 
8647 8 0 
0 0 0
0 0 0
0 0 0
0 0 0
0 0 0
0 0 0
0 0 0
0 0 0
0 0 0
