1
3569 3570 3571 3572 3573 
9
8
-3.462489E+00 -8.625281E+00 0.000000E+00
-3.688281E+00 -8.061843E+00 0.000000E+00
-3.984434E+00 -8.802459E+00 0.000000E+00
-4.966405E+00 -8.502255E+00 0.000000E+00
-4.804894E+00 -9.075974E+00 0.000000E+00
-4.327343E+00 -8.282049E+00 0.000000E+00
-3.236697E+00 -9.188720E+00 0.000000E+00
-3.940040E+00 -9.419206E+00 0.000000E+00
-4.643384E+00 -9.649692E+00 0.000000E+00
2 1 0
5 4 3
7 2 6
4 5 2
4 7 8
4 2 7
2 5 1
2 0 6
3559 11 0 
3559 11 0 
3559 11 0 
3559 14 0 
3559 14 0 
3559 14 0 












3487 13 0 
3487 13 0 
3487 13 0 
3487 12 0 
3487 12 0 
3487 12 0 
3487 11 0 
3487 11 0 
3487 11 0 
0 0 0
0 0 0
0 0 0
0 0 0
0 0 0
0 0 0
0 0 0
0 0 0
0 0 0
