2
4680 4681 4682 4684 4685 4686 
9
8
-3.653290E+00 -3.245420E+00 0.000000E+00
-3.388681E+00 -2.649366E+00 0.000000E+00
-3.124072E+00 -2.053313E+00 0.000000E+00
-3.653290E+00 -3.245420E+00 7.425000E-01
-3.388681E+00 -2.649366E+00 7.425000E-01
-3.124072E+00 -2.053313E+00 7.425000E-01
-3.653290E+00 -3.245420E+00 1.485000E+00
-3.388681E+00 -2.649366E+00 1.485000E+00
-3.124072E+00 -2.053313E+00 1.485000E+00
0 1 4
0 4 3
3 4 6
4 7 6
1 2 4
2 5 4
4 5 8
4 8 7
4394 11 0 
4394 11 0 
4394 11 0 
4394 6 0 
4394 6 0 
4394 6 0 
4394 13 0 
4394 13 0 
4394 13 0 
4396 3 0 
4396 3 0 
4396 3 0 
4402 4 0 
4402 4 0 
4402 4 0 
4401 3 0 
4401 3 0 
4401 3 0 
4395 11 0 
4395 11 0 
4395 11 0 
4395 6 0 
4395 6 0 
4395 6 0 
4395 13 0 
4395 13 0 
4395 13 0 
0 0 0
0 0 0
0 0 0
0 0 0
0 0 0
0 0 0
0 0 0
0 0 0
0 0 0
