2
2650 2651 2652 2653 2654 2655 
9
8
-2.177595E+01 -1.382730E+01 0.000000E+00
-2.205808E+01 -1.434411E+01 0.000000E+00
-2.234021E+01 -1.486092E+01 0.000000E+00
-2.177595E+01 -1.382730E+01 7.425000E-01
-2.205808E+01 -1.434411E+01 7.425000E-01
-2.234021E+01 -1.486092E+01 7.425000E-01
-2.177595E+01 -1.382730E+01 1.485000E+00
-2.205808E+01 -1.434411E+01 1.485000E+00
-2.234021E+01 -1.486092E+01 1.485000E+00
0 1 4
0 4 3
3 4 6
4 7 6
1 2 4
2 5 4
4 5 8
4 8 7
2650 3 0 
2650 3 0 
2650 3 0 
2650 2 0 
2650 2 0 
2650 2 0 
1355 9 0 
1355 9 0 
1355 9 0 
2655 5 0 
2655 5 0 
2655 5 0 



1361 5 0 
1361 5 0 
1361 5 0 
2651 3 0 
2651 3 0 
2651 3 0 
2651 2 0 
2651 2 0 
2651 2 0 
1356 9 0 
1356 9 0 
1356 9 0 
0 0 0
0 0 0
0 0 0
0 0 0
0 0 0
0 0 0
0 0 0
0 0 0
0 0 0
