1
5151 5152 5153 5154 5155 5156 5157 
12
13
8.235044E+00 1.221859E+00 0.000000E+00
7.769762E+00 1.505439E+00 0.000000E+00
7.744586E+00 9.663523E-01 0.000000E+00
7.169812E+00 1.503057E+00 0.000000E+00
6.514562E+00 1.185771E+00 0.000000E+00
7.254128E+00 7.108459E-01 0.000000E+00
6.519750E+00 1.964783E+00 0.000000E+00
6.972899E+00 2.313868E+00 0.000000E+00
7.621012E+00 2.061059E+00 0.000000E+00
7.426048E+00 2.662954E+00 0.000000E+00
8.232312E+00 1.780442E+00 0.000000E+00
8.229580E+00 2.339025E+00 0.000000E+00
2 1 0
2 3 1
5 4 3
4 6 3
7 3 6
9 8 7
8 3 7
1 3 8
10 1 8
3 2 5
0 1 10
11 10 8
9 11 8
4775 8 0 
4775 8 0 
4775 8 0 



4775 5 0 
4775 5 0 
4775 5 0 



4783 5 0 
4783 5 0 
4783 5 0 
4775 9 0 
4775 9 0 
4775 9 0 
5142 10 0 
5142 10 0 
5142 10 0 















0 0 0
0 0 0
0 0 0
0 0 0
0 0 0
0 0 0
0 0 0
0 0 0
0 0 0
0 0 0
0 0 0
0 0 0
