0
7164 7166 7167 7168 7169 7170 7171 7172 
16
19
1.693919E+01 1.388981E+01 1.485000E+00
1.753154E+01 1.345013E+01 1.485000E+00
1.740304E+01 1.393178E+01 1.485000E+00
1.616453E+01 1.359550E+01 1.485000E+00
1.569683E+01 1.411133E+01 1.485000E+00
1.563906E+01 1.346514E+01 1.485000E+00
1.600060E+01 1.304464E+01 1.485000E+00
1.727454E+01 1.441343E+01 1.485000E+00
1.679460E+01 1.454771E+01 1.485000E+00
1.642744E+01 1.403395E+01 1.485000E+00
1.631466E+01 1.468199E+01 1.485000E+00
1.672974E+01 1.334470E+01 1.485000E+00
1.558128E+01 1.281895E+01 1.485000E+00
1.699468E+01 1.275539E+01 1.485000E+00
1.637071E+01 1.269559E+01 1.485000E+00
1.574674E+01 1.263578E+01 1.485000E+00
0 1 2
3 4 5
3 5 6
7 8 0
0 8 9
10 4 9
0 9 11
8 10 9
9 3 11
5 12 6
11 3 6
9 4 3
1 0 11
2 7 0
11 13 1
11 6 14
6 12 15
11 14 13
6 15 14



7134 9 0 
7134 9 0 
7134 9 0 
7157 10 0 
7157 10 0 
7157 10 0 












7157 9 0 
7157 9 0 
7157 9 0 












7021 5 0 
7021 5 0 
7021 5 0 
7031 5 0 
7031 5 0 
7031 5 0 
7031 3 0 
7031 3 0 
7031 3 0 
7021 10 0 
7021 10 0 
7021 10 0 
0 0 0
0 0 0
0 0 0
0 0 0
0 0 0
0 0 0
0 0 0
0 0 0
0 0 0
0 0 0
0 0 0
0 0 0
0 0 0
0 0 0
0 0 0
0 0 0
