2
1942 1943 1945 1946 1947 1948 1949 
6
4
-5.608199E+00 -1.635146E+01 0.000000E+00
-5.053427E+00 -1.699744E+01 0.000000E+00
-5.608199E+00 -1.635146E+01 7.425000E-01
-5.053427E+00 -1.699744E+01 7.425000E-01
-5.608199E+00 -1.635146E+01 1.485000E+00
-5.053427E+00 -1.699744E+01 1.485000E+00
0 1 3
0 3 2
2 3 5
2 5 4
1854 13 0 
1854 13 0 
1854 13 0 
1846 13 0 
1846 13 0 
1846 13 0 
1860 3 0 
1860 3 0 
1860 3 0 
1852 5 0 
1852 5 0 
1852 5 0 
1855 13 0 
1855 13 0 
1855 13 0 
1847 13 0 
1847 13 0 
1847 13 0 
0 0 0
0 0 0
0 0 0
0 0 0
0 0 0
0 0 0
