2
9411 9412 9413 9414 9415 9416 9418 
6
4
-1.211229E+01 2.573824E+01 0.000000E+00
-1.262231E+01 2.517447E+01 0.000000E+00
-1.211229E+01 2.573824E+01 7.425000E-01
-1.262231E+01 2.517447E+01 7.425000E-01
-1.211229E+01 2.573824E+01 1.485000E+00
-1.262231E+01 2.517447E+01 1.485000E+00
0 1 3
0 3 2
2 3 5
2 5 4
9411 11 0 
9411 11 0 
9411 11 0 
9411 10 0 
9411 10 0 
9411 10 0 
9416 5 0 
9416 5 0 
9416 5 0 



9412 11 0 
9412 11 0 
9412 11 0 
9412 10 0 
9412 10 0 
9412 10 0 
0 0 0
0 0 0
0 0 0
0 0 0
0 0 0
0 0 0
