1
5342 5343 5344 5345 5346 5347 5348 
14
16
1.924379E+01 3.823550E+00 0.000000E+00
1.864141E+01 3.644891E+00 0.000000E+00
1.916148E+01 3.241204E+00 0.000000E+00
1.968155E+01 2.837517E+00 0.000000E+00
1.979530E+01 3.458737E+00 0.000000E+00
1.932511E+01 4.369085E+00 0.000000E+00
1.873723E+01 4.630899E+00 0.000000E+00
1.868932E+01 4.137895E+00 0.000000E+00
2.038882E+01 3.129439E+00 0.000000E+00
2.040496E+01 3.692805E+00 0.000000E+00
2.042109E+01 4.256170E+00 0.000000E+00
1.994796E+01 4.587769E+00 0.000000E+00
1.984162E+01 4.034656E+00 0.000000E+00
1.947482E+01 4.919367E+00 0.000000E+00
2 1 0
2 4 3
7 6 5
4 9 8
12 11 10
0 12 4
9 12 10
6 13 5
1 7 0
0 7 5
2 0 4
0 5 12
5 13 11
5 11 12
3 4 8
4 12 9



5334 1 0 
5334 1 0 
5334 1 0 
5334 0 0 
5334 0 0 
5334 0 0 
5293 9 0 
5293 9 0 
5293 9 0 












5293 11 0 
5293 11 0 
5293 11 0 















1 1 1
1 1 1
1 1 1
1 1 1
1 1 1
1 1 1
1 1 1
1 1 1
1 1 1
1 1 1
1 1 1
1 1 1
1 1 1
1 1 1
