2
9346 9347 9348 9349 9350 9352 9353 9354 9355 
9
8
1.746782E+00 2.591336E+01 0.000000E+00
1.507611E+00 2.632674E+01 0.000000E+00
1.268441E+00 2.674012E+01 0.000000E+00
1.746782E+00 2.591336E+01 7.425000E-01
1.507611E+00 2.632674E+01 7.425000E-01
1.268441E+00 2.674012E+01 7.425000E-01
1.746782E+00 2.591336E+01 1.485000E+00
1.507611E+00 2.632674E+01 1.485000E+00
1.268441E+00 2.674012E+01 1.485000E+00
0 1 4
0 4 3
3 4 6
4 7 6
1 2 4
2 5 4
4 5 8
4 8 7
9244 10 0 
9244 10 0 
9244 10 0 
9338 0 0 
9338 0 0 
9338 0 0 
9338 6 0 
9338 6 0 
9338 6 0 
9249 5 0 
9249 5 0 
9249 5 0 
9340 4 0 
9340 4 0 
9340 4 0 
9340 3 0 
9340 3 0 
9340 3 0 
9245 10 0 
9245 10 0 
9245 10 0 
9339 0 0 
9339 0 0 
9339 0 0 
9339 6 0 
9339 6 0 
9339 6 0 
0 0 0
0 0 0
0 0 0
0 0 0
0 0 0
0 0 0
0 0 0
0 0 0
0 0 0
