0
6053 6055 6056 6057 6058 6059 6060 6061 
17
20
-1.580063E+01 5.072365E+00 1.485000E+00
-1.517841E+01 4.900786E+00 1.485000E+00
-1.520611E+01 5.623176E+00 1.485000E+00
-1.469484E+01 6.189195E+00 1.485000E+00
-1.446851E+01 5.734292E+00 1.485000E+00
-1.407590E+01 6.174151E+00 1.485000E+00
-1.597584E+01 5.571052E+00 1.485000E+00
-1.615106E+01 6.069739E+00 1.485000E+00
-1.564028E+01 5.988009E+00 1.485000E+00
-1.408401E+01 5.394673E+00 1.485000E+00
-1.389748E+01 5.738659E+00 1.485000E+00
-1.463121E+01 5.147729E+00 1.485000E+00
-1.425432E+01 6.609642E+00 1.485000E+00
-1.523768E+01 6.316922E+00 1.485000E+00
-1.483580E+01 6.744829E+00 1.485000E+00
-1.541728E+01 6.880015E+00 1.485000E+00
-1.578417E+01 6.474877E+00 1.485000E+00
0 1 2
3 4 5
6 0 2
7 6 8
9 10 4
11 2 1
4 10 5
12 3 5
2 11 4
2 4 3
11 9 4
2 3 13
13 14 15
13 3 14
14 3 12
8 13 16
13 15 16
8 2 13
7 8 16
6 2 8
5945 13 0 
5945 13 0 
5945 13 0 
5953 10 0 
5953 10 0 
5953 10 0 









6046 2 0 
6046 2 0 
6046 2 0 
5945 12 0 
5945 12 0 
5945 12 0 
5945 10 0 
5945 10 0 
5945 10 0 



5961 8 0 
5961 8 0 
5961 8 0 
5967 5 0 
5967 5 0 
5967 5 0 
5961 5 0 
5961 5 0 
5961 5 0 
6046 1 0 
6046 1 0 
6046 1 0 












0 0 0
0 0 0
0 0 0
0 0 0
0 0 0
0 0 0
0 0 0
0 0 0
0 0 0
0 0 0
0 0 0
0 0 0
0 0 0
0 0 0
0 0 0
0 0 0
0 0 0
