2
8563 8564 8566 8567 8568 8569 8570 8571 
9
8
1.304459E+01 2.071505E+01 0.000000E+00
1.327781E+01 2.030662E+01 0.000000E+00
1.351103E+01 1.989818E+01 0.000000E+00
1.304459E+01 2.071505E+01 7.425000E-01
1.327781E+01 2.030662E+01 7.425000E-01
1.351103E+01 1.989818E+01 7.425000E-01
1.304459E+01 2.071505E+01 1.485000E+00
1.327781E+01 2.030662E+01 1.485000E+00
1.351103E+01 1.989818E+01 1.485000E+00
0 1 4
0 4 3
3 4 6
4 7 6
1 2 4
2 5 4
4 5 8
4 8 7
8406 2 0 
8406 2 0 
8406 2 0 
8406 1 0 
8406 1 0 
8406 1 0 
8406 9 0 
8406 9 0 
8406 9 0 
8410 5 0 
8410 5 0 
8410 5 0 
8410 4 0 
8410 4 0 
8410 4 0 
8409 5 0 
8409 5 0 
8409 5 0 
8407 2 0 
8407 2 0 
8407 2 0 
8407 1 0 
8407 1 0 
8407 1 0 
8407 9 0 
8407 9 0 
8407 9 0 
0 0 0
0 0 0
0 0 0
0 0 0
0 0 0
0 0 0
0 0 0
0 0 0
0 0 0
