2
4490 4491 4492 4493 4494 4496 4497 
9
8
-1.514463E+01 -2.756446E+00 0.000000E+00
-1.558442E+01 -2.478119E+00 0.000000E+00
-1.602421E+01 -2.199793E+00 0.000000E+00
-1.514463E+01 -2.756446E+00 7.425000E-01
-1.558442E+01 -2.478119E+00 7.425000E-01
-1.602421E+01 -2.199793E+00 7.425000E-01
-1.514463E+01 -2.756446E+00 1.485000E+00
-1.558442E+01 -2.478119E+00 1.485000E+00
-1.602421E+01 -2.199793E+00 1.485000E+00
0 1 4
0 4 3
3 4 6
4 7 6
1 2 4
2 5 4
4 5 8
4 8 7
4474 9 0 
4474 9 0 
4474 9 0 
4490 6 0 
4490 6 0 
4490 6 0 
4490 10 0 
4490 10 0 
4490 10 0 
4481 3 0 
4481 3 0 
4481 3 0 






4475 9 0 
4475 9 0 
4475 9 0 
4491 6 0 
4491 6 0 
4491 6 0 
4491 10 0 
4491 10 0 
4491 10 0 
0 0 0
0 0 0
0 0 0
0 0 0
0 0 0
0 0 0
0 0 0
0 0 0
0 0 0
