1
8846 8847 8848 8849 8850 8851 8852 8853 
15
18
1.451171E+01 2.634076E+01 0.000000E+00
1.510689E+01 2.646987E+01 0.000000E+00
1.454556E+01 2.686546E+01 0.000000E+00
1.516101E+01 2.721447E+01 0.000000E+00
1.573646E+01 2.683211E+01 0.000000E+00
1.557265E+01 2.618383E+01 0.000000E+00
1.518194E+01 2.569576E+01 0.000000E+00
1.577646E+01 2.756348E+01 0.000000E+00
1.624199E+01 2.733446E+01 0.000000E+00
1.631709E+01 2.671954E+01 0.000000E+00
1.670753E+01 2.710543E+01 0.000000E+00
1.682995E+01 2.626683E+01 0.000000E+00
1.609863E+01 2.622384E+01 0.000000E+00
1.627785E+01 2.568327E+01 0.000000E+00
1.572990E+01 2.568952E+01 0.000000E+00
2 1 0
3 1 2
5 1 4
6 1 5
7 4 3
4 7 8
4 1 3
4 8 9
9 8 10
9 10 11
9 11 12
13 12 11
0 1 6
9 12 4
12 13 14
6 5 14
14 5 12
5 4 12
8822 7 0 
8822 7 0 
8822 7 0 



229 13 0 
229 13 5.675002e+01 
229 13 0 
229 4 0 
229 4 5.675002e+01 
229 4 0 






8822 9 0 
8822 9 0 
8822 9 0 
229 5 0 
229 5 5.675002e+01 
229 5 0 
237 0 0 
237 0 5.675002e+01 
237 0 0 



237 1 0 
237 1 5.675002e+01 
237 1 0 
8837 3 0 
8837 3 0 
8837 3 0 



8829 9 0 
8829 9 0 
8829 9 0 
8829 8 0 
8829 8 0 
8829 8 0 
1 1 1
1 1 1
1 1 1
1 1 1
1 1 1
1 1 1
1 1 1
1 1 1
1 1 1
1 1 1
1 1 1
1 1 1
1 1 1
1 1 1
1 1 1
