1
5656 5657 5658 5659 5660 
9
8
1.347907E+01 4.179185E+00 0.000000E+00
1.393747E+01 4.650534E+00 0.000000E+00
1.304045E+01 4.646205E+00 0.000000E+00
1.359180E+01 5.197468E+00 0.000000E+00
1.306419E+01 5.541477E+00 0.000000E+00
1.352656E+01 5.969729E+00 0.000000E+00
1.260183E+01 5.113225E+00 0.000000E+00
1.396122E+01 5.545806E+00 0.000000E+00
1.439587E+01 5.121884E+00 0.000000E+00
2 1 0
2 3 1
4 3 2
5 3 4
2 6 4
7 3 5
8 3 7
1 3 8
5606 11 0 
5606 11 0 
5606 11 0 
5615 7 0 
5615 7 0 
5615 7 0 
5606 10 0 
5606 10 0 
5606 10 0 






5646 9 0 
5646 9 0 
5646 9 0 
5606 1 0 
5606 1 0 
5606 1 0 
5646 3 0 
5646 3 0 
5646 3 0 
5615 6 0 
5615 6 0 
5615 6 0 
0 0 0
0 0 0
0 0 0
0 0 0
0 0 0
0 0 0
0 0 0
0 0 0
0 0 0
