1
3799 3800 3801 3802 3803 3804 3805 3806 
16
19
-6.659856E+00 -6.883365E+00 0.000000E+00
-7.021631E+00 -7.424333E+00 0.000000E+00
-6.263838E+00 -7.343964E+00 0.000000E+00
-6.498954E+00 -7.799953E+00 0.000000E+00
-5.833691E+00 -7.964557E+00 0.000000E+00
-7.775993E+00 -7.406153E+00 0.000000E+00
-7.342908E+00 -6.894849E+00 0.000000E+00
-6.320006E+00 -6.356342E+00 0.000000E+00
-6.996710E+00 -6.367393E+00 0.000000E+00
-7.553849E+00 -7.875395E+00 0.000000E+00
-7.002368E+00 -8.081486E+00 0.000000E+00
-7.998137E+00 -6.936911E+00 0.000000E+00
-7.673413E+00 -6.378443E+00 0.000000E+00
-6.001128E+00 -6.743126E+00 0.000000E+00
-6.450888E+00 -8.287578E+00 0.000000E+00
-5.682250E+00 -7.129910E+00 0.000000E+00
2 1 0
2 4 3
6 1 5
1 2 3
0 8 7
1 10 9
9 5 1
11 6 5
1 6 0
6 11 12
12 8 6
2 0 13
0 6 8
7 13 0
3 10 1
3 14 10
3 4 14
13 15 2
15 4 2












3574 5 0 
3574 5 0 
3574 5 0 
3590 7 0 
3590 7 0 
3590 7 0 









3583 8 0 
3583 8 0 
3583 8 0 
3583 2 0 
3583 2 0 
3583 2 0 
3590 11 0 
3590 11 0 
3590 11 0 
3788 8 0 
3788 8 0 
3788 8 0 



3574 3 0 
3574 3 0 
3574 3 0 



0 0 0
0 0 0
0 0 0
0 0 0
0 0 0
0 0 0
0 0 0
0 0 0
0 0 0
0 0 0
0 0 0
0 0 0
0 0 0
0 0 0
0 0 0
0 0 0
