2
4081 4082 4083 4084 4086 4087 4088 
9
8
1.428057E+01 -5.844863E+00 0.000000E+00
1.414954E+01 -5.385139E+00 0.000000E+00
1.401850E+01 -4.925415E+00 0.000000E+00
1.428057E+01 -5.844863E+00 7.425000E-01
1.414954E+01 -5.385139E+00 7.425000E-01
1.401850E+01 -4.925415E+00 7.425000E-01
1.428057E+01 -5.844863E+00 1.485000E+00
1.414954E+01 -5.385139E+00 1.485000E+00
1.401850E+01 -4.925415E+00 1.485000E+00
0 1 4
0 4 3
3 4 6
4 7 6
1 2 4
2 5 4
4 5 8
4 8 7
3937 1 0 
3937 1 0 
3937 1 0 
4073 5 0 
4073 5 0 
4073 5 0 
4073 8 0 
4073 8 0 
4073 8 0 
3942 5 0 
3942 5 0 
3942 5 0 
4080 4 0 
4080 4 0 
4080 4 0 
4079 5 0 
4079 5 0 
4079 5 0 
3938 1 0 
3938 1 0 
3938 1 0 
4074 5 0 
4074 5 0 
4074 5 0 
4074 8 0 
4074 8 0 
4074 8 0 
0 0 0
0 0 0
0 0 0
0 0 0
0 0 0
0 0 0
0 0 0
0 0 0
0 0 0
