2
7212 7213 7214 7215 7216 7217 7218 
9
8
7.301328E+00 1.342219E+01 0.000000E+00
6.974983E+00 1.294050E+01 0.000000E+00
6.648638E+00 1.245882E+01 0.000000E+00
7.301328E+00 1.342219E+01 7.425000E-01
6.974983E+00 1.294050E+01 7.425000E-01
6.648638E+00 1.245882E+01 7.425000E-01
7.301328E+00 1.342219E+01 1.485000E+00
6.974983E+00 1.294050E+01 1.485000E+00
6.648638E+00 1.245882E+01 1.485000E+00
0 1 4
0 4 3
3 4 6
4 7 6
1 2 4
2 5 4
4 5 8
4 8 7
7212 8 0 
7212 8 0 
7212 8 0 
7212 1 0 
7212 1 0 
7212 1 0 
6973 11 0 
6973 11 0 
6973 11 0 
7218 3 0 
7218 3 0 
7218 3 0 



6977 3 0 
6977 3 0 
6977 3 0 
7213 8 0 
7213 8 0 
7213 8 0 
7213 1 0 
7213 1 0 
7213 1 0 
6974 11 0 
6974 11 0 
6974 11 0 
0 0 0
0 0 0
0 0 0
0 0 0
0 0 0
0 0 0
0 0 0
0 0 0
0 0 0
