2
5990 5991 5993 5994 5995 5996 5997 5998 
6
4
-9.515178E+00 4.475323E+00 0.000000E+00
-9.251112E+00 3.712927E+00 0.000000E+00
-9.515178E+00 4.475323E+00 7.425000E-01
-9.251112E+00 3.712927E+00 7.425000E-01
-9.515178E+00 4.475323E+00 1.485000E+00
-9.251112E+00 3.712927E+00 1.485000E+00
0 1 3
0 3 2
2 3 5
2 5 4
5784 7 0 
5784 7 0 
5784 7 0 
5777 11 0 
5777 11 0 
5777 11 0 
5788 3 0 
5788 3 0 
5788 3 0 
5782 5 0 
5782 5 0 
5782 5 0 
5785 7 0 
5785 7 0 
5785 7 0 
5778 11 0 
5778 11 0 
5778 11 0 
0 0 0
0 0 0
0 0 0
0 0 0
0 0 0
0 0 0
