3
1189 1190 1191 1192 1193 1194 
9
8
-2.943867E+01 -1.900364E+01 0.000000E+00
-2.915986E+01 -1.941653E+01 0.000000E+00
-2.888106E+01 -1.982943E+01 0.000000E+00
-2.943867E+01 -1.900364E+01 7.425000E-01
-2.915986E+01 -1.941653E+01 7.425000E-01
-2.888106E+01 -1.982943E+01 7.425000E-01
-2.943867E+01 -1.900364E+01 1.485000E+00
-2.915986E+01 -1.941653E+01 1.485000E+00
-2.888106E+01 -1.982943E+01 1.485000E+00
0 1 4
0 4 3
3 4 6
4 7 6
1 2 4
2 5 4
4 5 8
4 8 7
1189 3 0 
1189 3 0 
1189 3 0 
1189 4 0 
1189 4 0 
1189 4 0 
1181 13 0 
1181 13 0 
1181 13 0 
1194 5 0 
1194 5 0 
1194 5 0 



1187 5 0 
1187 5 0 
1187 5 0 
1190 3 0 
1190 3 0 
1190 3 0 
1190 4 0 
1190 4 0 
1190 4 0 
1182 13 0 
1182 13 0 
1182 13 0 
0 0 0
0 0 0
0 0 0
0 0 0
0 0 0
0 0 0
0 0 0
0 0 0
0 0 0
