0
6517 6519 6520 6521 6522 6523 6524 
19
24
2.076381E+01 9.063199E+00 1.485000E+00
2.083681E+01 8.571775E+00 1.485000E+00
2.122416E+01 8.894640E+00 1.485000E+00
2.159922E+01 9.268705E+00 1.485000E+00
2.170583E+01 8.700280E+00 1.485000E+00
2.143440E+01 7.822504E+00 1.485000E+00
2.181244E+01 8.131856E+00 1.485000E+00
2.130965E+01 8.370866E+00 1.485000E+00
2.036954E+01 8.789466E+00 1.485000E+00
2.040781E+01 8.299706E+00 1.485000E+00
2.091747E+01 8.064464E+00 1.485000E+00
2.027954E+01 9.297947E+00 1.485000E+00
2.066560E+01 9.582257E+00 1.485000E+00
2.113241E+01 9.425481E+00 1.485000E+00
1.989348E+01 9.013638E+00 1.485000E+00
1.989915E+01 8.540667E+00 1.485000E+00
1.990483E+01 8.067696E+00 1.485000E+00
2.048059E+01 7.790424E+00 1.485000E+00
2.105636E+01 7.513151E+00 1.485000E+00
0 1 2
3 2 4
5 6 7
8 9 1
1 9 10
11 0 12
13 0 2
11 14 8
9 8 15
9 15 16
11 8 0
14 15 8
7 1 10
0 8 1
9 17 10
9 16 17
10 18 5
10 17 18
4 2 7
1 7 2
10 5 7
4 7 6
3 13 2
12 0 13









6510 11 0 
6510 11 0 
6510 11 0 
6510 1 0 
6510 1 0 
6510 1 0 
6452 2 0 
6452 2 0 
6452 2 0 
6452 9 0 
6452 9 0 
6452 9 0 



























6443 5 0 
6443 5 0 
6443 5 0 
6443 0 0 
6443 0 0 
6443 0 0 
6443 2 0 
6443 2 0 
6443 2 0 
0 0 0
0 0 0
0 0 0
0 0 0
0 0 0
0 0 0
0 0 0
0 0 0
0 0 0
0 0 0
0 0 0
0 0 0
0 0 0
0 0 0
0 0 0
0 0 0
0 0 0
0 0 0
0 0 0
