2
788 789 790 791 792 794 795 
9
8
-5.635455E+00 -2.190664E+01 0.000000E+00
-6.046520E+00 -2.166529E+01 0.000000E+00
-6.457585E+00 -2.142394E+01 0.000000E+00
-5.635455E+00 -2.190664E+01 7.425000E-01
-6.046520E+00 -2.166529E+01 7.425000E-01
-6.457585E+00 -2.142394E+01 7.425000E-01
-5.635455E+00 -2.190664E+01 1.485000E+00
-6.046520E+00 -2.166529E+01 1.485000E+00
-6.457585E+00 -2.142394E+01 1.485000E+00
0 1 4
0 4 3
3 4 6
4 7 6
1 2 4
2 5 4
4 5 8
4 8 7
781 7 0 
781 7 0 
781 7 0 
788 14 0 
788 14 0 
788 14 0 
788 13 0 
788 13 0 
788 13 0 
786 3 0 
786 3 0 
786 3 0 






782 7 0 
782 7 0 
782 7 0 
789 14 0 
789 14 0 
789 14 0 
789 13 0 
789 13 0 
789 13 0 
0 0 0
0 0 0
0 0 0
0 0 0
0 0 0
0 0 0
0 0 0
0 0 0
0 0 0
