1
2244 2245 2246 2247 2248 2249 2250 
13
14
1.868975E+01 -1.676995E+01 0.000000E+00
1.898580E+01 -1.623281E+01 0.000000E+00
1.815671E+01 -1.631110E+01 0.000000E+00
1.897331E+01 -1.735448E+01 0.000000E+00
1.931187E+01 -1.678098E+01 0.000000E+00
1.865973E+01 -1.568463E+01 0.000000E+00
1.765825E+01 -1.691548E+01 0.000000E+00
1.817385E+01 -1.688948E+01 0.000000E+00
1.795879E+01 -1.734410E+01 0.000000E+00
1.846605E+01 -1.734929E+01 0.000000E+00
1.757272E+01 -1.606815E+01 0.000000E+00
1.735772E+01 -1.648685E+01 0.000000E+00
1.778773E+01 -1.564945E+01 0.000000E+00
2 1 0
4 3 0
5 1 2
7 6 2
8 6 7
3 9 0
9 8 7
11 10 2
10 12 2
6 11 2
7 2 0
2 12 5
7 0 9
0 1 4



2236 7 0 
2236 7 0 
2236 7 0 



2068 8 0 
2068 8 0 
2068 8 0 
2075 0 0 
2075 0 0 
2075 0 0 
2236 6 0 
2236 6 0 
2236 6 0 
2060 10 0 
2060 10 0 
2060 10 0 



2060 4 0 
2060 4 0 
2060 4 0 
2068 1 0 
2068 1 0 
2068 1 0 



2060 5 0 
2060 5 0 
2060 5 0 



1 1 1
1 1 1
1 1 1
1 1 1
1 1 1
1 1 1
1 1 1
1 1 1
1 1 1
1 1 1
1 1 1
1 1 1
1 1 1
