2
4588 4589 4590 4591 4592 4594 
6
4
-1.949477E+01 -1.525698E+00 0.000000E+00
-2.036855E+01 -1.745971E+00 0.000000E+00
-1.949477E+01 -1.525698E+00 7.425000E-01
-2.036855E+01 -1.745971E+00 7.425000E-01
-1.949477E+01 -1.525698E+00 1.485000E+00
-2.036855E+01 -1.745971E+00 1.485000E+00
0 1 3
0 3 2
2 3 5
2 5 4
4588 4 0 
4588 4 0 
4588 4 0 
4579 1 0 
4579 1 0 
4579 1 0 
4592 5 0 
4592 5 0 
4592 5 0 
4583 5 0 
4583 5 0 
4583 5 0 
4589 4 0 
4589 4 0 
4589 4 0 
4580 1 0 
4580 1 0 
4580 1 0 
0 0 0
0 0 0
0 0 0
0 0 0
0 0 0
0 0 0
