2
3276 3277 3278 3279 3280 3282 3283 
6
4
2.213316E+01 -1.018783E+01 0.000000E+00
2.178909E+01 -9.485198E+00 0.000000E+00
2.213316E+01 -1.018783E+01 7.425000E-01
2.178909E+01 -9.485198E+00 7.425000E-01
2.213316E+01 -1.018783E+01 1.485000E+00
2.178909E+01 -9.485198E+00 1.485000E+00
0 1 3
0 3 2
2 3 5
2 5 4
2419 8 0 
2419 8 0 
2419 8 0 
3276 11 0 
3276 11 0 
3276 11 0 
2424 3 0 
2424 3 0 
2424 3 0 



2420 8 0 
2420 8 0 
2420 8 0 
3277 11 0 
3277 11 0 
3277 11 0 
0 0 0
0 0 0
0 0 0
0 0 0
0 0 0
0 0 0
