2
7077 7078 7079 7080 7081 7082 
9
8
2.505319E+01 1.118699E+01 0.000000E+00
2.543852E+01 1.073114E+01 0.000000E+00
2.582385E+01 1.027530E+01 0.000000E+00
2.505319E+01 1.118699E+01 7.425000E-01
2.543852E+01 1.073114E+01 7.425000E-01
2.582385E+01 1.027530E+01 7.425000E-01
2.505319E+01 1.118699E+01 1.485000E+00
2.543852E+01 1.073114E+01 1.485000E+00
2.582385E+01 1.027530E+01 1.485000E+00
0 1 4
0 4 3
3 4 6
4 7 6
1 2 4
2 5 4
4 5 8
4 8 7
7070 6 0 
7070 6 0 
7070 6 0 
7070 9 0 
7070 9 0 
7070 9 0 
6491 4 0 
6491 4 0 
6491 4 0 
7074 5 0 
7074 5 0 
7074 5 0 
7074 4 0 
7074 4 0 
7074 4 0 
6499 5 0 
6499 5 0 
6499 5 0 
7071 6 0 
7071 6 0 
7071 6 0 
7071 9 0 
7071 9 0 
7071 9 0 
6492 4 0 
6492 4 0 
6492 4 0 
0 0 0
0 0 0
0 0 0
0 0 0
0 0 0
0 0 0
0 0 0
0 0 0
0 0 0
