1
9655 9656 9657 9658 9659 9660 
11
11
-1.689022E+01 2.779566E+01 0.000000E+00
-1.655366E+01 2.857412E+01 0.000000E+00
-1.719599E+01 2.857444E+01 0.000000E+00
-1.783831E+01 2.857477E+01 0.000000E+00
-1.745352E+01 2.791621E+01 0.000000E+00
-1.744042E+01 2.722906E+01 0.000000E+00
-1.688881E+01 2.699258E+01 0.000000E+00
-1.791517E+01 2.802016E+01 0.000000E+00
-1.799203E+01 2.746555E+01 0.000000E+00
-1.626764E+01 2.753754E+01 0.000000E+00
-1.641065E+01 2.805583E+01 0.000000E+00
2 1 0
4 3 2
6 5 0
3 4 7
8 4 5
0 9 6
8 7 4
4 0 5
0 1 10
0 10 9
4 2 0



62 7 0 
62 7 5.675002e+01 
62 7 0 
62 4 0 
62 4 5.675002e+01 
62 4 0 
62 2 0 
62 2 5.675002e+01 
62 2 0 



9575 3 0 
9575 3 0 
9575 3 0 
9575 12 0 
9575 12 0 
9575 12 0 



9575 13 0 
9575 13 0 
9575 13 0 
71 10 0 
71 10 5.675002e+01 
71 10 0 
71 3 0 
71 3 5.675002e+01 
71 3 0 
1 1 1
1 1 1
1 1 1
1 1 1
1 1 1
1 1 1
1 1 1
1 1 1
1 1 1
1 1 1
1 1 1
