1
4524 4525 4526 4527 4528 4529 4530 
11
11
-2.297460E+01 -4.248234E+00 0.000000E+00
-2.243636E+01 -3.582807E+00 0.000000E+00
-2.295619E+01 -3.395370E+00 0.000000E+00
-2.347602E+01 -3.207933E+00 0.000000E+00
-2.355595E+01 -3.961240E+00 0.000000E+00
-2.238967E+01 -4.105685E+00 0.000000E+00
-2.234297E+01 -4.628564E+00 0.000000E+00
-2.313342E+01 -5.089050E+00 0.000000E+00
-2.365495E+01 -4.781675E+00 0.000000E+00
-2.420437E+01 -3.767974E+00 0.000000E+00
-2.417648E+01 -4.474301E+00 0.000000E+00
2 1 0
2 4 3
1 5 0
5 6 0
0 6 7
0 7 8
9 3 4
4 8 10
4 0 8
9 4 10
4 2 0



4515 5 0 
4515 5 0 
4515 5 0 









4515 6 0 
4515 6 0 
4515 6 0 
3724 13 0 
3724 13 0 
3724 13 0 
3716 6 0 
3716 6 0 
3716 6 0 
3716 7 0 
3716 7 0 
3716 7 0 



3716 9 0 
3716 9 0 
3716 9 0 
1 1 1
1 1 1
1 1 1
1 1 1
1 1 1
1 1 1
1 1 1
1 1 1
1 1 1
1 1 1
1 1 1
