0
9138 9140 9141 9142 9143 9144 9145 9146 
15
17
-1.638331E+01 2.264093E+01 1.485000E+00
-1.626239E+01 2.202989E+01 1.485000E+00
-1.583963E+01 2.243325E+01 1.485000E+00
-1.772871E+01 2.239372E+01 1.485000E+00
-1.736242E+01 2.165094E+01 1.485000E+00
-1.697257E+01 2.228767E+01 1.485000E+00
-1.596417E+01 2.147113E+01 1.485000E+00
-1.666330E+01 2.156103E+01 1.485000E+00
-1.561378E+01 2.187535E+01 1.485000E+00
-1.526339E+01 2.227957E+01 1.485000E+00
-1.543001E+01 2.280556E+01 1.485000E+00
-1.590881E+01 2.300954E+01 1.485000E+00
-1.638762E+01 2.321351E+01 1.485000E+00
-1.744577E+01 2.290739E+01 1.485000E+00
-1.691669E+01 2.306045E+01 1.485000E+00
0 1 2
3 4 5
6 1 7
8 1 6
9 2 8
2 10 11
12 0 11
1 8 2
2 9 10
0 2 11
13 3 5
14 5 0
13 5 14
4 7 5
1 5 7
14 0 12
5 1 0









9018 12 0 
9018 12 0 
9018 12 0 
9010 1 0 
9010 1 0 
9010 1 0 



9002 9 0 
9002 9 0 
9002 9 0 
9010 9 0 
9010 9 0 
9010 9 0 
9002 14 0 
9002 14 0 
9002 14 0 
9002 5 0 
9002 5 0 
9002 5 0 









9131 9 0 
9131 9 0 
9131 9 0 



0 0 0
0 0 0
0 0 0
0 0 0
0 0 0
0 0 0
0 0 0
0 0 0
0 0 0
0 0 0
0 0 0
0 0 0
0 0 0
0 0 0
0 0 0
