1
8532 8533 8534 8535 8536 8537 8538 
16
19
2.010961E+01 2.025424E+01 0.000000E+00
2.038010E+01 2.085020E+01 0.000000E+00
1.964159E+01 2.068765E+01 0.000000E+00
2.116160E+01 2.149496E+01 0.000000E+00
2.056507E+01 2.138161E+01 0.000000E+00
2.104688E+01 2.103593E+01 0.000000E+00
2.093216E+01 2.057691E+01 0.000000E+00
2.030462E+01 2.182130E+01 0.000000E+00
2.084290E+01 2.193121E+01 0.000000E+00
2.052421E+01 2.236745E+01 0.000000E+00
2.004305E+01 2.232189E+01 0.000000E+00
1.956189E+01 2.227633E+01 0.000000E+00
1.936773E+01 2.169869E+01 0.000000E+00
1.984456E+01 2.183914E+01 0.000000E+00
1.988022E+01 2.130438E+01 0.000000E+00
1.917356E+01 2.112106E+01 0.000000E+00
2 1 0
5 4 3
6 1 5
8 4 7
7 10 9
13 12 11
12 13 14
0 1 6
14 7 4
1 4 5
4 8 3
7 13 10
10 13 11
14 15 12
2 14 1
14 4 1
8 7 9
7 14 13
2 15 14
8452 1 0 
8452 1 0 
8452 1 0 






8524 8 0 
8524 8 0 
8524 8 0 



8524 9 0 
8524 9 0 
8524 9 0 
8452 0 0 
8452 0 0 
8452 0 0 



























1 1 1
1 1 1
1 1 1
1 1 1
1 1 1
1 1 1
1 1 1
1 1 1
1 1 1
1 1 1
1 1 1
1 1 1
1 1 1
1 1 1
1 1 1
1 1 1
