0
4666 4668 4669 4670 4671 4672 
11
11
-5.829379E+00 -6.334018E-01 1.485000E+00
-5.186838E+00 -1.022500E+00 1.485000E+00
-4.982765E+00 -3.843808E-01 1.485000E+00
-5.786472E+00 -1.249962E+00 1.485000E+00
-5.390911E+00 -1.660619E+00 1.485000E+00
-6.248534E+00 -2.607728E-01 1.485000E+00
-5.838685E+00 1.861919E-01 1.485000E+00
-6.370708E+00 -1.231832E+00 1.485000E+00
-6.083034E+00 -1.755927E+00 1.485000E+00
-6.658382E+00 -7.077376E-01 1.485000E+00
-5.410725E+00 -9.909445E-02 1.485000E+00
0 1 2
3 4 1
0 3 1
5 0 6
7 8 3
9 7 0
8 4 3
0 7 3
9 0 5
0 10 6
10 0 2












4411 8 0 
4411 8 0 
4411 8 0 






4659 8 0 
4659 8 0 
4659 8 0 
4411 7 0 
4411 7 0 
4411 7 0 
4659 3 0 
4659 3 0 
4659 3 0 



0 0 0
0 0 0
0 0 0
0 0 0
0 0 0
0 0 0
0 0 0
0 0 0
0 0 0
0 0 0
0 0 0
