2
5859 5860 5861 5862 5864 5865 5866 
9
8
-2.451876E+01 2.484889E+00 0.000000E+00
-2.478241E+01 2.985732E+00 0.000000E+00
-2.504605E+01 3.486575E+00 0.000000E+00
-2.451876E+01 2.484889E+00 7.425000E-01
-2.478241E+01 2.985732E+00 7.425000E-01
-2.504605E+01 3.486575E+00 7.425000E-01
-2.451876E+01 2.484889E+00 1.485000E+00
-2.478241E+01 2.985732E+00 1.485000E+00
-2.504605E+01 3.486575E+00 1.485000E+00
0 1 4
0 4 3
3 4 6
4 7 6
1 2 4
2 5 4
4 5 8
4 8 7
5850 7 0 
5850 7 0 
5850 7 0 
5859 1 0 
5859 1 0 
5859 1 0 
5859 2 0 
5859 2 0 
5859 2 0 
5857 5 0 
5857 5 0 
5857 5 0 






5851 7 0 
5851 7 0 
5851 7 0 
5860 1 0 
5860 1 0 
5860 1 0 
5860 2 0 
5860 2 0 
5860 2 0 
0 0 0
0 0 0
0 0 0
0 0 0
0 0 0
0 0 0
0 0 0
0 0 0
0 0 0
