2
9346 9347 9348 9349 9350 9351 9352 9353 9355 
9
8
-1.540643E-01 2.690324E+01 0.000000E+00
-3.898099E-01 2.645045E+01 0.000000E+00
-6.255554E-01 2.599767E+01 0.000000E+00
-1.540643E-01 2.690324E+01 7.425000E-01
-3.898099E-01 2.645045E+01 7.425000E-01
-6.255554E-01 2.599767E+01 7.425000E-01
-1.540643E-01 2.690324E+01 1.485000E+00
-3.898099E-01 2.645045E+01 1.485000E+00
-6.255554E-01 2.599767E+01 1.485000E+00
0 1 4
0 4 3
3 4 6
4 7 6
1 2 4
2 5 4
4 5 8
4 8 7
9346 16 0 
9346 16 0 
9346 16 0 
9346 1 0 
9346 1 0 
9346 1 0 
9346 2 0 
9346 2 0 
9346 2 0 
9353 3 0 
9353 3 0 
9353 3 0 






9347 16 0 
9347 16 0 
9347 16 0 
9347 1 0 
9347 1 0 
9347 1 0 
9347 2 0 
9347 2 0 
9347 2 0 
0 0 0
0 0 0
0 0 0
0 0 0
0 0 0
0 0 0
0 0 0
0 0 0
0 0 0
