2
3798 3799 3800 3801 3802 3803 3804 3806 
6
4
-7.673413E+00 -6.378443E+00 0.000000E+00
-7.998137E+00 -6.936911E+00 0.000000E+00
-7.673413E+00 -6.378443E+00 7.425000E-01
-7.998137E+00 -6.936911E+00 7.425000E-01
-7.673413E+00 -6.378443E+00 1.485000E+00
-7.998137E+00 -6.936911E+00 1.485000E+00
0 1 3
0 3 2
2 3 5
2 5 4
3788 8 0 
3788 8 0 
3788 8 0 
3590 11 0 
3590 11 0 
3590 11 0 
3792 3 0 
3792 3 0 
3792 3 0 
3594 5 0 
3594 5 0 
3594 5 0 
3789 8 0 
3789 8 0 
3789 8 0 
3591 11 0 
3591 11 0 
3591 11 0 
0 0 0
0 0 0
0 0 0
0 0 0
0 0 0
0 0 0
