5
229 230 231 233 234 235 236 
9
8
1.363213E+01 -2.924182E+01 0.000000E+00
1.408885E+01 -2.956319E+01 0.000000E+00
1.454556E+01 -2.988456E+01 0.000000E+00
1.363213E+01 -2.924182E+01 7.425000E-01
1.408885E+01 -2.956319E+01 7.425000E-01
1.454556E+01 -2.988456E+01 7.425000E-01
1.363213E+01 -2.924182E+01 1.485000E+00
1.408885E+01 -2.956319E+01 1.485000E+00
1.454556E+01 -2.988456E+01 1.485000E+00
0 1 4
0 4 3
3 4 6
4 7 6
1 2 4
2 5 4
4 5 8
4 8 7
220 7 0 
220 7 0 
220 7 0 
229 10 0 
229 10 0 
229 10 0 
229 13 0 
229 13 0 
229 13 0 
223 3 0 
223 3 0 
223 3 0 






221 7 0 
221 7 0 
221 7 0 
230 10 0 
230 10 0 
230 10 0 
230 13 0 
230 13 0 
230 13 0 
0 0 0
0 0 0
0 0 0
0 0 0
0 0 0
0 0 0
0 0 0
0 0 0
0 0 0
