2
7525 7526 7527 7529 7530 7531 7532 7533 
9
8
-1.594499E+01 1.522663E+01 0.000000E+00
-1.554370E+01 1.501739E+01 0.000000E+00
-1.514241E+01 1.480816E+01 0.000000E+00
-1.594499E+01 1.522663E+01 7.425000E-01
-1.554370E+01 1.501739E+01 7.425000E-01
-1.514241E+01 1.480816E+01 7.425000E-01
-1.594499E+01 1.522663E+01 1.485000E+00
-1.554370E+01 1.501739E+01 1.485000E+00
-1.514241E+01 1.480816E+01 1.485000E+00
0 1 4
0 4 3
3 4 6
4 7 6
1 2 4
2 5 4
4 5 8
4 8 7
7348 12 0 
7348 12 0 
7348 12 0 
7348 5 0 
7348 5 0 
7348 5 0 
7340 7 0 
7340 7 0 
7340 7 0 
7353 5 0 
7353 5 0 
7353 5 0 
7353 4 0 
7353 4 0 
7353 4 0 
7346 3 0 
7346 3 0 
7346 3 0 
7349 12 0 
7349 12 0 
7349 12 0 
7349 5 0 
7349 5 0 
7349 5 0 
7341 7 0 
7341 7 0 
7341 7 0 
0 0 0
0 0 0
0 0 0
0 0 0
0 0 0
0 0 0
0 0 0
0 0 0
0 0 0
