1
1696 1697 1698 1699 1700 1701 1702 1703 
13
14
2.027216E+01 -1.936327E+01 0.000000E+00
1.952775E+01 -1.918442E+01 0.000000E+00
1.969897E+01 -1.984723E+01 0.000000E+00
2.042368E+01 -1.992509E+01 0.000000E+00
1.993693E+01 -2.047395E+01 0.000000E+00
1.891090E+01 -1.966699E+01 0.000000E+00
1.882228E+01 -1.881628E+01 0.000000E+00
1.930960E+01 -2.040706E+01 0.000000E+00
1.818822E+01 -1.968901E+01 0.000000E+00
1.868227E+01 -2.034018E+01 0.000000E+00
1.831096E+01 -1.911016E+01 0.000000E+00
2.012064E+01 -1.880144E+01 0.000000E+00
1.933360E+01 -1.852240E+01 0.000000E+00
2 1 0
4 2 3
6 1 5
7 5 2
5 9 8
5 8 10
0 1 11
5 10 6
7 2 4
7 9 5
11 1 12
1 6 12
3 2 0
2 5 1









1671 15 0 
1671 15 0 
1671 15 0 
1671 16 0 
1671 16 0 
1671 16 0 






1680 1 0 
1680 1 0 
1680 1 0 
1688 10 0 
1688 10 0 
1688 10 0 
1680 3 0 
1680 3 0 
1680 3 0 









1 1 1
1 1 1
1 1 1
1 1 1
1 1 1
1 1 1
1 1 1
1 1 1
1 1 1
1 1 1
1 1 1
1 1 1
1 1 1
