2
5928 5929 5931 5932 5933 5934 5935 5936 
9
8
-2.088076E+01 4.083423E+00 0.000000E+00
-2.045400E+01 3.888041E+00 0.000000E+00
-2.002724E+01 3.692659E+00 0.000000E+00
-2.088076E+01 4.083423E+00 7.425000E-01
-2.045400E+01 3.888041E+00 7.425000E-01
-2.002724E+01 3.692659E+00 7.425000E-01
-2.088076E+01 4.083423E+00 1.485000E+00
-2.045400E+01 3.888041E+00 1.485000E+00
-2.002724E+01 3.692659E+00 1.485000E+00
0 1 4
0 4 3
3 4 6
4 7 6
1 2 4
2 5 4
4 5 8
4 8 7
5834 6 0 
5834 6 0 
5834 6 0 
5834 14 0 
5834 14 0 
5834 14 0 
5826 10 0 
5826 10 0 
5826 10 0 
5838 5 0 
5838 5 0 
5838 5 0 
5838 4 0 
5838 4 0 
5838 4 0 
5832 3 0 
5832 3 0 
5832 3 0 
5835 6 0 
5835 6 0 
5835 6 0 
5835 14 0 
5835 14 0 
5835 14 0 
5827 10 0 
5827 10 0 
5827 10 0 
0 0 0
0 0 0
0 0 0
0 0 0
0 0 0
0 0 0
0 0 0
0 0 0
0 0 0
