2
6096 6097 6098 6099 6100 6102 6103 6104 
9
8
-2.241674E+01 7.108264E+00 0.000000E+00
-2.252092E+01 7.632740E+00 0.000000E+00
-2.262510E+01 8.157215E+00 0.000000E+00
-2.241674E+01 7.108264E+00 7.425000E-01
-2.252092E+01 7.632740E+00 7.425000E-01
-2.262510E+01 8.157215E+00 7.425000E-01
-2.241674E+01 7.108264E+00 1.485000E+00
-2.252092E+01 7.632740E+00 1.485000E+00
-2.262510E+01 8.157215E+00 1.485000E+00
0 1 4
0 4 3
3 4 6
4 7 6
1 2 4
2 5 4
4 5 8
4 8 7
6088 9 0 
6088 9 0 
6088 9 0 
6096 13 0 
6096 13 0 
6096 13 0 
6096 12 0 
6096 12 0 
6096 12 0 
6093 5 0 
6093 5 0 
6093 5 0 






6089 9 0 
6089 9 0 
6089 9 0 
6097 13 0 
6097 13 0 
6097 13 0 
6097 12 0 
6097 12 0 
6097 12 0 
0 0 0
0 0 0
0 0 0
0 0 0
0 0 0
0 0 0
0 0 0
0 0 0
0 0 0
