2
8373 8374 8375 8376 8378 8379 8380 8381 
6
4
7.195854E+00 2.045887E+01 0.000000E+00
7.474496E+00 2.116776E+01 0.000000E+00
7.195854E+00 2.045887E+01 7.425000E-01
7.474496E+00 2.116776E+01 7.425000E-01
7.195854E+00 2.045887E+01 1.485000E+00
7.474496E+00 2.116776E+01 1.485000E+00
0 1 3
0 3 2
2 3 5
2 5 4
8069 8 0 
8069 8 0 
8069 8 0 
8069 7 0 
8069 7 0 
8069 7 0 
8075 3 0 
8075 3 0 
8075 3 0 
8074 5 0 
8074 5 0 
8074 5 0 
8070 8 0 
8070 8 0 
8070 8 0 
8070 7 0 
8070 7 0 
8070 7 0 
0 0 0
0 0 0
0 0 0
0 0 0
0 0 0
0 0 0
