1
3260 3261 3262 3263 3264 3265 3266 
14
16
1.822609E+01 -1.106817E+01 0.000000E+00
1.883314E+01 -1.102330E+01 0.000000E+00
1.842420E+01 -1.053881E+01 0.000000E+00
1.785048E+01 -1.064670E+01 0.000000E+00
1.796252E+01 -1.004421E+01 0.000000E+00
1.746733E+01 -1.019294E+01 0.000000E+00
1.709440E+01 -1.134812E+01 0.000000E+00
1.734378E+01 -1.164682E+01 0.000000E+00
1.764387E+01 -1.117162E+01 0.000000E+00
1.728087E+01 -1.077053E+01 0.000000E+00
1.845770E+01 -9.895484E+00 0.000000E+00
1.905649E+01 -1.055503E+01 0.000000E+00
1.797678E+01 -1.156920E+01 0.000000E+00
1.860979E+01 -1.149157E+01 0.000000E+00
2 1 0
5 4 3
8 7 6
2 3 4
8 6 9
11 2 10
10 2 4
0 8 3
11 1 2
5 3 9
12 8 0
8 9 3
13 12 0
12 7 8
13 0 1
0 3 2



2434 3 0 
2434 3 0 
2434 3 0 









3252 9 0 
3252 9 0 
3252 9 0 
2450 14 0 
2450 14 0 
2450 14 0 
2443 7 0 
2443 7 0 
2443 7 0 



3252 4 0 
3252 4 0 
3252 4 0 



2434 7 0 
2434 7 0 
2434 7 0 
2443 6 0 
2443 6 0 
2443 6 0 
2434 4 0 
2434 4 0 
2434 4 0 
1 1 1
1 1 1
1 1 1
1 1 1
1 1 1
1 1 1
1 1 1
1 1 1
1 1 1
1 1 1
1 1 1
1 1 1
1 1 1
1 1 1
