0
4225 4227 4228 4229 4230 4231 
12
12
2.672420E+01 -3.847522E+00 1.485000E+00
2.626748E+01 -4.521777E+00 1.485000E+00
2.687275E+01 -4.455355E+00 1.485000E+00
2.682525E+01 -2.629747E+00 1.485000E+00
2.703571E+01 -3.309000E+00 1.485000E+00
2.726709E+01 -2.866865E+00 1.485000E+00
2.759348E+01 -3.746458E+00 1.485000E+00
2.606869E+01 -4.037610E+00 1.485000E+00
2.586990E+01 -3.553443E+00 1.485000E+00
2.634757E+01 -3.091595E+00 1.485000E+00
2.747803E+01 -4.388933E+00 1.485000E+00
2.770893E+01 -3.103983E+00 1.485000E+00
0 1 2
3 4 5
0 6 4
7 1 0
8 0 9
2 10 0
0 4 9
0 10 6
11 4 6
4 11 5
9 4 3
0 8 7



4015 13 0 
4015 13 0 
4015 13 0 
4015 7 0 
4015 7 0 
4015 7 0 
4218 3 0 
4218 3 0 
4218 3 0 









4025 10 0 
4025 10 0 
4025 10 0 
4025 5 0 
4025 5 0 
4025 5 0 
4218 5 0 
4218 5 0 
4218 5 0 
4015 1 0 
4015 1 0 
4015 1 0 



0 0 0
0 0 0
0 0 0
0 0 0
0 0 0
0 0 0
0 0 0
0 0 0
0 0 0
0 0 0
0 0 0
0 0 0
