2
7156 7157 7159 7160 7161 7162 7163 
9
8
1.753154E+01 1.345013E+01 0.000000E+00
1.807415E+01 1.330186E+01 0.000000E+00
1.861676E+01 1.315360E+01 0.000000E+00
1.753154E+01 1.345013E+01 7.425000E-01
1.807415E+01 1.330186E+01 7.425000E-01
1.861676E+01 1.315360E+01 7.425000E-01
1.753154E+01 1.345013E+01 1.485000E+00
1.807415E+01 1.330186E+01 1.485000E+00
1.861676E+01 1.315360E+01 1.485000E+00
0 1 4
0 4 3
3 4 6
4 7 6
1 2 4
2 5 4
4 5 8
4 8 7
7133 9 0 
7133 9 0 
7133 9 0 
7133 10 0 
7133 10 0 
7133 10 0 
7133 12 0 
7133 12 0 
7133 12 0 
7138 5 0 
7138 5 0 
7138 5 0 
7138 4 0 
7138 4 0 
7138 4 0 
7137 5 0 
7137 5 0 
7137 5 0 
7134 9 0 
7134 9 0 
7134 9 0 
7134 10 0 
7134 10 0 
7134 10 0 
7134 12 0 
7134 12 0 
7134 12 0 
0 0 0
0 0 0
0 0 0
0 0 0
0 0 0
0 0 0
0 0 0
0 0 0
0 0 0
