1
6192 6193 6194 6195 6196 6197 
12
13
-2.262510E+01 8.157215E+00 0.000000E+00
-2.285720E+01 8.870677E+00 0.000000E+00
-2.311590E+01 8.477220E+00 0.000000E+00
-2.286303E+01 9.422500E+00 0.000000E+00
-2.227862E+01 9.266462E+00 0.000000E+00
-2.360671E+01 8.797226E+00 0.000000E+00
-2.317865E+01 9.875703E+00 0.000000E+00
-2.339268E+01 9.336464E+00 0.000000E+00
-2.160165E+01 9.067648E+00 0.000000E+00
-2.198496E+01 9.895371E+00 0.000000E+00
-2.258180E+01 9.885537E+00 0.000000E+00
-2.211337E+01 8.612431E+00 0.000000E+00
2 1 0
4 1 3
5 1 2
3 7 6
9 8 4
4 3 10
5 7 1
10 3 6
3 1 7
4 8 11
9 4 10
11 0 1
4 11 1
6096 12 0 
6096 12 0 
6096 12 0 



6096 5 0 
6096 5 0 
6096 5 0 






6096 6 0 
6096 6 0 
6096 6 0 
6182 4 0 
6182 4 0 
6182 4 0 
6182 12 0 
6182 12 0 
6182 12 0 












1 1 1
1 1 1
1 1 1
1 1 1
1 1 1
1 1 1
1 1 1
1 1 1
1 1 1
1 1 1
1 1 1
1 1 1
