0
8829 8831 8832 8833 8834 8835 8836 
13
14
1.573357E+01 2.517420E+01 1.485000E+00
1.539576E+01 2.464851E+01 1.485000E+00
1.604437E+01 2.464494E+01 1.485000E+00
1.647802E+01 2.512802E+01 1.485000E+00
1.667818E+01 2.457276E+01 1.485000E+00
1.626910E+01 2.408406E+01 1.485000E+00
1.572005E+01 2.409217E+01 1.485000E+00
1.518194E+01 2.569576E+01 1.485000E+00
1.572990E+01 2.568952E+01 1.485000E+00
1.627785E+01 2.568327E+01 1.485000E+00
1.496516E+01 2.517998E+01 1.485000E+00
1.474837E+01 2.466421E+01 1.485000E+00
1.517100E+01 2.410027E+01 1.485000E+00
0 1 2
3 2 4
5 4 2
6 2 1
6 5 2
7 0 8
0 3 9
3 0 2
8 0 9
10 0 7
1 0 10
1 10 11
12 1 11
12 6 1












8792 1 0 
8792 1 0 
8792 1 0 
8792 6 0 
8792 6 0 
8792 6 0 
8800 9 0 
8800 9 0 
8800 9 0 
8823 9 0 
8823 9 0 
8823 9 0 






8823 0 0 
8823 0 0 
8823 0 0 
8807 9 0 
8807 9 0 
8807 9 0 
8800 10 0 
8800 10 0 
8800 10 0 
0 0 0
0 0 0
0 0 0
0 0 0
0 0 0
0 0 0
0 0 0
0 0 0
0 0 0
0 0 0
0 0 0
0 0 0
0 0 0
