1
5167 5168 5169 5170 5171 5172 5173 5174 5175 
15
17
1.094766E+01 5.301265E-01 0.000000E+00
1.148946E+01 3.728509E-02 0.000000E+00
1.168137E+01 4.900171E-01 0.000000E+00
1.051654E+01 1.178395E+00 0.000000E+00
1.078147E+01 1.645788E+00 0.000000E+00
1.010488E+01 1.902309E+00 0.000000E+00
9.910774E+00 1.165966E+00 0.000000E+00
1.019149E+01 6.174948E-01 0.000000E+00
1.126905E+01 1.215507E+00 0.000000E+00
1.120712E+01 1.971787E+00 0.000000E+00
1.163669E+01 1.743750E+00 0.000000E+00
1.187327E+01 9.427491E-01 0.000000E+00
1.102856E+01 -1.677985E-01 0.000000E+00
1.077756E+01 2.199825E+00 0.000000E+00
1.047221E+01 6.902310E-02 0.000000E+00
2 1 0
5 4 3
3 7 6
3 4 8
8 4 9
11 8 10
0 1 12
3 6 5
4 5 13
7 0 14
9 10 8
13 9 4
3 0 7
8 0 3
0 12 14
8 2 0
8 11 2



4315 8 0 
4315 8 0 
4315 8 0 









5158 5 0 
5158 5 0 
5158 5 0 
4768 0 0 
4768 0 0 
4768 0 0 
4768 2 0 
4768 2 0 
4768 2 0 












4315 12 0 
4315 12 0 
4315 12 0 



4760 3 0 
4760 3 0 
4760 3 0 
0 0 0
0 0 0
0 0 0
0 0 0
0 0 0
0 0 0
0 0 0
0 0 0
0 0 0
0 0 0
0 0 0
0 0 0
0 0 0
0 0 0
0 0 0
