2
535 536 537 538 540 541 542 
9
8
-8.584154E-01 -2.465561E+01 0.000000E+00
-8.453661E-01 -2.404717E+01 0.000000E+00
-8.323168E-01 -2.343873E+01 0.000000E+00
-8.584154E-01 -2.465561E+01 7.425000E-01
-8.453661E-01 -2.404717E+01 7.425000E-01
-8.323168E-01 -2.343873E+01 7.425000E-01
-8.584154E-01 -2.465561E+01 1.485000E+00
-8.453661E-01 -2.404717E+01 1.485000E+00
-8.323168E-01 -2.343873E+01 1.485000E+00
0 1 4
0 4 3
3 4 6
4 7 6
1 2 4
2 5 4
4 5 8
4 8 7
439 0 0 
439 0 0 
439 0 0 
535 1 0 
535 1 0 
535 1 0 
535 10 0 
535 10 0 
535 10 0 
445 5 0 
445 5 0 
445 5 0 






440 0 0 
440 0 0 
440 0 0 
536 1 0 
536 1 0 
536 1 0 
536 10 0 
536 10 0 
536 10 0 
0 0 0
0 0 0
0 0 0
0 0 0
0 0 0
0 0 0
0 0 0
0 0 0
0 0 0
