1
3717 3718 3719 3720 3721 3722 3723 
11
12
-2.427537E+01 -5.333174E+00 0.000000E+00
-2.491666E+01 -5.829232E+00 0.000000E+00
-2.445626E+01 -6.114677E+00 0.000000E+00
-2.388679E+01 -5.883529E+00 0.000000E+00
-2.362171E+01 -5.430151E+00 0.000000E+00
-2.317573E+01 -5.993483E+00 0.000000E+00
-2.313342E+01 -5.089050E+00 0.000000E+00
-2.365495E+01 -4.781675E+00 0.000000E+00
-2.399585E+01 -6.400121E+00 0.000000E+00
-2.417648E+01 -4.474301E+00 0.000000E+00
-2.493434E+01 -4.941386E+00 0.000000E+00
2 1 0
3 2 0
0 4 3
4 5 3
6 5 4
4 7 6
2 3 8
3 5 8
0 7 4
0 9 7
1 10 0
0 10 9



3669 4 0 
3669 4 0 
3669 4 0 
3669 3 0 
3669 3 0 
3669 3 0 






3661 11 0 
3661 11 0 
3661 11 0 






3661 6 0 
3661 6 0 
3661 6 0 



3708 5 0 
3708 5 0 
3708 5 0 
1 1 1
1 1 1
1 1 1
1 1 1
1 1 1
1 1 1
1 1 1
1 1 1
1 1 1
1 1 1
1 1 1
