2
6533 6534 6536 6537 6538 6539 
9
8
1.706457E+01 8.325779E+00 0.000000E+00
1.757410E+01 8.409323E+00 0.000000E+00
1.808364E+01 8.492867E+00 0.000000E+00
1.706457E+01 8.325779E+00 7.425000E-01
1.757410E+01 8.409323E+00 7.425000E-01
1.808364E+01 8.492867E+00 7.425000E-01
1.706457E+01 8.325779E+00 1.485000E+00
1.757410E+01 8.409323E+00 1.485000E+00
1.808364E+01 8.492867E+00 1.485000E+00
0 1 4
0 4 3
3 4 6
4 7 6
1 2 4
2 5 4
4 5 8
4 8 7
6425 7 0 
6425 7 0 
6425 7 0 
6433 13 0 
6433 13 0 
6433 13 0 
6433 15 0 
6433 15 0 
6433 15 0 
6428 3 0 
6428 3 0 
6428 3 0 
6439 4 0 
6439 4 0 
6439 4 0 
6438 5 0 
6438 5 0 
6438 5 0 
6426 7 0 
6426 7 0 
6426 7 0 
6434 13 0 
6434 13 0 
6434 13 0 
6434 15 0 
6434 15 0 
6434 15 0 
0 0 0
0 0 0
0 0 0
0 0 0
0 0 0
0 0 0
0 0 0
0 0 0
0 0 0
