2
7236 7237 7239 7240 7241 7242 7243 
6
4
2.975890E+00 1.272021E+01 0.000000E+00
3.645491E+00 1.265701E+01 0.000000E+00
2.975890E+00 1.272021E+01 7.425000E-01
3.645491E+00 1.265701E+01 7.425000E-01
2.975890E+00 1.272021E+01 1.485000E+00
3.645491E+00 1.265701E+01 1.485000E+00
0 1 3
0 3 2
2 3 5
2 5 4
6957 10 0 
6957 10 0 
6957 10 0 
6957 1 0 
6957 1 0 
6957 1 0 
6963 3 0 
6963 3 0 
6963 3 0 
6962 3 0 
6962 3 0 
6962 3 0 
6958 10 0 
6958 10 0 
6958 10 0 
6958 1 0 
6958 1 0 
6958 1 0 
0 0 0
0 0 0
0 0 0
0 0 0
0 0 0
0 0 0
