1
4178 4179 4180 4181 4182 4183 4184 
14
16
1.730538E+01 -3.015959E+00 0.000000E+00
1.772676E+01 -2.577829E+00 0.000000E+00
1.727673E+01 -2.432508E+00 0.000000E+00
1.809953E+01 -3.584639E+00 0.000000E+00
1.791314E+01 -3.081234E+00 0.000000E+00
1.747506E+01 -3.559454E+00 0.000000E+00
1.682670E+01 -2.287188E+00 0.000000E+00
1.618058E+01 -2.858693E+00 0.000000E+00
1.676773E+01 -2.869927E+00 0.000000E+00
1.642702E+01 -3.853148E+00 0.000000E+00
1.689804E+01 -3.432643E+00 0.000000E+00
1.630380E+01 -3.355920E+00 0.000000E+00
1.703611E+01 -4.005578E+00 0.000000E+00
1.764520E+01 -4.158009E+00 0.000000E+00
2 1 0
5 4 3
8 7 6
11 10 9
5 13 12
8 6 2
8 11 7
8 2 0
0 4 5
11 8 10
8 0 10
10 5 12
0 5 10
10 12 9
1 4 0
3 13 5









4056 8 0 
4056 8 0 
4056 8 0 









4169 1 0 
4169 1 0 
4169 1 0 



4065 1 0 
4065 1 0 
4065 1 0 



4169 0 0 
4169 0 0 
4169 0 0 
4065 0 0 
4065 0 0 
4065 0 0 
4056 7 0 
4056 7 0 
4056 7 0 
0 0 0
0 0 0
0 0 0
0 0 0
0 0 0
0 0 0
0 0 0
0 0 0
0 0 0
0 0 0
0 0 0
0 0 0
0 0 0
0 0 0
