0
3309 3311 3312 3313 3314 3315 3316 
12
13
2.843348E+01 -9.862792E+00 1.485000E+00
2.785571E+01 -9.822982E+00 1.485000E+00
2.797642E+01 -1.040019E+01 1.485000E+00
2.808194E+01 -9.316877E+00 1.485000E+00
2.853667E+01 -1.088675E+01 1.485000E+00
2.774589E+01 -1.107287E+01 1.485000E+00
2.746879E+01 -9.393782E+00 1.485000E+00
2.716802E+01 -1.052223E+01 1.485000E+00
2.731840E+01 -9.958007E+00 1.485000E+00
2.879042E+01 -1.040352E+01 1.485000E+00
2.869508E+01 -9.239973E+00 1.485000E+00
2.904417E+01 -9.920292E+00 1.485000E+00
0 1 2
1 0 3
4 2 5
1 3 6
2 7 5
8 1 6
2 9 0
1 8 2
7 2 8
9 2 4
10 3 0
0 11 10
0 9 11












2722 8 5.675002e+01 
2722 8 0 
2722 8 0 
2397 8 0 
2397 8 0 
2397 8 0 
3302 10 0 
3302 10 0 
3302 10 0 
2397 11 0 
2397 11 0 
2397 11 0 
3302 11 0 
3302 11 0 
3302 11 0 
2730 6 5.675002e+01 
2730 6 0 
2730 6 0 
2949 4 5.675002e+01 
2949 4 0 
2949 4 0 
2730 7 5.675002e+01 
2730 7 0 
2730 7 0 
0 0 0
0 0 0
0 0 0
0 0 0
0 0 0
0 0 0
0 0 0
0 0 0
0 0 0
0 0 0
0 0 0
0 0 0
