0
245 247 248 249 250 251 252 253 
15
17
1.952541E+01 -2.917194E+01 1.485000E+00
1.968034E+01 -2.875418E+01 1.485000E+00
1.889819E+01 -2.885906E+01 1.485000E+00
1.822619E+01 -2.873952E+01 1.485000E+00
1.822859E+01 -2.923453E+01 1.485000E+00
1.769774E+01 -2.847619E+01 1.485000E+00
1.774168E+01 -2.895564E+01 1.485000E+00
1.983527E+01 -2.833642E+01 1.485000E+00
1.951098E+01 -2.772563E+01 1.485000E+00
1.917278E+01 -2.827020E+01 1.485000E+00
1.871551E+01 -2.951341E+01 1.485000E+00
1.838990E+01 -2.819850E+01 1.485000E+00
1.890497E+01 -2.759583E+01 1.485000E+00
1.765380E+01 -2.799673E+01 1.485000E+00
1.829896E+01 -2.746604E+01 1.485000E+00
0 1 2
2 3 4
3 5 6
7 8 9
2 4 10
11 3 2
12 11 9
11 13 5
2 1 9
8 12 9
3 11 5
14 11 12
14 13 11
4 3 6
9 11 2
10 0 2
7 9 1















238 9 0 
238 9 0 
238 9 0 
238 12 0 
238 12 0 
238 12 0 


















238 14 0 
238 14 0 
238 14 0 



0 0 0
0 0 0
0 0 0
0 0 0
0 0 0
0 0 0
0 0 0
0 0 0
0 0 0
0 0 0
0 0 0
0 0 0
0 0 0
0 0 0
0 0 0
