1
6269 6270 6271 6272 6273 6274 6275 
14
16
-1.112822E+01 8.987938E+00 0.000000E+00
-1.149267E+01 8.603278E+00 0.000000E+00
-1.095841E+01 8.413754E+00 0.000000E+00
-1.185712E+01 8.218619E+00 0.000000E+00
-1.132396E+01 7.981108E+00 0.000000E+00
-1.170109E+01 7.509114E+00 0.000000E+00
-1.120310E+01 7.364498E+00 0.000000E+00
-1.081261E+01 7.816107E+00 0.000000E+00
-1.027638E+01 7.598073E+00 0.000000E+00
-1.039942E+01 8.273913E+00 0.000000E+00
-1.070511E+01 7.219883E+00 0.000000E+00
-1.006129E+01 8.816569E+00 0.000000E+00
-1.059476E+01 8.902254E+00 0.000000E+00
-9.847652E+00 7.976264E+00 0.000000E+00
2 1 0
4 3 1
1 2 4
6 5 4
3 4 5
9 8 7
6 7 10
4 7 6
12 11 9
2 0 12
12 9 2
2 7 4
7 8 10
2 9 7
9 11 13
8 9 13









6260 6 0 
6260 6 0 
6260 6 0 



6037 11 0 
6037 11 0 
6037 11 0 
6037 10 0 
6037 10 0 
6037 10 0 



6030 5 0 
6030 5 0 
6030 5 0 



6030 1 0 
6030 1 0 
6030 1 0 






6030 4 0 
6030 4 0 
6030 4 0 
0 0 0
0 0 0
0 0 0
0 0 0
0 0 0
0 0 0
0 0 0
0 0 0
0 0 0
0 0 0
0 0 0
0 0 0
0 0 0
0 0 0
