2
1451 1452 1453 1454 1455 1456 1457 1459 1460 
9
8
-4.728428E+00 -1.973976E+01 0.000000E+00
-5.293698E+00 -1.973385E+01 0.000000E+00
-5.858969E+00 -1.972793E+01 0.000000E+00
-4.728428E+00 -1.973976E+01 7.425000E-01
-5.293698E+00 -1.973385E+01 7.425000E-01
-5.858969E+00 -1.972793E+01 7.425000E-01
-4.728428E+00 -1.973976E+01 1.485000E+00
-5.293698E+00 -1.973385E+01 1.485000E+00
-5.858969E+00 -1.972793E+01 1.485000E+00
0 1 4
0 4 3
3 4 6
4 7 6
1 2 4
2 5 4
4 5 8
4 8 7
1451 17 0 
1451 17 0 
1451 17 0 
1451 10 0 
1451 10 0 
1451 10 0 
1443 9 0 
1443 9 0 
1443 9 0 
1457 3 0 
1457 3 0 
1457 3 0 



1446 5 0 
1446 5 0 
1446 5 0 
1452 17 0 
1452 17 0 
1452 17 0 
1452 10 0 
1452 10 0 
1452 10 0 
1444 9 0 
1444 9 0 
1444 9 0 
0 0 0
0 0 0
0 0 0
0 0 0
0 0 0
0 0 0
0 0 0
0 0 0
0 0 0
