1
6318 6319 6320 6321 6322 6323 
12
13
-2.469445E+00 6.298571E+00 0.000000E+00
-2.421912E+00 5.645670E+00 0.000000E+00
-1.839670E+00 5.965098E+00 0.000000E+00
-2.516977E+00 6.951472E+00 0.000000E+00
-1.953576E+00 6.629997E+00 0.000000E+00
-1.460267E+00 6.361237E+00 0.000000E+00
-9.099152E-01 6.466113E+00 0.000000E+00
-1.404807E+00 6.888560E+00 0.000000E+00
-1.195352E+00 5.899270E+00 0.000000E+00
-1.951350E+00 5.489048E+00 0.000000E+00
-1.480788E+00 5.332426E+00 0.000000E+00
-1.899699E+00 7.311008E+00 0.000000E+00
2 1 0
4 0 3
7 6 5
2 0 4
7 5 4
5 8 2
6 8 5
10 9 2
2 4 5
2 9 1
4 3 11
4 11 7
2 8 10
6310 4 0 
6310 4 0 
6310 4 0 
5743 14 0 
5743 14 0 
5743 14 0 



6310 8 0 
6310 8 0 
6310 8 0 






5733 6 0 
5733 6 0 
5733 6 0 



5733 7 0 
5733 7 0 
5733 7 0 
5743 6 0 
5743 6 0 
5743 6 0 
5733 4 0 
5733 4 0 
5733 4 0 



0 0 0
0 0 0
0 0 0
0 0 0
0 0 0
0 0 0
0 0 0
0 0 0
0 0 0
0 0 0
0 0 0
0 0 0
