0
6198 6200 6201 6202 6203 6204 6205 
14
15
-2.192229E+01 7.007971E+00 1.485000E+00
-2.144106E+01 7.645657E+00 1.485000E+00
-2.203597E+01 7.782131E+00 1.485000E+00
-2.079953E+01 7.631742E+00 1.485000E+00
-2.096970E+01 8.284327E+00 1.485000E+00
-2.142783E+01 6.907677E+00 1.485000E+00
-2.111368E+01 7.269710E+00 1.485000E+00
-2.155301E+01 8.351046E+00 1.485000E+00
-2.113987E+01 8.936912E+00 1.485000E+00
-2.262510E+01 8.157215E+00 1.485000E+00
-2.252092E+01 7.632740E+00 1.485000E+00
-2.211337E+01 8.612431E+00 1.485000E+00
-2.160165E+01 9.067648E+00 1.485000E+00
-2.241674E+01 7.108264E+00 1.485000E+00
0 1 2
3 4 1
5 6 1
1 6 3
7 4 8
9 10 2
11 7 12
9 2 11
1 4 7
11 2 7
10 13 2
2 1 7
2 13 0
1 0 5
12 7 8
6089 12 0 
6089 12 0 
6089 12 0 






6081 2 0 
6081 2 0 
6081 2 0 



6081 9 0 
6081 9 0 
6081 9 0 
6081 12 0 
6081 12 0 
6081 12 0 






6097 12 0 
6097 12 0 
6097 12 0 
6097 13 0 
6097 13 0 
6097 13 0 
6192 11 0 
6192 11 0 
6192 11 0 
6192 8 0 
6192 8 0 
6192 8 0 
6089 9 0 
6089 9 0 
6089 9 0 
0 0 0
0 0 0
0 0 0
0 0 0
0 0 0
0 0 0
0 0 0
0 0 0
0 0 0
0 0 0
0 0 0
0 0 0
0 0 0
0 0 0
