1
1165 1166 1167 1168 1169 1170 1171 
14
16
-2.530289E+01 -1.936594E+01 0.000000E+00
-2.534428E+01 -2.001807E+01 0.000000E+00
-2.481711E+01 -1.977160E+01 0.000000E+00
-2.487909E+01 -2.039321E+01 0.000000E+00
-2.445399E+01 -2.082215E+01 0.000000E+00
-2.492461E+01 -2.100497E+01 0.000000E+00
-2.434584E+01 -2.015691E+01 0.000000E+00
-2.479181E+01 -1.913173E+01 0.000000E+00
-2.398337E+01 -2.063933E+01 0.000000E+00
-2.540771E+01 -2.066836E+01 0.000000E+00
-2.431357E+01 -1.946980E+01 0.000000E+00
-2.383533E+01 -1.980786E+01 0.000000E+00
-2.589082E+01 -2.033175E+01 0.000000E+00
-2.581396E+01 -1.960016E+01 0.000000E+00
2 1 0
2 3 1
5 3 4
6 3 2
7 2 0
4 3 6
8 4 6
3 9 1
2 7 10
6 2 10
6 10 11
6 11 8
13 1 12
1 9 12
0 1 13
5 9 3












1141 5 0 
1141 5 0 
1141 5 0 
1133 4 0 
1133 4 0 
1133 4 0 






1141 13 0 
1141 13 0 
1141 13 0 
1133 3 0 
1133 3 0 
1133 3 0 



1156 13 0 
1156 13 0 
1156 13 0 
1133 12 0 
1133 12 0 
1133 12 0 



1 1 1
1 1 1
1 1 1
1 1 1
1 1 1
1 1 1
1 1 1
1 1 1
1 1 1
1 1 1
1 1 1
1 1 1
1 1 1
1 1 1
