2
1934 1935 1936 1938 1939 1940 1941 
9
8
-6.747707E+00 -1.641778E+01 0.000000E+00
-6.177953E+00 -1.638462E+01 0.000000E+00
-5.608199E+00 -1.635146E+01 0.000000E+00
-6.747707E+00 -1.641778E+01 7.425000E-01
-6.177953E+00 -1.638462E+01 7.425000E-01
-5.608199E+00 -1.635146E+01 7.425000E-01
-6.747707E+00 -1.641778E+01 1.485000E+00
-6.177953E+00 -1.638462E+01 1.485000E+00
-5.608199E+00 -1.635146E+01 1.485000E+00
0 1 4
0 4 3
3 4 6
4 7 6
1 2 4
2 5 4
4 5 8
4 8 7
1854 12 0 
1854 12 0 
1854 12 0 
1854 11 0 
1854 11 0 
1854 11 0 
1854 13 0 
1854 13 0 
1854 13 0 
1861 5 0 
1861 5 0 
1861 5 0 
1861 4 0 
1861 4 0 
1861 4 0 
1860 3 0 
1860 3 0 
1860 3 0 
1855 12 0 
1855 12 0 
1855 12 0 
1855 11 0 
1855 11 0 
1855 11 0 
1855 13 0 
1855 13 0 
1855 13 0 
0 0 0
0 0 0
0 0 0
0 0 0
0 0 0
0 0 0
0 0 0
0 0 0
0 0 0
