2
5944 5945 5946 5947 5949 5950 5951 
9
8
-1.580063E+01 5.072365E+00 0.000000E+00
-1.597584E+01 5.571052E+00 0.000000E+00
-1.615106E+01 6.069739E+00 0.000000E+00
-1.580063E+01 5.072365E+00 7.425000E-01
-1.597584E+01 5.571052E+00 7.425000E-01
-1.615106E+01 6.069739E+00 7.425000E-01
-1.580063E+01 5.072365E+00 1.485000E+00
-1.597584E+01 5.571052E+00 1.485000E+00
-1.615106E+01 6.069739E+00 1.485000E+00
0 1 4
0 4 3
3 4 6
4 7 6
1 2 4
2 5 4
4 5 8
4 8 7
5944 13 0 
5944 13 0 
5944 13 0 
5944 12 0 
5944 12 0 
5944 12 0 
5944 10 0 
5944 10 0 
5944 10 0 
5947 5 0 
5947 5 0 
5947 5 0 






5945 13 0 
5945 13 0 
5945 13 0 
5945 12 0 
5945 12 0 
5945 12 0 
5945 10 0 
5945 10 0 
5945 10 0 
0 0 0
0 0 0
0 0 0
0 0 0
0 0 0
0 0 0
0 0 0
0 0 0
0 0 0
