0
2824 2826 2827 2828 2829 2830 
11
10
-8.422935E+00 -1.285499E+01 1.485000E+00
-9.043183E+00 -1.237164E+01 1.485000E+00
-9.230674E+00 -1.329849E+01 1.485000E+00
-8.559338E+00 -1.192503E+01 1.485000E+00
-8.146173E+00 -1.228785E+01 1.485000E+00
-9.861613E+00 -1.205077E+01 1.485000E+00
-9.811632E+00 -1.261281E+01 1.485000E+00
-8.972502E+00 -1.156220E+01 1.485000E+00
-9.417057E+00 -1.180648E+01 1.485000E+00
-9.761652E+00 -1.317486E+01 1.485000E+00
-8.699697E+00 -1.342213E+01 1.485000E+00
0 1 2
3 1 4
5 6 1
7 8 1
9 2 6
2 10 0
1 0 4
5 1 8
6 2 1
7 1 3






2592 13 0 
2592 13 0 
2592 13 0 






2817 9 0 
2817 9 0 
2817 9 0 
2817 8 0 
2817 8 0 
2817 8 0 






2592 4 0 
2592 4 0 
2592 4 0 
2592 9 0 
2592 9 0 
2592 9 0 
0 0 0
0 0 0
0 0 0
0 0 0
0 0 0
0 0 0
0 0 0
0 0 0
0 0 0
0 0 0
0 0 0
