1
6557 6558 6559 6560 6561 6562 6563 6564 
15
17
1.242402E+01 8.118382E+00 0.000000E+00
1.260769E+01 8.790635E+00 0.000000E+00
1.199173E+01 8.537748E+00 0.000000E+00
1.273070E+01 9.534345E+00 0.000000E+00
1.205851E+01 9.187852E+00 0.000000E+00
1.266195E+01 1.023099E+01 0.000000E+00
1.212529E+01 9.837956E+00 0.000000E+00
1.327005E+01 9.598767E+00 0.000000E+00
1.311397E+01 1.011492E+01 0.000000E+00
1.356599E+01 9.998850E+00 0.000000E+00
1.378093E+01 9.514976E+00 0.000000E+00
1.326126E+01 8.948259E+00 0.000000E+00
1.399587E+01 9.031101E+00 0.000000E+00
1.298845E+01 8.205574E+00 0.000000E+00
1.355288E+01 8.292767E+00 0.000000E+00
2 1 0
4 3 1
3 6 5
8 7 3
8 3 5
8 9 7
9 10 7
10 12 11
10 11 7
3 7 11
6 3 4
3 11 1
1 11 13
11 12 14
2 4 1
14 13 11
13 0 1
6401 10 0 
6401 10 0 
6401 10 0 



6401 13 0 
6401 13 0 
6401 13 0 


















6548 8 0 
6548 8 0 
6548 8 0 
6548 12 0 
6548 12 0 
6548 12 0 



6417 12 0 
6417 12 0 
6417 12 0 
6410 3 0 
6410 3 0 
6410 3 0 
6410 5 0 
6410 5 0 
6410 5 0 
0 0 0
0 0 0
0 0 0
0 0 0
0 0 0
0 0 0
0 0 0
0 0 0
0 0 0
0 0 0
0 0 0
0 0 0
0 0 0
0 0 0
0 0 0
