2
2340 2341 2342 2343 2344 2345 2347 
9
8
1.895986E+01 -1.229838E+01 0.000000E+00
1.849094E+01 -1.271087E+01 0.000000E+00
1.802202E+01 -1.312336E+01 0.000000E+00
1.895986E+01 -1.229838E+01 7.425000E-01
1.849094E+01 -1.271087E+01 7.425000E-01
1.802202E+01 -1.312336E+01 7.425000E-01
1.895986E+01 -1.229838E+01 1.485000E+00
1.849094E+01 -1.271087E+01 1.485000E+00
1.802202E+01 -1.312336E+01 1.485000E+00
0 1 4
0 4 3
3 4 6
4 7 6
1 2 4
2 5 4
4 5 8
4 8 7
2340 5 0 
2340 5 0 
2340 5 0 
2340 3 0 
2340 3 0 
2340 3 0 
2316 12 0 
2316 12 0 
2316 12 0 
2345 3 0 
2345 3 0 
2345 3 0 



2320 3 0 
2320 3 0 
2320 3 0 
2341 5 0 
2341 5 0 
2341 5 0 
2341 3 0 
2341 3 0 
2341 3 0 
2317 12 0 
2317 12 0 
2317 12 0 
0 0 0
0 0 0
0 0 0
0 0 0
0 0 0
0 0 0
0 0 0
0 0 0
0 0 0
