2
9489 9490 9491 9492 9493 9495 9496 
9
8
-2.529624E+01 2.408438E+01 0.000000E+00
-2.579013E+01 2.402755E+01 0.000000E+00
-2.628401E+01 2.397072E+01 0.000000E+00
-2.529624E+01 2.408438E+01 7.425000E-01
-2.579013E+01 2.402755E+01 7.425000E-01
-2.628401E+01 2.397072E+01 7.425000E-01
-2.529624E+01 2.408438E+01 1.485000E+00
-2.579013E+01 2.402755E+01 1.485000E+00
-2.628401E+01 2.397072E+01 1.485000E+00
0 1 4
0 4 3
3 4 6
4 7 6
1 2 4
2 5 4
4 5 8
4 8 7
9481 11 0 
9481 11 0 
9481 11 0 
9489 5 0 
9489 5 0 
9489 5 0 
9489 3 0 
9489 3 0 
9489 3 0 
9483 3 0 
9483 3 0 
9483 3 0 






9482 11 0 
9482 11 0 
9482 11 0 
9490 5 0 
9490 5 0 
9490 5 0 
9490 3 0 
9490 3 0 
9490 3 0 
0 0 0
0 0 0
0 0 0
0 0 0
0 0 0
0 0 0
0 0 0
0 0 0
0 0 0
