2
3520 3521 3522 3523 3524 3525 
9
8
2.494958E+00 -8.730585E+00 0.000000E+00
2.503122E+00 -9.408869E+00 0.000000E+00
2.511286E+00 -1.008715E+01 0.000000E+00
2.494958E+00 -8.730585E+00 7.425000E-01
2.503122E+00 -9.408869E+00 7.425000E-01
2.511286E+00 -1.008715E+01 7.425000E-01
2.494958E+00 -8.730585E+00 1.485000E+00
2.503122E+00 -9.408869E+00 1.485000E+00
2.511286E+00 -1.008715E+01 1.485000E+00
0 1 4
0 4 3
3 4 6
4 7 6
1 2 4
2 5 4
4 5 8
4 8 7
3512 7 0 
3512 7 0 
3512 7 0 
3512 8 0 
3512 8 0 
3512 8 0 
3454 0 0 
3454 0 0 
3454 0 0 
3516 5 0 
3516 5 0 
3516 5 0 
3516 4 0 
3516 4 0 
3516 4 0 
3460 5 0 
3460 5 0 
3460 5 0 
3513 7 0 
3513 7 0 
3513 7 0 
3513 8 0 
3513 8 0 
3513 8 0 
3455 0 0 
3455 0 0 
3455 0 0 
0 0 0
0 0 0
0 0 0
0 0 0
0 0 0
0 0 0
0 0 0
0 0 0
0 0 0
