2
3463 3464 3465 3467 3468 3469 3470 
9
8
7.324595E-01 -1.197425E+01 0.000000E+00
1.255057E+00 -1.176518E+01 0.000000E+00
1.777654E+00 -1.155610E+01 0.000000E+00
7.324595E-01 -1.197425E+01 7.425000E-01
1.255057E+00 -1.176518E+01 7.425000E-01
1.777654E+00 -1.155610E+01 7.425000E-01
7.324595E-01 -1.197425E+01 1.485000E+00
1.255057E+00 -1.176518E+01 1.485000E+00
1.777654E+00 -1.155610E+01 1.485000E+00
0 1 4
0 4 3
3 4 6
4 7 6
1 2 4
2 5 4
4 5 8
4 8 7
3086 11 0 
3086 11 0 
3086 11 0 
3094 1 0 
3094 1 0 
3094 1 0 
3094 6 0 
3094 6 0 
3094 6 0 
3089 5 0 
3089 5 0 
3089 5 0 
3100 4 0 
3100 4 0 
3100 4 0 
3099 3 0 
3099 3 0 
3099 3 0 
3087 11 0 
3087 11 0 
3087 11 0 
3095 1 0 
3095 1 0 
3095 1 0 
3095 6 0 
3095 6 0 
3095 6 0 
0 0 0
0 0 0
0 0 0
0 0 0
0 0 0
0 0 0
0 0 0
0 0 0
0 0 0
