2
5817 5818 5819 5820 5822 5823 5824 5825 
9
8
-1.645572E+01 2.346629E+00 0.000000E+00
-1.628559E+01 2.781805E+00 0.000000E+00
-1.611546E+01 3.216980E+00 0.000000E+00
-1.645572E+01 2.346629E+00 7.425000E-01
-1.628559E+01 2.781805E+00 7.425000E-01
-1.611546E+01 3.216980E+00 7.425000E-01
-1.645572E+01 2.346629E+00 1.485000E+00
-1.628559E+01 2.781805E+00 1.485000E+00
-1.611546E+01 3.216980E+00 1.485000E+00
0 1 4
0 4 3
3 4 6
4 7 6
1 2 4
2 5 4
4 5 8
4 8 7
5031 4 0 
5031 4 0 
5031 4 0 
5809 11 0 
5809 11 0 
5809 11 0 
5809 7 0 
5809 7 0 
5809 7 0 
5036 5 0 
5036 5 0 
5036 5 0 
5816 4 0 
5816 4 0 
5816 4 0 
5815 5 0 
5815 5 0 
5815 5 0 
5032 4 0 
5032 4 0 
5032 4 0 
5810 11 0 
5810 11 0 
5810 11 0 
5810 7 0 
5810 7 0 
5810 7 0 
0 0 0
0 0 0
0 0 0
0 0 0
0 0 0
0 0 0
0 0 0
0 0 0
0 0 0
