0
1355 1357 1358 1359 1360 1361 1362 1363 
14
16
-2.210900E+01 -1.647309E+01 1.485000E+00
-2.142751E+01 -1.665159E+01 1.485000E+00
-2.142637E+01 -1.614601E+01 1.485000E+00
-2.263019E+01 -1.613046E+01 1.485000E+00
-2.199144E+01 -1.587494E+01 1.485000E+00
-2.242975E+01 -1.548179E+01 1.485000E+00
-2.278627E+01 -1.497258E+01 1.485000E+00
-2.301497E+01 -1.558061E+01 1.485000E+00
-2.188273E+01 -1.525068E+01 1.485000E+00
-2.234021E+01 -1.486092E+01 1.485000E+00
-2.142524E+01 -1.564043E+01 1.485000E+00
-2.287982E+01 -1.686594E+01 1.485000E+00
-2.197620E+01 -1.706295E+01 1.485000E+00
-2.324367E+01 -1.618864E+01 1.485000E+00
0 1 2
3 4 5
0 2 4
6 7 5
5 8 9
2 10 4
11 12 0
11 0 3
12 1 0
4 10 8
4 3 0
7 13 3
3 5 7
4 8 5
5 9 6
13 11 3



1303 8 0 
1303 8 0 
1303 8 0 












1349 4 0 
1349 4 0 
1349 4 0 
1349 8 0 
1349 8 0 
1349 8 0 









1311 11 0 
1311 11 0 
1311 11 0 
1303 9 0 
1303 9 0 
1303 9 0 
1318 1 0 
1318 1 0 
1318 1 0 
0 0 0
0 0 0
0 0 0
0 0 0
0 0 0
0 0 0
0 0 0
0 0 0
0 0 0
0 0 0
0 0 0
0 0 0
0 0 0
0 0 0
