2
644 645 647 648 649 650 651 652 
9
8
1.716834E+01 -2.584590E+01 0.000000E+00
1.766644E+01 -2.606909E+01 0.000000E+00
1.816455E+01 -2.629228E+01 0.000000E+00
1.716834E+01 -2.584590E+01 7.425000E-01
1.766644E+01 -2.606909E+01 7.425000E-01
1.816455E+01 -2.629228E+01 7.425000E-01
1.716834E+01 -2.584590E+01 1.485000E+00
1.766644E+01 -2.606909E+01 1.485000E+00
1.816455E+01 -2.629228E+01 1.485000E+00
0 1 4
0 4 3
3 4 6
4 7 6
1 2 4
2 5 4
4 5 8
4 8 7
335 2 0 
335 2 0 
335 2 0 
335 1 0 
335 1 0 
335 1 0 
328 9 0 
328 9 0 
328 9 0 
340 5 0 
340 5 0 
340 5 0 
340 4 0 
340 4 0 
340 4 0 
333 5 0 
333 5 0 
333 5 0 
336 2 0 
336 2 0 
336 2 0 
336 1 0 
336 1 0 
336 1 0 
329 9 0 
329 9 0 
329 9 0 
0 0 0
0 0 0
0 0 0
0 0 0
0 0 0
0 0 0
0 0 0
0 0 0
0 0 0
