2
6973 6974 6975 6977 6978 6979 6980 
9
8
6.271623E+00 1.089646E+01 0.000000E+00
6.605199E+00 1.130892E+01 0.000000E+00
6.938776E+00 1.172138E+01 0.000000E+00
6.271623E+00 1.089646E+01 7.425000E-01
6.605199E+00 1.130892E+01 7.425000E-01
6.938776E+00 1.172138E+01 7.425000E-01
6.271623E+00 1.089646E+01 1.485000E+00
6.605199E+00 1.130892E+01 1.485000E+00
6.938776E+00 1.172138E+01 1.485000E+00
0 1 4
0 4 3
3 4 6
4 7 6
1 2 4
2 5 4
4 5 8
4 8 7
6597 12 0 
6597 12 0 
6597 12 0 
6973 12 0 
6973 12 0 
6973 12 0 
6973 10 0 
6973 10 0 
6973 10 0 
6602 3 0 
6602 3 0 
6602 3 0 






6598 12 0 
6598 12 0 
6598 12 0 
6974 12 0 
6974 12 0 
6974 12 0 
6974 10 0 
6974 10 0 
6974 10 0 
0 0 0
0 0 0
0 0 0
0 0 0
0 0 0
0 0 0
0 0 0
0 0 0
0 0 0
