2
7966 7967 7968 7969 7970 7972 7973 7974 
9
8
-4.006211E+00 1.776957E+01 0.000000E+00
-4.379399E+00 1.818854E+01 0.000000E+00
-4.752587E+00 1.860752E+01 0.000000E+00
-4.006211E+00 1.776957E+01 7.425000E-01
-4.379399E+00 1.818854E+01 7.425000E-01
-4.752587E+00 1.860752E+01 7.425000E-01
-4.006211E+00 1.776957E+01 1.485000E+00
-4.379399E+00 1.818854E+01 1.485000E+00
-4.752587E+00 1.860752E+01 1.485000E+00
0 1 4
0 4 3
3 4 6
4 7 6
1 2 4
2 5 4
4 5 8
4 8 7
7966 10 0 
7966 10 0 
7966 10 0 
7966 11 0 
7966 11 0 
7966 11 0 
7966 5 0 
7966 5 0 
7966 5 0 
7970 3 0 
7970 3 0 
7970 3 0 






7967 10 0 
7967 10 0 
7967 10 0 
7967 11 0 
7967 11 0 
7967 11 0 
7967 5 0 
7967 5 0 
7967 5 0 
0 0 0
0 0 0
0 0 0
0 0 0
0 0 0
0 0 0
0 0 0
0 0 0
0 0 0
