0
4465 4467 4468 4469 4470 4471 4472 4473 
13
15
-1.318512E+01 -3.586342E+00 1.485000E+00
-1.229959E+01 -3.708468E+00 1.485000E+00
-1.247968E+01 -3.124060E+00 1.485000E+00
-1.194221E+01 -2.590060E+00 1.485000E+00
-1.249535E+01 -2.374232E+00 1.485000E+00
-1.296325E+01 -2.867892E+00 1.485000E+00
-1.316743E+01 -2.316252E+00 1.485000E+00
-1.187008E+01 -3.315904E+00 1.485000E+00
-1.284759E+01 -1.883760E+00 1.485000E+00
-1.197211E+01 -1.766158E+00 1.485000E+00
-1.142644E+01 -2.226222E+00 1.485000E+00
-1.144056E+01 -2.923339E+00 1.485000E+00
-1.348727E+01 -2.748744E+00 1.485000E+00
0 1 2
3 4 2
5 4 6
7 3 2
8 4 9
6 4 8
5 2 4
5 0 2
4 3 9
10 3 11
10 9 3
5 6 12
12 0 5
3 7 11
2 1 7
4451 3 0 
4451 3 0 
4451 3 0 
4451 4 0 
4451 4 0 
4451 4 0 















4459 8 0 
4459 8 0 
4459 8 0 









4459 9 0 
4459 9 0 
4459 9 0 



0 0 0
0 0 0
0 0 0
0 0 0
0 0 0
0 0 0
0 0 0
0 0 0
0 0 0
0 0 0
0 0 0
0 0 0
0 0 0
