2
6045 6046 6048 6049 6050 6051 6052 
12
12
-1.389748E+01 5.738659E+00 0.000000E+00
-1.355753E+01 5.693312E+00 0.000000E+00
-1.321757E+01 5.647964E+00 0.000000E+00
-1.253767E+01 5.557270E+00 0.000000E+00
-1.389748E+01 5.738659E+00 7.425000E-01
-1.355753E+01 5.693312E+00 7.425000E-01
-1.321757E+01 5.647964E+00 7.425000E-01
-1.253767E+01 5.557270E+00 7.425000E-01
-1.389748E+01 5.738659E+00 1.485000E+00
-1.355753E+01 5.693312E+00 1.485000E+00
-1.321757E+01 5.647964E+00 1.485000E+00
-1.253767E+01 5.557270E+00 1.485000E+00
0 1 5
0 5 4
4 5 8
5 9 8
1 2 5
2 6 5
5 6 9
6 10 9
2 3 6
3 7 6
6 7 11
6 11 10
5966 5 0 
5966 5 0 
5966 5 0 
5966 7 0 
5966 7 0 
5966 7 0 
5966 8 0 
5966 8 0 
5966 8 0 
5966 9 0 
5966 9 0 
5966 9 0 
5971 7 0 
5971 7 0 
5971 7 0 
5971 6 0 
5971 6 0 
5971 6 0 
5971 5 0 
5971 5 0 
5971 5 0 
5970 5 0 
5970 5 0 
5970 5 0 
5967 5 0 
5967 5 0 
5967 5 0 
5967 7 0 
5967 7 0 
5967 7 0 
5967 8 0 
5967 8 0 
5967 8 0 
5967 9 0 
5967 9 0 
5967 9 0 
0 0 0
0 0 0
0 0 0
0 0 0
0 0 0
0 0 0
0 0 0
0 0 0
0 0 0
0 0 0
0 0 0
0 0 0
