2
1526 1527 1528 1529 1530 1532 1533 1534 
6
4
1.055171E+01 -1.998460E+01 0.000000E+00
1.014460E+01 -1.945926E+01 0.000000E+00
1.055171E+01 -1.998460E+01 7.425000E-01
1.014460E+01 -1.945926E+01 7.425000E-01
1.055171E+01 -1.998460E+01 1.485000E+00
1.014460E+01 -1.945926E+01 1.485000E+00
0 1 3
0 3 2
2 3 5
2 5 4
1526 13 0 
1526 13 0 
1526 13 0 
1526 5 0 
1526 5 0 
1526 5 0 
1530 5 0 
1530 5 0 
1530 5 0 



1527 13 0 
1527 13 0 
1527 13 0 
1527 5 0 
1527 5 0 
1527 5 0 
0 0 0
0 0 0
0 0 0
0 0 0
0 0 0
0 0 0
