2
6501 6502 6503 6504 6506 6507 6508 
6
4
2.557902E+01 8.918330E+00 0.000000E+00
2.539515E+01 9.485279E+00 0.000000E+00
2.557902E+01 8.918330E+00 7.425000E-01
2.539515E+01 9.485279E+00 7.425000E-01
2.557902E+01 8.918330E+00 1.485000E+00
2.539515E+01 9.485279E+00 1.485000E+00
0 1 3
0 3 2
2 3 5
2 5 4
6467 11 0 
6467 11 0 
6467 11 0 
6491 5 0 
6491 5 0 
6491 5 0 
6472 3 0 
6472 3 0 
6472 3 0 
6493 2 0 
6493 2 0 
6493 2 0 
6468 11 0 
6468 11 0 
6468 11 0 
6492 5 0 
6492 5 0 
6492 5 0 
0 0 0
0 0 0
0 0 0
0 0 0
0 0 0
0 0 0
