2
2801 2802 2803 2804 2805 2806 
9
8
-1.420842E+01 -1.244902E+01 0.000000E+00
-1.436070E+01 -1.300692E+01 0.000000E+00
-1.451297E+01 -1.356481E+01 0.000000E+00
-1.420842E+01 -1.244902E+01 7.425000E-01
-1.436070E+01 -1.300692E+01 7.425000E-01
-1.451297E+01 -1.356481E+01 7.425000E-01
-1.420842E+01 -1.244902E+01 1.485000E+00
-1.436070E+01 -1.300692E+01 1.485000E+00
-1.451297E+01 -1.356481E+01 1.485000E+00
0 1 4
0 4 3
3 4 6
4 7 6
1 2 4
2 5 4
4 5 8
4 8 7
2793 13 0 
2793 13 0 
2793 13 0 
2793 4 0 
2793 4 0 
2793 4 0 
2609 4 0 
2609 4 0 
2609 4 0 
2797 5 0 
2797 5 0 
2797 5 0 
2797 4 0 
2797 4 0 
2797 4 0 
2614 5 0 
2614 5 0 
2614 5 0 
2794 13 0 
2794 13 0 
2794 13 0 
2794 4 0 
2794 4 0 
2794 4 0 
2610 4 0 
2610 4 0 
2610 4 0 
0 0 0
0 0 0
0 0 0
0 0 0
0 0 0
0 0 0
0 0 0
0 0 0
0 0 0
