2
4696 4697 4698 4699 4700 4702 4703 
9
8
-4.776438E-01 -1.399836E+00 0.000000E+00
-8.859594E-01 -1.032278E+00 0.000000E+00
-1.294275E+00 -6.647194E-01 0.000000E+00
-4.776438E-01 -1.399836E+00 7.425000E-01
-8.859594E-01 -1.032278E+00 7.425000E-01
-1.294275E+00 -6.647194E-01 7.425000E-01
-4.776438E-01 -1.399836E+00 1.485000E+00
-8.859594E-01 -1.032278E+00 1.485000E+00
-1.294275E+00 -6.647194E-01 1.485000E+00
0 1 4
0 4 3
3 4 6
4 7 6
1 2 4
2 5 4
4 5 8
4 8 7
4696 6 0 
4696 6 0 
4696 6 0 
4696 11 0 
4696 11 0 
4696 11 0 
4696 12 0 
4696 12 0 
4696 12 0 
4700 3 0 
4700 3 0 
4700 3 0 






4697 6 0 
4697 6 0 
4697 6 0 
4697 11 0 
4697 11 0 
4697 11 0 
4697 12 0 
4697 12 0 
4697 12 0 
0 0 0
0 0 0
0 0 0
0 0 0
0 0 0
0 0 0
0 0 0
0 0 0
0 0 0
