2
4959 4960 4962 4963 4964 4965 
9
8
-2.668694E+01 -1.647340E+00 0.000000E+00
-2.614198E+01 -1.800978E+00 0.000000E+00
-2.559701E+01 -1.954617E+00 0.000000E+00
-2.668694E+01 -1.647340E+00 7.425000E-01
-2.614198E+01 -1.800978E+00 7.425000E-01
-2.559701E+01 -1.954617E+00 7.425000E-01
-2.668694E+01 -1.647340E+00 1.485000E+00
-2.614198E+01 -1.800978E+00 1.485000E+00
-2.559701E+01 -1.954617E+00 1.485000E+00
0 1 4
0 4 3
3 4 6
4 7 6
1 2 4
2 5 4
4 5 8
4 8 7
4554 14 0 
4554 14 0 
4554 14 0 
4554 0 0 
4554 0 0 
4554 0 0 
4554 13 0 
4554 13 0 
4554 13 0 
4561 5 0 
4561 5 0 
4561 5 0 
4561 4 0 
4561 4 0 
4561 4 0 
4560 3 0 
4560 3 0 
4560 3 0 
4555 14 0 
4555 14 0 
4555 14 0 
4555 0 0 
4555 0 0 
4555 0 0 
4555 13 0 
4555 13 0 
4555 13 0 
0 0 0
0 0 0
0 0 0
0 0 0
0 0 0
0 0 0
0 0 0
0 0 0
0 0 0
