2
2300 2301 2302 2303 2305 2306 2307 
9
8
1.519649E+01 -1.490601E+01 0.000000E+00
1.509873E+01 -1.438753E+01 0.000000E+00
1.500098E+01 -1.386906E+01 0.000000E+00
1.519649E+01 -1.490601E+01 7.425000E-01
1.509873E+01 -1.438753E+01 7.425000E-01
1.500098E+01 -1.386906E+01 7.425000E-01
1.519649E+01 -1.490601E+01 1.485000E+00
1.509873E+01 -1.438753E+01 1.485000E+00
1.500098E+01 -1.386906E+01 1.485000E+00
0 1 4
0 4 3
3 4 6
4 7 6
1 2 4
2 5 4
4 5 8
4 8 7
2260 10 0 
2260 10 0 
2260 10 0 
2300 4 0 
2300 4 0 
2300 4 0 
2300 7 0 
2300 7 0 
2300 7 0 
2265 3 0 
2265 3 0 
2265 3 0 






2261 10 0 
2261 10 0 
2261 10 0 
2301 4 0 
2301 4 0 
2301 4 0 
2301 7 0 
2301 7 0 
2301 7 0 
0 0 0
0 0 0
0 0 0
0 0 0
0 0 0
0 0 0
0 0 0
0 0 0
0 0 0
