2
3838 3839 3841 3842 3843 3844 3845 
9
8
-5.914325E+00 -5.520804E+00 0.000000E+00
-5.258457E+00 -5.448918E+00 0.000000E+00
-4.602589E+00 -5.377032E+00 0.000000E+00
-5.914325E+00 -5.520804E+00 7.425000E-01
-5.258457E+00 -5.448918E+00 7.425000E-01
-4.602589E+00 -5.377032E+00 7.425000E-01
-5.914325E+00 -5.520804E+00 1.485000E+00
-5.258457E+00 -5.448918E+00 1.485000E+00
-4.602589E+00 -5.377032E+00 1.485000E+00
0 1 4
0 4 3
3 4 6
4 7 6
1 2 4
2 5 4
4 5 8
4 8 7
3822 1 0 
3822 1 0 
3822 1 0 
3822 7 0 
3822 7 0 
3822 7 0 
3822 6 0 
3822 6 0 
3822 6 0 
3828 5 0 
3828 5 0 
3828 5 0 
3828 4 0 
3828 4 0 
3828 4 0 
3827 3 0 
3827 3 0 
3827 3 0 
3823 1 0 
3823 1 0 
3823 1 0 
3823 7 0 
3823 7 0 
3823 7 0 
3823 6 0 
3823 6 0 
3823 6 0 
0 0 0
0 0 0
0 0 0
0 0 0
0 0 0
0 0 0
0 0 0
0 0 0
0 0 0
