2
4089 4090 4091 4092 4094 4095 4096 
9
8
1.223727E+01 -5.519409E+00 0.000000E+00
1.258330E+01 -5.107429E+00 0.000000E+00
1.292934E+01 -4.695448E+00 0.000000E+00
1.223727E+01 -5.519409E+00 7.425000E-01
1.258330E+01 -5.107429E+00 7.425000E-01
1.292934E+01 -4.695448E+00 7.425000E-01
1.223727E+01 -5.519409E+00 1.485000E+00
1.258330E+01 -5.107429E+00 1.485000E+00
1.292934E+01 -4.695448E+00 1.485000E+00
0 1 4
0 4 3
3 4 6
4 7 6
1 2 4
2 5 4
4 5 8
4 8 7
3922 5 0 
3922 5 0 
3922 5 0 
4081 8 0 
4081 8 0 
4081 8 0 
4081 13 0 
4081 13 0 
4081 13 0 
3927 3 0 
3927 3 0 
3927 3 0 
4087 4 0 
4087 4 0 
4087 4 0 
4086 5 0 
4086 5 0 
4086 5 0 
3923 5 0 
3923 5 0 
3923 5 0 
4082 8 0 
4082 8 0 
4082 8 0 
4082 13 0 
4082 13 0 
4082 13 0 
0 0 0
0 0 0
0 0 0
0 0 0
0 0 0
0 0 0
0 0 0
0 0 0
0 0 0
