2
4387 4388 4389 4390 4391 4392 
9
8
-2.884928E+00 -4.281140E+00 0.000000E+00
-2.632309E+00 -4.858961E+00 0.000000E+00
-2.379690E+00 -5.436781E+00 0.000000E+00
-2.884928E+00 -4.281140E+00 7.425000E-01
-2.632309E+00 -4.858961E+00 7.425000E-01
-2.379690E+00 -5.436781E+00 7.425000E-01
-2.884928E+00 -4.281140E+00 1.485000E+00
-2.632309E+00 -4.858961E+00 1.485000E+00
-2.379690E+00 -5.436781E+00 1.485000E+00
0 1 4
0 4 3
3 4 6
4 7 6
1 2 4
2 5 4
4 5 8
4 8 7
3846 3 0 
3846 3 0 
3846 3 0 
3846 11 0 
3846 11 0 
3846 11 0 
3846 12 0 
3846 12 0 
3846 12 0 
3852 5 0 
3852 5 0 
3852 5 0 
3852 4 0 
3852 4 0 
3852 4 0 
3851 3 0 
3851 3 0 
3851 3 0 
3847 3 0 
3847 3 0 
3847 3 0 
3847 11 0 
3847 11 0 
3847 11 0 
3847 12 0 
3847 12 0 
3847 12 0 
0 0 0
0 0 0
0 0 0
0 0 0
0 0 0
0 0 0
0 0 0
0 0 0
0 0 0
