2
6501 6502 6503 6504 6505 6507 6508 
9
8
2.539515E+01 9.485279E+00 0.000000E+00
2.465464E+01 9.721408E+00 0.000000E+00
2.391413E+01 9.957536E+00 0.000000E+00
2.539515E+01 9.485279E+00 7.425000E-01
2.465464E+01 9.721408E+00 7.425000E-01
2.391413E+01 9.957536E+00 7.425000E-01
2.539515E+01 9.485279E+00 1.485000E+00
2.465464E+01 9.721408E+00 1.485000E+00
2.391413E+01 9.957536E+00 1.485000E+00
0 1 4
0 4 3
3 4 6
4 7 6
1 2 4
2 5 4
4 5 8
4 8 7
6491 5 0 
6491 5 0 
6491 5 0 
6501 1 0 
6501 1 0 
6501 1 0 
6501 11 0 
6501 11 0 
6501 11 0 
6493 2 0 
6493 2 0 
6493 2 0 






6492 5 0 
6492 5 0 
6492 5 0 
6502 1 0 
6502 1 0 
6502 1 0 
6502 11 0 
6502 11 0 
6502 11 0 
0 0 0
0 0 0
0 0 0
0 0 0
0 0 0
0 0 0
0 0 0
0 0 0
0 0 0
