2
7517 7518 7520 7521 7522 7523 7524 
9
8
-1.785874E+01 1.485296E+01 0.000000E+00
-1.731500E+01 1.470585E+01 0.000000E+00
-1.677125E+01 1.455875E+01 0.000000E+00
-1.785874E+01 1.485296E+01 7.425000E-01
-1.731500E+01 1.470585E+01 7.425000E-01
-1.677125E+01 1.455875E+01 7.425000E-01
-1.785874E+01 1.485296E+01 1.485000E+00
-1.731500E+01 1.470585E+01 1.485000E+00
-1.677125E+01 1.455875E+01 1.485000E+00
0 1 4
0 4 3
3 4 6
4 7 6
1 2 4
2 5 4
4 5 8
4 8 7
7356 10 0 
7356 10 0 
7356 10 0 
7356 9 0 
7356 9 0 
7356 9 0 
7348 11 0 
7348 11 0 
7348 11 0 
7360 5 0 
7360 5 0 
7360 5 0 
7360 4 0 
7360 4 0 
7360 4 0 
7354 5 0 
7354 5 0 
7354 5 0 
7357 10 0 
7357 10 0 
7357 10 0 
7357 9 0 
7357 9 0 
7357 9 0 
7349 11 0 
7349 11 0 
7349 11 0 
0 0 0
0 0 0
0 0 0
0 0 0
0 0 0
0 0 0
0 0 0
0 0 0
0 0 0
