2
886 887 888 889 890 892 893 
9
8
-2.574667E+01 -2.507524E+01 0.000000E+00
-2.594084E+01 -2.461362E+01 0.000000E+00
-2.613500E+01 -2.415200E+01 0.000000E+00
-2.574667E+01 -2.507524E+01 7.425000E-01
-2.594084E+01 -2.461362E+01 7.425000E-01
-2.613500E+01 -2.415200E+01 7.425000E-01
-2.574667E+01 -2.507524E+01 1.485000E+00
-2.594084E+01 -2.461362E+01 1.485000E+00
-2.613500E+01 -2.415200E+01 1.485000E+00
0 1 4
0 4 3
3 4 6
4 7 6
1 2 4
2 5 4
4 5 8
4 8 7
878 13 0 
878 13 0 
878 13 0 
886 10 0 
886 10 0 
886 10 0 
886 11 0 
886 11 0 
886 11 0 
883 7 0 
883 7 0 
883 7 0 






879 13 0 
879 13 0 
879 13 0 
887 10 0 
887 10 0 
887 10 0 
887 11 0 
887 11 0 
887 11 0 
0 0 0
0 0 0
0 0 0
0 0 0
0 0 0
0 0 0
0 0 0
0 0 0
0 0 0
