2
2884 2885 2886 2887 2888 2889 2891 2892 
9
8
-1.428119E+01 -9.867434E+00 0.000000E+00
-1.479042E+01 -9.759673E+00 0.000000E+00
-1.529966E+01 -9.651913E+00 0.000000E+00
-1.428119E+01 -9.867434E+00 7.425000E-01
-1.479042E+01 -9.759673E+00 7.425000E-01
-1.529966E+01 -9.651913E+00 7.425000E-01
-1.428119E+01 -9.867434E+00 1.485000E+00
-1.479042E+01 -9.759673E+00 1.485000E+00
-1.529966E+01 -9.651913E+00 1.485000E+00
0 1 4
0 4 3
3 4 6
4 7 6
1 2 4
2 5 4
4 5 8
4 8 7
2884 13 0 
2884 13 0 
2884 13 0 
2884 15 0 
2884 15 0 
2884 15 0 
2884 3 0 
2884 3 0 
2884 3 0 
2889 3 0 
2889 3 0 
2889 3 0 






2885 13 0 
2885 13 0 
2885 13 0 
2885 15 0 
2885 15 0 
2885 15 0 
2885 3 0 
2885 3 0 
2885 3 0 
0 0 0
0 0 0
0 0 0
0 0 0
0 0 0
0 0 0
0 0 0
0 0 0
0 0 0
