2
6136 6137 6138 6139 6140 6142 6143 
9
8
-2.599037E+01 6.905861E+00 0.000000E+00
-2.648515E+01 7.227285E+00 0.000000E+00
-2.697993E+01 7.548709E+00 0.000000E+00
-2.599037E+01 6.905861E+00 7.425000E-01
-2.648515E+01 7.227285E+00 7.425000E-01
-2.697993E+01 7.548709E+00 7.425000E-01
-2.599037E+01 6.905861E+00 1.485000E+00
-2.648515E+01 7.227285E+00 1.485000E+00
-2.697993E+01 7.548709E+00 1.485000E+00
0 1 4
0 4 3
3 4 6
4 7 6
1 2 4
2 5 4
4 5 8
4 8 7
6105 6 0 
6105 6 0 
6105 6 0 
6136 13 0 
6136 13 0 
6136 13 0 
6136 7 0 
6136 7 0 
6136 7 0 
6112 5 0 
6112 5 0 
6112 5 0 






6106 6 0 
6106 6 0 
6106 6 0 
6137 13 0 
6137 13 0 
6137 13 0 
6137 7 0 
6137 7 0 
6137 7 0 
0 0 0
0 0 0
0 0 0
0 0 0
0 0 0
0 0 0
0 0 0
0 0 0
0 0 0
