2
296 297 298 299 301 302 303 
9
8
2.615884E+01 -2.608490E+01 0.000000E+00
2.606974E+01 -2.552235E+01 0.000000E+00
2.598064E+01 -2.495979E+01 0.000000E+00
2.615884E+01 -2.608490E+01 7.425000E-01
2.606974E+01 -2.552235E+01 7.425000E-01
2.598064E+01 -2.495979E+01 7.425000E-01
2.615884E+01 -2.608490E+01 1.485000E+00
2.606974E+01 -2.552235E+01 1.485000E+00
2.598064E+01 -2.495979E+01 1.485000E+00
0 1 4
0 4 3
3 4 6
4 7 6
1 2 4
2 5 4
4 5 8
4 8 7
287 14 0 
287 14 0 
287 14 0 
296 2 0 
296 2 0 
296 2 0 
296 10 0 
296 10 0 
296 10 0 
293 5 0 
293 5 0 
293 5 0 






288 14 0 
288 14 0 
288 14 0 
297 2 0 
297 2 0 
297 2 0 
297 10 0 
297 10 0 
297 10 0 
0 0 0
0 0 0
0 0 0
0 0 0
0 0 0
0 0 0
0 0 0
0 0 0
0 0 0
