0
7643 7645 7646 7647 7648 7649 7650 
14
16
5.789657E+00 1.483429E+01 1.485000E+00
5.204633E+00 1.462892E+01 1.485000E+00
5.679937E+00 1.429853E+01 1.485000E+00
5.324741E+00 1.516805E+01 1.485000E+00
6.373153E+00 1.502335E+01 1.485000E+00
5.850627E+00 1.538371E+01 1.485000E+00
5.533889E+00 1.372113E+01 1.485000E+00
5.084526E+00 1.408980E+01 1.485000E+00
6.142225E+00 1.393230E+01 1.485000E+00
6.264484E+00 1.448603E+01 1.485000E+00
6.879334E+00 1.462094E+01 1.485000E+00
6.376513E+00 1.559936E+01 1.485000E+00
7.008108E+00 1.509841E+01 1.485000E+00
6.750561E+00 1.414347E+01 1.485000E+00
0 1 2
0 3 1
4 5 0
6 2 7
1 7 2
0 5 3
8 9 2
9 4 0
4 9 10
0 2 9
11 4 12
11 5 4
4 10 12
2 6 8
9 13 10
9 8 13



7636 9 0 
7636 9 0 
7636 9 0 



7636 12 0 
7636 12 0 
7636 12 0 






7221 0 0 
7221 0 0 
7221 0 0 
7228 2 0 
7228 2 0 
7228 2 0 
7221 4 0 
7221 4 0 
7221 4 0 












7221 3 0 
7221 3 0 
7221 3 0 
0 0 0
0 0 0
0 0 0
0 0 0
0 0 0
0 0 0
0 0 0
0 0 0
0 0 0
0 0 0
0 0 0
0 0 0
0 0 0
0 0 0
