2
5365 5366 5367 5368 5369 5371 5372 
9
8
2.562328E+01 3.945894E+00 0.000000E+00
2.557683E+01 4.499117E+00 0.000000E+00
2.553037E+01 5.052341E+00 0.000000E+00
2.562328E+01 3.945894E+00 7.425000E-01
2.557683E+01 4.499117E+00 7.425000E-01
2.553037E+01 5.052341E+00 7.425000E-01
2.562328E+01 3.945894E+00 1.485000E+00
2.557683E+01 4.499117E+00 1.485000E+00
2.553037E+01 5.052341E+00 1.485000E+00
0 1 4
0 4 3
3 4 6
4 7 6
1 2 4
2 5 4
4 5 8
4 8 7
5365 6 0 
5365 6 0 
5365 6 0 
5365 7 0 
5365 7 0 
5365 7 0 
5365 13 0 
5365 13 0 
5365 13 0 
5369 3 0 
5369 3 0 
5369 3 0 






5366 6 0 
5366 6 0 
5366 6 0 
5366 7 0 
5366 7 0 
5366 7 0 
5366 13 0 
5366 13 0 
5366 13 0 
0 0 0
0 0 0
0 0 0
0 0 0
0 0 0
0 0 0
0 0 0
0 0 0
0 0 0
