2
1484 1485 1486 1488 1489 1490 1491 
9
8
7.337761E-01 -2.236632E+01 0.000000E+00
1.306903E+00 -2.220571E+01 0.000000E+00
1.880031E+00 -2.204511E+01 0.000000E+00
7.337761E-01 -2.236632E+01 7.425000E-01
1.306903E+00 -2.220571E+01 7.425000E-01
1.880031E+00 -2.204511E+01 7.425000E-01
7.337761E-01 -2.236632E+01 1.485000E+00
1.306903E+00 -2.220571E+01 1.485000E+00
1.880031E+00 -2.204511E+01 1.485000E+00
0 1 4
0 4 3
3 4 6
4 7 6
1 2 4
2 5 4
4 5 8
4 8 7
748 5 0 
748 5 0 
748 5 0 
748 8 0 
748 8 0 
748 8 0 
748 12 0 
748 12 0 
748 12 0 
754 5 0 
754 5 0 
754 5 0 
754 4 0 
754 4 0 
754 4 0 
753 3 0 
753 3 0 
753 3 0 
749 5 0 
749 5 0 
749 5 0 
749 8 0 
749 8 0 
749 8 0 
749 12 0 
749 12 0 
749 12 0 
0 0 0
0 0 0
0 0 0
0 0 0
0 0 0
0 0 0
0 0 0
0 0 0
0 0 0
