1
1672 1673 1674 1675 1676 1677 1678 1679 
17
20
2.166304E+01 -2.111341E+01 0.000000E+00
2.192123E+01 -2.058502E+01 0.000000E+00
2.119325E+01 -2.064640E+01 0.000000E+00
2.160352E+01 -2.164956E+01 0.000000E+00
2.215650E+01 -2.145751E+01 0.000000E+00
2.004743E+01 -2.093216E+01 0.000000E+00
2.065368E+01 -2.104455E+01 0.000000E+00
2.056536E+01 -2.049663E+01 0.000000E+00
2.227373E+01 -2.109982E+01 0.000000E+00
2.114017E+01 -2.128816E+01 0.000000E+00
2.060423E+01 -2.161600E+01 0.000000E+00
2.105053E+01 -2.184162E+01 0.000000E+00
2.015793E+01 -2.139038E+01 0.000000E+00
2.099621E+01 -1.999765E+01 0.000000E+00
2.156874E+01 -2.007021E+01 0.000000E+00
2.042368E+01 -1.992509E+01 0.000000E+00
1.993693E+01 -2.047395E+01 0.000000E+00
2 1 0
4 3 0
7 6 5
2 6 7
4 0 8
11 10 9
12 5 6
3 9 0
9 10 6
2 7 13
2 9 6
8 0 1
0 9 2
2 13 14
13 7 15
1 2 14
5 16 7
16 15 7
10 12 6
3 11 9









1664 5 0 
1664 5 0 
1664 5 0 
1655 1 0 
1655 1 0 
1655 1 0 









1655 12 0 
1655 12 0 
1655 12 0 



1583 7 0 
1583 7 0 
1583 7 0 
1583 12 0 
1583 12 0 
1583 12 0 
1583 6 0 
1583 6 0 
1583 6 0 












1 1 1
1 1 1
1 1 1
1 1 1
1 1 1
1 1 1
1 1 1
1 1 1
1 1 1
1 1 1
1 1 1
1 1 1
1 1 1
1 1 1
1 1 1
1 1 1
1 1 1
