2
296 297 299 300 301 302 303 
9
8
2.426598E+01 -2.610209E+01 0.000000E+00
2.483989E+01 -2.640076E+01 0.000000E+00
2.541379E+01 -2.669942E+01 0.000000E+00
2.426598E+01 -2.610209E+01 7.425000E-01
2.483989E+01 -2.640076E+01 7.425000E-01
2.541379E+01 -2.669942E+01 7.425000E-01
2.426598E+01 -2.610209E+01 1.485000E+00
2.483989E+01 -2.640076E+01 1.485000E+00
2.541379E+01 -2.669942E+01 1.485000E+00
0 1 4
0 4 3
3 4 6
4 7 6
1 2 4
2 5 4
4 5 8
4 8 7
271 11 0 
271 11 0 
271 11 0 
271 13 0 
271 13 0 
271 13 0 
271 14 0 
271 14 0 
271 14 0 
276 5 0 
276 5 0 
276 5 0 
276 4 0 
276 4 0 
276 4 0 
275 3 0 
275 3 0 
275 3 0 
272 11 0 
272 11 0 
272 11 0 
272 13 0 
272 13 0 
272 13 0 
272 14 0 
272 14 0 
272 14 0 
0 0 0
0 0 0
0 0 0
0 0 0
0 0 0
0 0 0
0 0 0
0 0 0
0 0 0
