2
2957 2958 2959 2960 2961 2963 2964 
9
8
-2.485278E+01 -7.822844E+00 0.000000E+00
-2.526730E+01 -7.544291E+00 0.000000E+00
-2.568182E+01 -7.265737E+00 0.000000E+00
-2.485278E+01 -7.822844E+00 7.425000E-01
-2.526730E+01 -7.544291E+00 7.425000E-01
-2.568182E+01 -7.265737E+00 7.425000E-01
-2.485278E+01 -7.822844E+00 1.485000E+00
-2.526730E+01 -7.544291E+00 1.485000E+00
-2.568182E+01 -7.265737E+00 1.485000E+00
0 1 4
0 4 3
3 4 6
4 7 6
1 2 4
2 5 4
4 5 8
4 8 7
2957 2 0 
2957 2 0 
2957 2 0 
2957 12 0 
2957 12 0 
2957 12 0 
2957 6 0 
2957 6 0 
2957 6 0 
2961 5 0 
2961 5 0 
2961 5 0 






2958 2 0 
2958 2 0 
2958 2 0 
2958 12 0 
2958 12 0 
2958 12 0 
2958 6 0 
2958 6 0 
2958 6 0 
0 0 0
0 0 0
0 0 0
0 0 0
0 0 0
0 0 0
0 0 0
0 0 0
0 0 0
