2
4257 4258 4259 4260 4261 4263 4264 4265 
9
8
2.392905E+01 -1.064032E+00 0.000000E+00
2.373521E+01 -5.346473E-01 0.000000E+00
2.354137E+01 -5.262478E-03 0.000000E+00
2.392905E+01 -1.064032E+00 7.425000E-01
2.373521E+01 -5.346473E-01 7.425000E-01
2.354137E+01 -5.262478E-03 7.425000E-01
2.392905E+01 -1.064032E+00 1.485000E+00
2.373521E+01 -5.346473E-01 1.485000E+00
2.354137E+01 -5.262478E-03 1.485000E+00
0 1 4
0 4 3
3 4 6
4 7 6
1 2 4
2 5 4
4 5 8
4 8 7
4250 10 0 
4250 10 0 
4250 10 0 
4257 8 0 
4257 8 0 
4257 8 0 
4257 7 0 
4257 7 0 
4257 7 0 
4255 5 0 
4255 5 0 
4255 5 0 






4251 10 0 
4251 10 0 
4251 10 0 
4258 8 0 
4258 8 0 
4258 8 0 
4258 7 0 
4258 7 0 
4258 7 0 
0 0 0
0 0 0
0 0 0
0 0 0
0 0 0
0 0 0
0 0 0
0 0 0
0 0 0
