2
8341 8342 8343 8344 8345 8347 8348 
6
4
3.324821E-01 2.177158E+01 0.000000E+00
-3.076418E-01 2.197247E+01 0.000000E+00
3.324821E-01 2.177158E+01 7.425000E-01
-3.076418E-01 2.197247E+01 7.425000E-01
3.324821E-01 2.177158E+01 1.485000E+00
-3.076418E-01 2.197247E+01 1.485000E+00
0 1 3
0 3 2
2 3 5
2 5 4
8341 11 0 
8341 11 0 
8341 11 0 
8341 10 0 
8341 10 0 
8341 10 0 
8345 5 0 
8345 5 0 
8345 5 0 



8342 11 0 
8342 11 0 
8342 11 0 
8342 10 0 
8342 10 0 
8342 10 0 
0 0 0
0 0 0
0 0 0
0 0 0
0 0 0
0 0 0
