2
3244 3245 3247 3248 3249 3250 3251 
6
4
1.513401E+01 -9.911634E+00 0.000000E+00
1.576336E+01 -1.023243E+01 0.000000E+00
1.513401E+01 -9.911634E+00 7.425000E-01
1.576336E+01 -1.023243E+01 7.425000E-01
1.513401E+01 -9.911634E+00 1.485000E+00
1.576336E+01 -1.023243E+01 1.485000E+00
0 1 3
0 3 2
2 3 5
2 5 4
3211 4 0 
3211 4 0 
3211 4 0 
3211 6 0 
3211 6 0 
3211 6 0 
3216 3 0 
3216 3 0 
3216 3 0 
3215 5 0 
3215 5 0 
3215 5 0 
3212 4 0 
3212 4 0 
3212 4 0 
3212 6 0 
3212 6 0 
3212 6 0 
0 0 0
0 0 0
0 0 0
0 0 0
0 0 0
0 0 0
