2
1598 1599 1600 1601 1602 1603 1604 1605 
9
8
2.210575E+01 -2.331323E+01 0.000000E+00
2.209221E+01 -2.379480E+01 0.000000E+00
2.207868E+01 -2.427636E+01 0.000000E+00
2.210575E+01 -2.331323E+01 7.425000E-01
2.209221E+01 -2.379480E+01 7.425000E-01
2.207868E+01 -2.427636E+01 7.425000E-01
2.210575E+01 -2.331323E+01 1.485000E+00
2.209221E+01 -2.379480E+01 1.485000E+00
2.207868E+01 -2.427636E+01 1.485000E+00
0 1 4
0 4 3
3 4 6
4 7 6
1 2 4
2 5 4
4 5 8
4 8 7
1591 9 0 
1591 9 0 
1591 9 0 
1591 3 0 
1591 3 0 
1591 3 0 
312 0 0 
312 0 0 
312 0 0 
1594 5 0 
1594 5 0 
1594 5 0 
1594 4 0 
1594 4 0 
1594 4 0 
316 3 0 
316 3 0 
316 3 0 
1592 9 0 
1592 9 0 
1592 9 0 
1592 3 0 
1592 3 0 
1592 3 0 
313 0 0 
313 0 0 
313 0 0 
0 0 0
0 0 0
0 0 0
0 0 0
0 0 0
0 0 0
0 0 0
0 0 0
0 0 0
