4
2178 2179 2180 2181 2182 2184 2185 2186 
6
4
2.800338E+01 -1.801878E+01 0.000000E+00
2.784026E+01 -1.749992E+01 0.000000E+00
2.800338E+01 -1.801878E+01 7.425000E-01
2.784026E+01 -1.749992E+01 7.425000E-01
2.800338E+01 -1.801878E+01 1.485000E+00
2.784026E+01 -1.749992E+01 1.485000E+00
0 1 3
0 3 2
2 3 5
2 5 4
1189 9 5.675002e+01 
1189 9 0 
1189 9 0 
1196 9 5.675002e+01 
1196 9 0 
1196 9 0 
1193 5 5.675002e+01 
1193 5 0 
1193 5 0 
1204 3 5.675002e+01 
1204 3 0 
1204 3 0 
1190 9 5.675002e+01 
1190 9 0 
1190 9 0 
1197 9 5.675002e+01 
1197 9 0 
1197 9 0 
0 0 0
0 0 0
0 0 0
0 0 0
0 0 0
0 0 0
