2
8960 8961 8962 8963 8964 8965 
9
8
-7.168354E+00 2.333885E+01 0.000000E+00
-7.509535E+00 2.283929E+01 0.000000E+00
-7.850716E+00 2.233973E+01 0.000000E+00
-7.168354E+00 2.333885E+01 7.425000E-01
-7.509535E+00 2.283929E+01 7.425000E-01
-7.850716E+00 2.233973E+01 7.425000E-01
-7.168354E+00 2.333885E+01 1.485000E+00
-7.509535E+00 2.283929E+01 1.485000E+00
-7.850716E+00 2.233973E+01 1.485000E+00
0 1 4
0 4 3
3 4 6
4 7 6
1 2 4
2 5 4
4 5 8
4 8 7
8960 10 0 
8960 10 0 
8960 10 0 
8960 11 0 
8960 11 0 
8960 11 0 
8960 1 0 
8960 1 0 
8960 1 0 
8965 3 0 
8965 3 0 
8965 3 0 



8962 3 0 
8962 3 0 
8962 3 0 
8961 10 0 
8961 10 0 
8961 10 0 
8961 11 0 
8961 11 0 
8961 11 0 
8961 1 0 
8961 1 0 
8961 1 0 
0 0 0
0 0 0
0 0 0
0 0 0
0 0 0
0 0 0
0 0 0
0 0 0
0 0 0
