2
8745 8746 8747 8749 8750 8751 
9
8
2.441710E+01 2.463291E+01 0.000000E+00
2.504224E+01 2.503657E+01 0.000000E+00
2.566738E+01 2.544022E+01 0.000000E+00
2.441710E+01 2.463291E+01 7.425000E-01
2.504224E+01 2.503657E+01 7.425000E-01
2.566738E+01 2.544022E+01 7.425000E-01
2.441710E+01 2.463291E+01 1.485000E+00
2.504224E+01 2.503657E+01 1.485000E+00
2.566738E+01 2.544022E+01 1.485000E+00
0 1 4
0 4 3
3 4 6
4 7 6
1 2 4
2 5 4
4 5 8
4 8 7
8709 4 0 
8709 4 0 
8709 4 0 
8719 3 0 
8719 3 0 
8719 3 0 
8719 11 0 
8719 11 0 
8719 11 0 
8713 3 0 
8713 3 0 
8713 3 0 
8725 4 0 
8725 4 0 
8725 4 0 
8724 5 0 
8724 5 0 
8724 5 0 
8710 4 0 
8710 4 0 
8710 4 0 
8720 3 0 
8720 3 0 
8720 3 0 
8720 11 0 
8720 11 0 
8720 11 0 
0 0 0
0 0 0
0 0 0
0 0 0
0 0 0
0 0 0
0 0 0
0 0 0
0 0 0
