1
4074 4075 4076 4077 4078 4079 4080 
16
19
1.475534E+01 -5.979806E+00 0.000000E+00
1.523010E+01 -6.114750E+00 0.000000E+00
1.515161E+01 -5.648738E+00 0.000000E+00
1.428057E+01 -5.844863E+00 0.000000E+00
1.472450E+01 -5.471350E+00 0.000000E+00
1.414954E+01 -5.385139E+00 0.000000E+00
1.459545E+01 -5.020952E+00 0.000000E+00
1.436204E+01 -4.566504E+00 0.000000E+00
1.401850E+01 -4.925415E+00 0.000000E+00
1.529542E+01 -5.100141E+00 0.000000E+00
1.599329E+01 -5.389014E+00 0.000000E+00
1.577278E+01 -4.496790E+00 0.000000E+00
1.561169E+01 -5.751882E+00 0.000000E+00
1.523918E+01 -4.352191E+00 0.000000E+00
1.486288E+01 -4.654114E+00 0.000000E+00
1.470558E+01 -4.207592E+00 0.000000E+00
2 1 0
5 4 3
8 7 6
2 4 9
0 4 2
11 10 9
9 10 12
13 11 9
14 9 6
9 12 2
12 1 2
4 0 3
4 5 6
8 6 5
7 15 14
4 6 9
6 7 14
15 13 14
13 9 14
3937 12 0 
3937 12 0 
3937 12 0 
3937 11 0 
3937 11 0 
3937 11 0 



3937 1 0 
3937 1 0 
3937 1 0 


















3945 13 0 
3945 13 0 
3945 13 0 
4065 7 0 
4065 7 0 
4065 7 0 
3945 14 0 
3945 14 0 
3945 14 0 









0 0 0
0 0 0
0 0 0
0 0 0
0 0 0
0 0 0
0 0 0
0 0 0
0 0 0
0 0 0
0 0 0
0 0 0
0 0 0
0 0 0
0 0 0
0 0 0
