2
4822 4823 4824 4826 4827 4828 4829 
9
8
-4.776438E-01 -1.399836E+00 0.000000E+00
-4.013118E-02 -1.209205E+00 0.000000E+00
3.973815E-01 -1.018574E+00 0.000000E+00
-4.776438E-01 -1.399836E+00 7.425000E-01
-4.013118E-02 -1.209205E+00 7.425000E-01
3.973815E-01 -1.018574E+00 7.425000E-01
-4.776438E-01 -1.399836E+00 1.485000E+00
-4.013118E-02 -1.209205E+00 1.485000E+00
3.973815E-01 -1.018574E+00 1.485000E+00
0 1 4
0 4 3
3 4 6
4 7 6
1 2 4
2 5 4
4 5 8
4 8 7
4696 6 0 
4696 6 0 
4696 6 0 
4711 9 0 
4711 9 0 
4711 9 0 
4711 8 0 
4711 8 0 
4711 8 0 
4700 3 0 
4700 3 0 
4700 3 0 
4718 4 0 
4718 4 0 
4718 4 0 
4717 3 0 
4717 3 0 
4717 3 0 
4697 6 0 
4697 6 0 
4697 6 0 
4712 9 0 
4712 9 0 
4712 9 0 
4712 8 0 
4712 8 0 
4712 8 0 
0 0 0
0 0 0
0 0 0
0 0 0
0 0 0
0 0 0
0 0 0
0 0 0
0 0 0
