2
1222 1223 1224 1225 1226 1227 1228 1229 
6
4
-2.272660E+01 -1.882463E+01 0.000000E+00
-2.288599E+01 -1.948958E+01 0.000000E+00
-2.272660E+01 -1.882463E+01 7.425000E-01
-2.288599E+01 -1.948958E+01 7.425000E-01
-2.272660E+01 -1.882463E+01 1.485000E+00
-2.288599E+01 -1.948958E+01 1.485000E+00
0 1 3
0 3 2
2 3 5
2 5 4
1213 9 0 
1213 9 0 
1213 9 0 
1156 6 0 
1156 6 0 
1156 6 0 
1217 3 0 
1217 3 0 
1217 3 0 
1160 5 0 
1160 5 0 
1160 5 0 
1214 9 0 
1214 9 0 
1214 9 0 
1157 6 0 
1157 6 0 
1157 6 0 
0 0 0
0 0 0
0 0 0
0 0 0
0 0 0
0 0 0
