1
9388 9389 9390 9391 9392 9393 9394 
14
16
-6.963235E+00 2.538981E+01 0.000000E+00
-6.725674E+00 2.592853E+01 0.000000E+00
-7.313854E+00 2.590476E+01 0.000000E+00
-6.594109E+00 2.488513E+01 0.000000E+00
-7.261538E+00 2.485067E+01 0.000000E+00
-7.082799E+00 2.647234E+01 0.000000E+00
-7.586537E+00 2.645751E+01 0.000000E+00
-6.142744E+00 2.602686E+01 0.000000E+00
-6.328298E+00 2.544441E+01 0.000000E+00
-5.706425E+00 2.556653E+01 0.000000E+00
-7.593525E+00 2.538688E+01 0.000000E+00
-6.579062E+00 2.648718E+01 0.000000E+00
-5.926680E+00 2.491958E+01 0.000000E+00
-7.925513E+00 2.592308E+01 0.000000E+00
2 1 0
4 0 3
2 6 5
9 8 7
0 4 10
10 2 0
5 11 1
7 8 1
7 1 11
8 9 12
13 6 2
5 1 2
0 1 8
2 10 13
0 8 3
8 12 3









9195 12 0 
9195 12 0 
9195 12 0 
9195 4 0 
9195 4 0 
9195 4 0 






9380 4 0 
9380 4 0 
9380 4 0 



9203 10 0 
9203 10 0 
9203 10 0 



9380 6 0 
9380 6 0 
9380 6 0 
9195 13 0 
9195 13 0 
9195 13 0 



1 1 1
1 1 1
1 1 1
1 1 1
1 1 1
1 1 1
1 1 1
1 1 1
1 1 1
1 1 1
1 1 1
1 1 1
1 1 1
1 1 1
