2
6844 6845 6846 6847 6848 6849 6850 
9
8
-1.941726E+01 1.382826E+01 0.000000E+00
-1.959967E+01 1.336281E+01 0.000000E+00
-1.978208E+01 1.289735E+01 0.000000E+00
-1.941726E+01 1.382826E+01 7.425000E-01
-1.959967E+01 1.336281E+01 7.425000E-01
-1.978208E+01 1.289735E+01 7.425000E-01
-1.941726E+01 1.382826E+01 1.485000E+00
-1.959967E+01 1.336281E+01 1.485000E+00
-1.978208E+01 1.289735E+01 1.485000E+00
0 1 4
0 4 3
3 4 6
4 7 6
1 2 4
2 5 4
4 5 8
4 8 7
6844 13 0 
6844 13 0 
6844 13 0 
6844 4 0 
6844 4 0 
6844 4 0 
6836 8 0 
6836 8 0 
6836 8 0 
6850 5 0 
6850 5 0 
6850 5 0 



6841 5 0 
6841 5 0 
6841 5 0 
6845 13 0 
6845 13 0 
6845 13 0 
6845 4 0 
6845 4 0 
6845 4 0 
6837 8 0 
6837 8 0 
6837 8 0 
0 0 0
0 0 0
0 0 0
0 0 0
0 0 0
0 0 0
0 0 0
0 0 0
0 0 0
