2
4886 4887 4888 4889 4890 4891 4893 
9
8
-1.153989E+01 1.431297E+00 0.000000E+00
-1.212338E+01 1.119761E+00 0.000000E+00
-1.270688E+01 8.082256E-01 0.000000E+00
-1.153989E+01 1.431297E+00 7.425000E-01
-1.212338E+01 1.119761E+00 7.425000E-01
-1.270688E+01 8.082256E-01 7.425000E-01
-1.153989E+01 1.431297E+00 1.485000E+00
-1.212338E+01 1.119761E+00 1.485000E+00
-1.270688E+01 8.082256E-01 1.485000E+00
0 1 4
0 4 3
3 4 6
4 7 6
1 2 4
2 5 4
4 5 8
4 8 7
4886 10 0 
4886 10 0 
4886 10 0 
4886 7 0 
4886 7 0 
4886 7 0 
4886 11 0 
4886 11 0 
4886 11 0 
4891 5 0 
4891 5 0 
4891 5 0 






4887 10 0 
4887 10 0 
4887 10 0 
4887 7 0 
4887 7 0 
4887 7 0 
4887 11 0 
4887 11 0 
4887 11 0 
0 0 0
0 0 0
0 0 0
0 0 0
0 0 0
0 0 0
0 0 0
0 0 0
0 0 0
