2
5118 5119 5121 5122 5123 5124 5125 
9
8
-4.740199E-01 7.695902E-01 0.000000E+00
-1.576029E-02 4.465724E-01 0.000000E+00
4.424993E-01 1.235545E-01 0.000000E+00
-4.740199E-01 7.695902E-01 7.425000E-01
-1.576029E-02 4.465724E-01 7.425000E-01
4.424993E-01 1.235545E-01 7.425000E-01
-4.740199E-01 7.695902E-01 1.485000E+00
-1.576029E-02 4.465724E-01 1.485000E+00
4.424993E-01 1.235545E-01 1.485000E+00
0 1 4
0 4 3
3 4 6
4 7 6
1 2 4
2 5 4
4 5 8
4 8 7
4822 8 0 
4822 8 0 
4822 8 0 
4822 12 0 
4822 12 0 
4822 12 0 
4814 6 0 
4814 6 0 
4814 6 0 
4827 5 0 
4827 5 0 
4827 5 0 
4827 4 0 
4827 4 0 
4827 4 0 
4820 5 0 
4820 5 0 
4820 5 0 
4823 8 0 
4823 8 0 
4823 8 0 
4823 12 0 
4823 12 0 
4823 12 0 
4815 6 0 
4815 6 0 
4815 6 0 
0 0 0
0 0 0
0 0 0
0 0 0
0 0 0
0 0 0
0 0 0
0 0 0
0 0 0
