2
1222 1223 1224 1226 1227 1228 1229 1230 
6
4
-2.192415E+01 -2.053118E+01 0.000000E+00
-2.125921E+01 -2.043714E+01 0.000000E+00
-2.192415E+01 -2.053118E+01 7.425000E-01
-2.125921E+01 -2.043714E+01 7.425000E-01
-2.192415E+01 -2.053118E+01 1.485000E+00
-2.125921E+01 -2.043714E+01 1.485000E+00
0 1 3
0 3 2
2 3 5
2 5 4
1078 1 0 
1078 1 0 
1078 1 0 
1078 8 0 
1078 8 0 
1078 8 0 
1084 3 0 
1084 3 0 
1084 3 0 
1083 5 0 
1083 5 0 
1083 5 0 
1079 1 0 
1079 1 0 
1079 1 0 
1079 8 0 
1079 8 0 
1079 8 0 
0 0 0
0 0 0
0 0 0
0 0 0
0 0 0
0 0 0
