1
6671 6672 6673 6674 6675 6676 6677 
12
13
-7.409561E+00 1.003674E+01 0.000000E+00
-7.002093E+00 9.589715E+00 0.000000E+00
-6.812937E+00 1.014402E+01 0.000000E+00
-7.211841E+00 1.067444E+01 0.000000E+00
-7.610745E+00 1.120485E+01 0.000000E+00
-7.871328E+00 1.053105E+01 0.000000E+00
-7.572641E+00 9.400965E+00 0.000000E+00
-8.376076E+00 1.104196E+01 0.000000E+00
-8.524161E+00 1.034617E+01 0.000000E+00
-8.023963E+00 9.853368E+00 0.000000E+00
-8.143190E+00 9.212214E+00 0.000000E+00
-8.672246E+00 9.650373E+00 0.000000E+00
2 1 0
5 4 3
6 0 1
5 8 7
0 3 2
5 7 4
9 8 5
5 3 0
6 9 0
9 5 0
9 6 10
9 11 8
9 10 11



6655 1 0 
6655 1 0 
6655 1 0 
6655 0 0 
6655 0 0 
6655 0 0 









6663 8 0 
6663 8 0 
6663 8 0 









6276 9 0 
6276 9 0 
6276 9 0 
6276 3 0 
6276 3 0 
6276 3 0 
0 0 0
0 0 0
0 0 0
0 0 0
0 0 0
0 0 0
0 0 0
0 0 0
0 0 0
0 0 0
0 0 0
0 0 0
