2
2434 2435 2436 2438 2439 2440 2441 2442 
6
4
1.895986E+01 -1.229838E+01 0.000000E+00
1.965204E+01 -1.252402E+01 0.000000E+00
1.895986E+01 -1.229838E+01 7.425000E-01
1.965204E+01 -1.252402E+01 7.425000E-01
1.895986E+01 -1.229838E+01 1.485000E+00
1.965204E+01 -1.252402E+01 1.485000E+00
0 1 3
0 3 2
2 3 5
2 5 4
2340 5 0 
2340 5 0 
2340 5 0 
2340 13 0 
2340 13 0 
2340 13 0 
2345 3 0 
2345 3 0 
2345 3 0 
2344 5 0 
2344 5 0 
2344 5 0 
2341 5 0 
2341 5 0 
2341 5 0 
2341 13 0 
2341 13 0 
2341 13 0 
0 0 0
0 0 0
0 0 0
0 0 0
0 0 0
0 0 0
