2
3724 3725 3726 3727 3728 3730 3731 
9
8
-2.131482E+01 -5.156923E+00 0.000000E+00
-2.182889E+01 -4.892743E+00 0.000000E+00
-2.234297E+01 -4.628564E+00 0.000000E+00
-2.131482E+01 -5.156923E+00 7.425000E-01
-2.182889E+01 -4.892743E+00 7.425000E-01
-2.234297E+01 -4.628564E+00 7.425000E-01
-2.131482E+01 -5.156923E+00 1.485000E+00
-2.182889E+01 -4.892743E+00 1.485000E+00
-2.234297E+01 -4.628564E+00 1.485000E+00
0 1 4
0 4 3
3 4 6
4 7 6
1 2 4
2 5 4
4 5 8
4 8 7
3724 11 0 
3724 11 0 
3724 11 0 
3724 6 0 
3724 6 0 
3724 6 0 
3724 13 0 
3724 13 0 
3724 13 0 
3728 5 0 
3728 5 0 
3728 5 0 






3725 11 0 
3725 11 0 
3725 11 0 
3725 6 0 
3725 6 0 
3725 6 0 
3725 13 0 
3725 13 0 
3725 13 0 
0 0 0
0 0 0
0 0 0
0 0 0
0 0 0
0 0 0
0 0 0
0 0 0
0 0 0
