2
812 813 814 816 817 818 819 820 
6
4
-1.147399E+01 -2.585012E+01 0.000000E+00
-1.107731E+01 -2.576743E+01 0.000000E+00
-1.147399E+01 -2.585012E+01 7.425000E-01
-1.107731E+01 -2.576743E+01 7.425000E-01
-1.147399E+01 -2.585012E+01 1.485000E+00
-1.107731E+01 -2.576743E+01 1.485000E+00
0 1 3
0 3 2
2 3 5
2 5 4
103 17 0 
103 17 0 
103 17 0 
103 16 0 
103 16 0 
103 16 0 
110 3 0 
110 3 0 
110 3 0 
109 5 0 
109 5 0 
109 5 0 
104 17 0 
104 17 0 
104 17 0 
104 16 0 
104 16 0 
104 16 0 
0 0 0
0 0 0
0 0 0
0 0 0
0 0 0
0 0 0
