2
6410 6411 6413 6414 6415 6416 
9
8
1.231355E+01 7.016605E+00 0.000000E+00
1.290001E+01 6.745956E+00 0.000000E+00
1.348646E+01 6.475307E+00 0.000000E+00
1.231355E+01 7.016605E+00 7.425000E-01
1.290001E+01 6.745956E+00 7.425000E-01
1.348646E+01 6.475307E+00 7.425000E-01
1.231355E+01 7.016605E+00 1.485000E+00
1.290001E+01 6.745956E+00 1.485000E+00
1.348646E+01 6.475307E+00 1.485000E+00
0 1 4
0 4 3
3 4 6
4 7 6
1 2 4
2 5 4
4 5 8
4 8 7
5661 5 0 
5661 5 0 
5661 5 0 
5661 0 0 
5661 0 0 
5661 0 0 
5646 10 0 
5646 10 0 
5646 10 0 
5666 5 0 
5666 5 0 
5666 5 0 
5666 4 0 
5666 4 0 
5666 4 0 
5652 3 0 
5652 3 0 
5652 3 0 
5662 5 0 
5662 5 0 
5662 5 0 
5662 0 0 
5662 0 0 
5662 0 0 
5647 10 0 
5647 10 0 
5647 10 0 
0 0 0
0 0 0
0 0 0
0 0 0
0 0 0
0 0 0
0 0 0
0 0 0
0 0 0
