2
2778 2779 2780 2781 2782 2784 2785 
6
4
-1.818206E+01 -1.097973E+01 0.000000E+00
-1.891511E+01 -1.138687E+01 0.000000E+00
-1.818206E+01 -1.097973E+01 7.425000E-01
-1.891511E+01 -1.138687E+01 7.425000E-01
-1.818206E+01 -1.097973E+01 1.485000E+00
-1.891511E+01 -1.138687E+01 1.485000E+00
0 1 3
0 3 2
2 3 5
2 5 4
2778 8 0 
2778 8 0 
2778 8 0 
2778 2 0 
2778 2 0 
2778 2 0 
2782 5 0 
2782 5 0 
2782 5 0 



2779 8 0 
2779 8 0 
2779 8 0 
2779 2 0 
2779 2 0 
2779 2 0 
0 0 0
0 0 0
0 0 0
0 0 0
0 0 0
0 0 0
