2
4089 4090 4091 4092 4093 4094 4096 
9
8
1.264011E+01 -3.855110E+00 0.000000E+00
1.211615E+01 -3.772247E+00 0.000000E+00
1.159218E+01 -3.689384E+00 0.000000E+00
1.264011E+01 -3.855110E+00 7.425000E-01
1.211615E+01 -3.772247E+00 7.425000E-01
1.159218E+01 -3.689384E+00 7.425000E-01
1.264011E+01 -3.855110E+00 1.485000E+00
1.211615E+01 -3.772247E+00 1.485000E+00
1.159218E+01 -3.689384E+00 1.485000E+00
0 1 4
0 4 3
3 4 6
4 7 6
1 2 4
2 5 4
4 5 8
4 8 7
4089 10 0 
4089 10 0 
4089 10 0 
4089 12 0 
4089 12 0 
4089 12 0 
4089 13 0 
4089 13 0 
4089 13 0 
4094 3 0 
4094 3 0 
4094 3 0 






4090 10 0 
4090 10 0 
4090 10 0 
4090 12 0 
4090 12 0 
4090 12 0 
4090 13 0 
4090 13 0 
4090 13 0 
0 0 0
0 0 0
0 0 0
0 0 0
0 0 0
0 0 0
0 0 0
0 0 0
0 0 0
