2
3748 3749 3750 3751 3752 3753 3754 
9
8
-1.791095E+01 -4.273147E+00 0.000000E+00
-1.789604E+01 -4.846038E+00 0.000000E+00
-1.788112E+01 -5.418929E+00 0.000000E+00
-1.791095E+01 -4.273147E+00 7.425000E-01
-1.789604E+01 -4.846038E+00 7.425000E-01
-1.788112E+01 -5.418929E+00 7.425000E-01
-1.791095E+01 -4.273147E+00 1.485000E+00
-1.789604E+01 -4.846038E+00 1.485000E+00
-1.788112E+01 -5.418929E+00 1.485000E+00
0 1 4
0 4 3
3 4 6
4 7 6
1 2 4
2 5 4
4 5 8
4 8 7
3741 7 0 
3741 7 0 
3741 7 0 
3741 9 0 
3741 9 0 
3741 9 0 
3637 10 0 
3637 10 0 
3637 10 0 
3745 5 0 
3745 5 0 
3745 5 0 
3745 4 0 
3745 4 0 
3745 4 0 
3642 3 0 
3642 3 0 
3642 3 0 
3742 7 0 
3742 7 0 
3742 7 0 
3742 9 0 
3742 9 0 
3742 9 0 
3638 10 0 
3638 10 0 
3638 10 0 
0 0 0
0 0 0
0 0 0
0 0 0
0 0 0
0 0 0
0 0 0
0 0 0
0 0 0
