2
5558 5559 5560 5561 5562 5563 5564 
9
8
2.749344E+00 4.314331E+00 0.000000E+00
2.567841E+00 3.765096E+00 0.000000E+00
2.386338E+00 3.215861E+00 0.000000E+00
2.749344E+00 4.314331E+00 7.425000E-01
2.567841E+00 3.765096E+00 7.425000E-01
2.386338E+00 3.215861E+00 7.425000E-01
2.749344E+00 4.314331E+00 1.485000E+00
2.567841E+00 3.765096E+00 1.485000E+00
2.386338E+00 3.215861E+00 1.485000E+00
0 1 4
0 4 3
3 4 6
4 7 6
1 2 4
2 5 4
4 5 8
4 8 7
5551 1 0 
5551 1 0 
5551 1 0 
5551 10 0 
5551 10 0 
5551 10 0 
5519 11 0 
5519 11 0 
5519 11 0 
5554 5 0 
5554 5 0 
5554 5 0 
5554 4 0 
5554 4 0 
5554 4 0 
5524 3 0 
5524 3 0 
5524 3 0 
5552 1 0 
5552 1 0 
5552 1 0 
5552 10 0 
5552 10 0 
5552 10 0 
5520 11 0 
5520 11 0 
5520 11 0 
0 0 0
0 0 0
0 0 0
0 0 0
0 0 0
0 0 0
0 0 0
0 0 0
0 0 0
