2
5888 5889 5890 5891 5893 5894 5895 5896 
6
4
-2.628045E+01 2.926793E+00 0.000000E+00
-2.580683E+01 3.576305E+00 0.000000E+00
-2.628045E+01 2.926793E+00 7.425000E-01
-2.580683E+01 3.576305E+00 7.425000E-01
-2.628045E+01 2.926793E+00 1.485000E+00
-2.580683E+01 3.576305E+00 1.485000E+00
0 1 3
0 3 2
2 3 5
2 5 4
5859 4 0 
5859 4 0 
5859 4 0 
5859 3 0 
5859 3 0 
5859 3 0 
5865 3 0 
5865 3 0 
5865 3 0 
5864 3 0 
5864 3 0 
5864 3 0 
5860 4 0 
5860 4 0 
5860 4 0 
5860 3 0 
5860 3 0 
5860 3 0 
0 0 0
0 0 0
0 0 0
0 0 0
0 0 0
0 0 0
