2
7717 7718 7719 7720 7722 7723 7724 
9
8
2.154733E+01 1.512845E+01 0.000000E+00
2.149496E+01 1.582492E+01 0.000000E+00
2.144259E+01 1.652139E+01 0.000000E+00
2.154733E+01 1.512845E+01 7.425000E-01
2.149496E+01 1.582492E+01 7.425000E-01
2.144259E+01 1.652139E+01 7.425000E-01
2.154733E+01 1.512845E+01 1.485000E+00
2.149496E+01 1.582492E+01 1.485000E+00
2.144259E+01 1.652139E+01 1.485000E+00
0 1 4
0 4 3
3 4 6
4 7 6
1 2 4
2 5 4
4 5 8
4 8 7
7717 4 0 
7717 4 0 
7717 4 0 
7717 5 0 
7717 5 0 
7717 5 0 
7717 6 0 
7717 6 0 
7717 6 0 
7720 3 0 
7720 3 0 
7720 3 0 






7718 4 0 
7718 4 0 
7718 4 0 
7718 5 0 
7718 5 0 
7718 5 0 
7718 6 0 
7718 6 0 
7718 6 0 
0 0 0
0 0 0
0 0 0
0 0 0
0 0 0
0 0 0
0 0 0
0 0 0
0 0 0
