2
9147 9148 9149 9151 9152 9153 9154 9155 
9
8
-1.526339E+01 2.227957E+01 0.000000E+00
-1.474138E+01 2.215367E+01 0.000000E+00
-1.421938E+01 2.202776E+01 0.000000E+00
-1.526339E+01 2.227957E+01 7.425000E-01
-1.474138E+01 2.215367E+01 7.425000E-01
-1.421938E+01 2.202776E+01 7.425000E-01
-1.526339E+01 2.227957E+01 1.485000E+00
-1.474138E+01 2.215367E+01 1.485000E+00
-1.421938E+01 2.202776E+01 1.485000E+00
0 1 4
0 4 3
3 4 6
4 7 6
1 2 4
2 5 4
4 5 8
4 8 7
9001 5 0 
9001 5 0 
9001 5 0 
9001 4 0 
9001 4 0 
9001 4 0 
9001 12 0 
9001 12 0 
9001 12 0 
9006 5 0 
9006 5 0 
9006 5 0 
9006 4 0 
9006 4 0 
9006 4 0 
9005 5 0 
9005 5 0 
9005 5 0 
9002 5 0 
9002 5 0 
9002 5 0 
9002 4 0 
9002 4 0 
9002 4 0 
9002 12 0 
9002 12 0 
9002 12 0 
0 0 0
0 0 0
0 0 0
0 0 0
0 0 0
0 0 0
0 0 0
0 0 0
0 0 0
