2
6605 6606 6607 6609 6610 6611 6612 6613 
9
8
3.125694E+00 8.887734E+00 0.000000E+00
3.689919E+00 8.983195E+00 0.000000E+00
4.254143E+00 9.078657E+00 0.000000E+00
3.125694E+00 8.887734E+00 7.425000E-01
3.689919E+00 8.983195E+00 7.425000E-01
4.254143E+00 9.078657E+00 7.425000E-01
3.125694E+00 8.887734E+00 1.485000E+00
3.689919E+00 8.983195E+00 1.485000E+00
4.254143E+00 9.078657E+00 1.485000E+00
0 1 4
0 4 3
3 4 6
4 7 6
1 2 4
2 5 4
4 5 8
4 8 7
6348 5 0 
6348 5 0 
6348 5 0 
6356 5 0 
6356 5 0 
6356 5 0 
6356 4 0 
6356 4 0 
6356 4 0 
6352 5 0 
6352 5 0 
6352 5 0 
6361 4 0 
6361 4 0 
6361 4 0 
6360 5 0 
6360 5 0 
6360 5 0 
6349 5 0 
6349 5 0 
6349 5 0 
6357 5 0 
6357 5 0 
6357 5 0 
6357 4 0 
6357 4 0 
6357 4 0 
0 0 0
0 0 0
0 0 0
0 0 0
0 0 0
0 0 0
0 0 0
0 0 0
0 0 0
