2
2419 2420 2421 2422 2424 2425 2426 
9
8
2.339090E+01 -1.161183E+01 0.000000E+00
2.319162E+01 -1.099749E+01 0.000000E+00
2.299235E+01 -1.038315E+01 0.000000E+00
2.339090E+01 -1.161183E+01 7.425000E-01
2.319162E+01 -1.099749E+01 7.425000E-01
2.299235E+01 -1.038315E+01 7.425000E-01
2.339090E+01 -1.161183E+01 1.485000E+00
2.319162E+01 -1.099749E+01 1.485000E+00
2.299235E+01 -1.038315E+01 1.485000E+00
0 1 4
0 4 3
3 4 6
4 7 6
1 2 4
2 5 4
4 5 8
4 8 7
2364 10 0 
2364 10 0 
2364 10 0 
2412 8 0 
2412 8 0 
2412 8 0 
2412 9 0 
2412 9 0 
2412 9 0 
2370 5 0 
2370 5 0 
2370 5 0 
2418 4 0 
2418 4 0 
2418 4 0 
2417 5 0 
2417 5 0 
2417 5 0 
2365 10 0 
2365 10 0 
2365 10 0 
2413 8 0 
2413 8 0 
2413 8 0 
2413 9 0 
2413 9 0 
2413 9 0 
0 0 0
0 0 0
0 0 0
0 0 0
0 0 0
0 0 0
0 0 0
0 0 0
0 0 0
