2
4106 4107 4108 4109 4110 4111 4112 
9
8
7.771299E+00 -4.928155E+00 0.000000E+00
7.438233E+00 -5.300995E+00 0.000000E+00
7.105167E+00 -5.673834E+00 0.000000E+00
7.771299E+00 -4.928155E+00 7.425000E-01
7.438233E+00 -5.300995E+00 7.425000E-01
7.105167E+00 -5.673834E+00 7.425000E-01
7.771299E+00 -4.928155E+00 1.485000E+00
7.438233E+00 -5.300995E+00 1.485000E+00
7.105167E+00 -5.673834E+00 1.485000E+00
0 1 4
0 4 3
3 4 6
4 7 6
1 2 4
2 5 4
4 5 8
4 8 7
4106 0 0 
4106 0 0 
4106 0 0 
4106 6 0 
4106 6 0 
4106 6 0 
4106 10 0 
4106 10 0 
4106 10 0 
4112 5 0 
4112 5 0 
4112 5 0 



4108 3 0 
4108 3 0 
4108 3 0 
4107 0 0 
4107 0 0 
4107 0 0 
4107 6 0 
4107 6 0 
4107 6 0 
4107 10 0 
4107 10 0 
4107 10 0 
0 0 0
0 0 0
0 0 0
0 0 0
0 0 0
0 0 0
0 0 0
0 0 0
0 0 0
