2
7944 7945 7946 7947 7949 7950 7951 
9
8
-4.981435E+00 1.549363E+01 0.000000E+00
-4.941654E+00 1.599519E+01 0.000000E+00
-4.901872E+00 1.649674E+01 0.000000E+00
-4.981435E+00 1.549363E+01 7.425000E-01
-4.941654E+00 1.599519E+01 7.425000E-01
-4.901872E+00 1.649674E+01 7.425000E-01
-4.981435E+00 1.549363E+01 1.485000E+00
-4.941654E+00 1.599519E+01 1.485000E+00
-4.901872E+00 1.649674E+01 1.485000E+00
0 1 4
0 4 3
3 4 6
4 7 6
1 2 4
2 5 4
4 5 8
4 8 7
7581 1 0 
7581 1 0 
7581 1 0 
7936 11 0 
7936 11 0 
7936 11 0 
7936 12 0 
7936 12 0 
7936 12 0 
7587 5 0 
7587 5 0 
7587 5 0 
7943 4 0 
7943 4 0 
7943 4 0 
7942 5 0 
7942 5 0 
7942 5 0 
7582 1 0 
7582 1 0 
7582 1 0 
7937 11 0 
7937 11 0 
7937 11 0 
7937 12 0 
7937 12 0 
7937 12 0 
0 0 0
0 0 0
0 0 0
0 0 0
0 0 0
0 0 0
0 0 0
0 0 0
0 0 0
