0
9147 9149 9150 9151 9152 9153 9154 9155 
15
17
-1.474138E+01 2.215367E+01 1.485000E+00
-1.428754E+01 2.265270E+01 1.485000E+00
-1.484497E+01 2.280447E+01 1.485000E+00
-1.506925E+01 2.339503E+01 1.485000E+00
-1.434017E+01 2.336958E+01 1.485000E+00
-1.543001E+01 2.280556E+01 1.485000E+00
-1.526339E+01 2.227957E+01 1.485000E+00
-1.375304E+01 2.307471E+01 1.485000E+00
-1.370030E+01 2.242477E+01 1.485000E+00
-1.421938E+01 2.202776E+01 1.485000E+00
-1.318121E+01 2.282178E+01 1.485000E+00
-1.317906E+01 2.334777E+01 1.485000E+00
-1.366180E+01 2.372378E+01 1.485000E+00
-1.414454E+01 2.409979E+01 1.485000E+00
-1.470850E+01 2.398450E+01 1.485000E+00
0 1 2
3 2 4
5 6 2
2 3 5
7 1 8
1 0 9
10 11 7
4 7 12
10 7 8
12 13 4
7 11 12
6 0 2
1 7 4
9 8 1
14 3 4
2 1 4
13 14 4
9002 4 0 
9002 4 0 
9002 4 0 












9139 10 0 
9139 10 0 
9139 10 0 
9002 5 0 
9002 5 0 
9002 5 0 






9002 12 0 
9002 12 0 
9002 12 0 















0 0 0
0 0 0
0 0 0
0 0 0
0 0 0
0 0 0
0 0 0
0 0 0
0 0 0
0 0 0
0 0 0
0 0 0
0 0 0
0 0 0
0 0 0
