0
5677 5679 5680 5681 5682 5683 5684 5685 
15
17
9.196362E+00 7.089457E+00 1.485000E+00
9.549814E+00 6.467170E+00 1.485000E+00
9.832457E+00 7.197156E+00 1.485000E+00
9.501769E+00 7.893960E+00 1.485000E+00
1.037090E+01 7.617636E+00 1.485000E+00
8.981355E+00 5.977366E+00 1.485000E+00
9.442149E+00 5.903388E+00 1.485000E+00
9.902943E+00 5.829410E+00 1.485000E+00
1.027937E+01 6.268339E+00 1.485000E+00
8.759268E+00 6.451229E+00 1.485000E+00
1.015046E+01 6.760132E+00 1.485000E+00
8.537181E+00 6.925091E+00 1.485000E+00
8.774039E+00 7.522896E+00 1.485000E+00
1.065580E+01 6.707268E+00 1.485000E+00
1.051335E+01 7.162452E+00 1.485000E+00
0 1 2
3 2 4
1 5 6
1 7 8
1 9 5
1 6 7
10 1 8
0 11 9
10 2 1
3 12 0
1 0 9
3 0 2
12 11 0
13 14 10
14 2 10
8 13 10
14 4 2















5591 9 0 
5591 9 0 
5591 9 0 
5591 5 0 
5591 5 0 
5591 5 0 
5591 6 0 
5591 6 0 
5591 6 0 
5670 12 0 
5670 12 0 
5670 12 0 












5670 11 0 
5670 11 0 
5670 11 0 



0 0 0
0 0 0
0 0 0
0 0 0
0 0 0
0 0 0
0 0 0
0 0 0
0 0 0
0 0 0
0 0 0
0 0 0
0 0 0
0 0 0
0 0 0
