0
1712 1714 1715 1716 1717 1718 1719 
13
14
1.509233E+01 -1.935484E+01 1.485000E+00
1.543067E+01 -1.865356E+01 1.485000E+00
1.479513E+01 -1.876950E+01 1.485000E+00
1.578372E+01 -1.930425E+01 1.485000E+00
1.647072E+01 -1.918410E+01 1.485000E+00
1.604352E+01 -1.862703E+01 1.485000E+00
1.578575E+01 -1.799592E+01 1.485000E+00
1.533450E+01 -1.800921E+01 1.485000E+00
1.623699E+01 -1.798262E+01 1.485000E+00
1.668467E+01 -1.852418E+01 1.485000E+00
1.625677E+01 -1.984402E+01 1.485000E+00
1.538952E+01 -1.994017E+01 1.485000E+00
1.582315E+01 -1.989210E+01 1.485000E+00
0 1 2
3 4 5
1 5 6
2 1 7
6 7 1
0 3 1
5 8 6
5 9 8
10 4 3
9 5 4
11 3 0
3 5 1
12 10 3
11 12 3












1705 0 0 
1705 0 0 
1705 0 0 












1705 2 0 
1705 2 0 
1705 2 0 
1559 14 0 
1559 14 0 
1559 14 0 
1559 6 0 
1559 6 0 
1559 6 0 
1559 5 0 
1559 5 0 
1559 5 0 
0 0 0
0 0 0
0 0 0
0 0 0
0 0 0
0 0 0
0 0 0
0 0 0
0 0 0
0 0 0
0 0 0
0 0 0
0 0 0
