1
1334 1335 1336 1337 1338 1339 
11
10
-2.710754E+01 -1.693493E+01 0.000000E+00
-2.618373E+01 -1.690834E+01 0.000000E+00
-2.657502E+01 -1.617061E+01 0.000000E+00
-2.722801E+01 -1.546894E+01 0.000000E+00
-2.742169E+01 -1.603335E+01 0.000000E+00
-2.761537E+01 -1.659776E+01 0.000000E+00
-2.667437E+01 -1.547858E+01 0.000000E+00
-2.612074E+01 -1.548823E+01 0.000000E+00
-2.594424E+01 -1.601640E+01 0.000000E+00
-2.576775E+01 -1.654458E+01 0.000000E+00
-2.659971E+01 -1.727211E+01 0.000000E+00
2 1 0
4 3 2
4 2 0
5 4 0
3 6 2
2 6 7
2 7 8
2 8 9
1 10 0
2 9 1
1196 11 0 
1196 11 0 
1196 11 0 
1325 11 0 
1325 11 0 
1325 11 0 









1196 10 0 
1196 10 0 
1196 10 0 









1325 12 0 
1325 12 0 
1325 12 0 
1196 13 0 
1196 13 0 
1196 13 0 
1 1 1
1 1 1
1 1 1
1 1 1
1 1 1
1 1 1
1 1 1
1 1 1
1 1 1
1 1 1
1 1 1
