2
5014 5015 5016 5017 5018 5019 5020 5021 
9
8
-2.092811E+01 1.995817E+00 0.000000E+00
-2.102280E+01 1.497155E+00 0.000000E+00
-2.111749E+01 9.984939E-01 0.000000E+00
-2.092811E+01 1.995817E+00 7.425000E-01
-2.102280E+01 1.497155E+00 7.425000E-01
-2.111749E+01 9.984939E-01 7.425000E-01
-2.092811E+01 1.995817E+00 1.485000E+00
-2.102280E+01 1.497155E+00 1.485000E+00
-2.111749E+01 9.984939E-01 1.485000E+00
0 1 4
0 4 3
3 4 6
4 7 6
1 2 4
2 5 4
4 5 8
4 8 7
5006 12 0 
5006 12 0 
5006 12 0 
5006 13 0 
5006 13 0 
5006 13 0 
4935 6 0 
4935 6 0 
4935 6 0 
5010 5 0 
5010 5 0 
5010 5 0 
5010 4 0 
5010 4 0 
5010 4 0 
4940 5 0 
4940 5 0 
4940 5 0 
5007 12 0 
5007 12 0 
5007 12 0 
5007 13 0 
5007 13 0 
5007 13 0 
4936 6 0 
4936 6 0 
4936 6 0 
0 0 0
0 0 0
0 0 0
0 0 0
0 0 0
0 0 0
0 0 0
0 0 0
0 0 0
