2
6700 6701 6702 6703 6704 6705 6707 
9
8
-1.342519E+01 1.023191E+01 0.000000E+00
-1.402918E+01 9.954780E+00 0.000000E+00
-1.463317E+01 9.677645E+00 0.000000E+00
-1.342519E+01 1.023191E+01 7.425000E-01
-1.402918E+01 9.954780E+00 7.425000E-01
-1.463317E+01 9.677645E+00 7.425000E-01
-1.342519E+01 1.023191E+01 1.485000E+00
-1.402918E+01 9.954780E+00 1.485000E+00
-1.463317E+01 9.677645E+00 1.485000E+00
0 1 4
0 4 3
3 4 6
4 7 6
1 2 4
2 5 4
4 5 8
4 8 7
6700 7 0 
6700 7 0 
6700 7 0 
6700 4 0 
6700 4 0 
6700 4 0 
6244 9 0 
6244 9 0 
6244 9 0 
6705 3 0 
6705 3 0 
6705 3 0 



6248 5 0 
6248 5 0 
6248 5 0 
6701 7 0 
6701 7 0 
6701 7 0 
6701 4 0 
6701 4 0 
6701 4 0 
6245 9 0 
6245 9 0 
6245 9 0 
0 0 0
0 0 0
0 0 0
0 0 0
0 0 0
0 0 0
0 0 0
0 0 0
0 0 0
