2
6765 6766 6767 6768 6769 6770 6772 
12
12
-2.309661E+01 1.295553E+01 0.000000E+00
-2.375264E+01 1.255757E+01 0.000000E+00
-2.408065E+01 1.235859E+01 0.000000E+00
-2.440867E+01 1.215962E+01 0.000000E+00
-2.309661E+01 1.295553E+01 7.425000E-01
-2.375264E+01 1.255757E+01 7.425000E-01
-2.408065E+01 1.235859E+01 7.425000E-01
-2.440867E+01 1.215962E+01 7.425000E-01
-2.309661E+01 1.295553E+01 1.485000E+00
-2.375264E+01 1.255757E+01 1.485000E+00
-2.408065E+01 1.235859E+01 1.485000E+00
-2.440867E+01 1.215962E+01 1.485000E+00
0 1 5
0 5 4
4 5 8
5 9 8
1 2 5
2 6 5
5 6 9
6 10 9
2 3 6
3 7 6
6 7 11
6 11 10
6765 5 0 
6765 5 0 
6765 5 0 
6765 3 0 
6765 3 0 
6765 3 0 
6765 14 0 
6765 14 0 
6765 14 0 
6765 15 0 
6765 15 0 
6765 15 0 
6770 3 0 
6770 3 0 
6770 3 0 









6766 5 0 
6766 5 0 
6766 5 0 
6766 3 0 
6766 3 0 
6766 3 0 
6766 14 0 
6766 14 0 
6766 14 0 
6766 15 0 
6766 15 0 
6766 15 0 
0 0 0
0 0 0
0 0 0
0 0 0
0 0 0
0 0 0
0 0 0
0 0 0
0 0 0
0 0 0
0 0 0
0 0 0
