1
9631 9632 9633 9634 9635 9636 9637 9638 
17
20
-8.308176E+00 2.662197E+01 0.000000E+00
-7.925513E+00 2.592308E+01 0.000000E+00
-7.586537E+00 2.645751E+01 0.000000E+00
-8.402926E+00 2.809207E+01 0.000000E+00
-8.864847E+00 2.788607E+01 0.000000E+00
-8.339093E+00 2.741526E+01 0.000000E+00
-7.750074E+00 2.714305E+01 0.000000E+00
-8.415906E+00 2.589374E+01 0.000000E+00
-8.835144E+00 2.720827E+01 0.000000E+00
-9.326768E+00 2.768006E+01 0.000000E+00
-9.460820E+00 2.720644E+01 0.000000E+00
-7.913612E+00 2.782859E+01 0.000000E+00
-8.758218E+00 2.629309E+01 0.000000E+00
-9.250585E+00 2.629861E+01 0.000000E+00
-8.906299E+00 2.586439E+01 0.000000E+00
-9.594871E+00 2.673283E+01 0.000000E+00
-9.014667E+00 2.673292E+01 0.000000E+00
2 1 0
5 4 3
6 2 0
1 7 0
10 9 8
3 11 5
14 13 12
16 13 15
16 12 13
12 7 14
4 5 8
16 15 10
16 10 8
4 8 9
0 12 16
8 0 16
5 6 0
5 0 8
0 7 12
11 6 5



9387 13 0 
9387 13 0 
9387 13 0 
9387 6 0 
9387 6 0 
9387 6 0 
113 5 0 
113 5 5.675002e+01 
113 5 0 
113 10 0 
113 10 5.675002e+01 
113 10 0 






9395 6 0 
9395 6 0 
9395 6 0 



113 6 0 
113 6 5.675002e+01 
113 6 0 
9622 5 0 
9622 5 0 
9622 5 0 
120 5 0 
120 5 5.675002e+01 
120 5 0 



9403 9 0 
9403 9 0 
9403 9 0 
9395 7 0 
9395 7 0 
9395 7 0 
9403 13 0 
9403 13 0 
9403 13 0 



1 1 1
1 1 1
1 1 1
1 1 1
1 1 1
1 1 1
1 1 1
1 1 1
1 1 1
1 1 1
1 1 1
1 1 1
1 1 1
1 1 1
1 1 1
1 1 1
1 1 1
