2
4136 4137 4138 4139 4141 4142 4143 
9
8
8.922303E+00 -5.229449E+00 0.000000E+00
9.292783E+00 -4.866500E+00 0.000000E+00
9.663263E+00 -4.503552E+00 0.000000E+00
8.922303E+00 -5.229449E+00 7.425000E-01
9.292783E+00 -4.866500E+00 7.425000E-01
9.663263E+00 -4.503552E+00 7.425000E-01
8.922303E+00 -5.229449E+00 1.485000E+00
9.292783E+00 -4.866500E+00 1.485000E+00
9.663263E+00 -4.503552E+00 1.485000E+00
0 1 4
0 4 3
3 4 6
4 7 6
1 2 4
2 5 4
4 5 8
4 8 7
4097 10 0 
4097 10 0 
4097 10 0 
4097 9 0 
4097 9 0 
4097 9 0 
4097 1 0 
4097 1 0 
4097 1 0 
4104 5 0 
4104 5 0 
4104 5 0 
4104 4 0 
4104 4 0 
4104 4 0 
4103 5 0 
4103 5 0 
4103 5 0 
4098 10 0 
4098 10 0 
4098 10 0 
4098 9 0 
4098 9 0 
4098 9 0 
4098 1 0 
4098 1 0 
4098 1 0 
0 0 0
0 0 0
0 0 0
0 0 0
0 0 0
0 0 0
0 0 0
0 0 0
0 0 0
