0
6260 6262 6263 6264 6265 6266 6267 
12
13
-1.297699E+01 7.080570E+00 1.485000E+00
-1.235432E+01 6.889939E+00 1.485000E+00
-1.244824E+01 7.688024E+00 1.485000E+00
-1.320877E+01 7.757873E+00 1.485000E+00
-1.359966E+01 7.271201E+00 1.485000E+00
-1.286741E+01 8.175138E+00 1.485000E+00
-1.185712E+01 8.218619E+00 1.485000E+00
-1.239430E+01 8.456588E+00 1.485000E+00
-1.170109E+01 7.509114E+00 1.485000E+00
-1.333469E+01 8.434723E+00 1.485000E+00
-1.293148E+01 8.694557E+00 1.485000E+00
-1.373790E+01 8.174889E+00 1.485000E+00
0 1 2
3 0 2
0 3 4
3 2 5
2 6 7
2 1 8
6 2 8
5 9 3
5 10 9
5 2 7
10 5 7
3 11 4
9 11 3
6046 15 0 
6046 15 0 
6046 15 0 
6038 12 0 
6038 12 0 
6038 12 0 






6046 11 0 
6046 11 0 
6046 11 0 









6038 11 0 
6038 11 0 
6038 11 0 






6253 5 0 
6253 5 0 
6253 5 0 
0 0 0
0 0 0
0 0 0
0 0 0
0 0 0
0 0 0
0 0 0
0 0 0
0 0 0
0 0 0
0 0 0
0 0 0
