4
8679 8680 8681 8682 8683 8685 8686 
9
8
2.739680E+01 2.264942E+01 0.000000E+00
2.743012E+01 2.320614E+01 0.000000E+00
2.746344E+01 2.376285E+01 0.000000E+00
2.739680E+01 2.264942E+01 7.425000E-01
2.743012E+01 2.320614E+01 7.425000E-01
2.746344E+01 2.376285E+01 7.425000E-01
2.739680E+01 2.264942E+01 1.485000E+00
2.743012E+01 2.320614E+01 1.485000E+00
2.746344E+01 2.376285E+01 1.485000E+00
0 1 4
0 4 3
3 4 6
4 7 6
1 2 4
2 5 4
4 5 8
4 8 7
8671 4 0 
8671 4 0 
8671 4 0 
8679 12 0 
8679 12 0 
8679 12 0 
8679 7 0 
8679 7 0 
8679 7 0 
8676 5 0 
8676 5 0 
8676 5 0 






8672 4 0 
8672 4 0 
8672 4 0 
8680 12 0 
8680 12 0 
8680 12 0 
8680 7 0 
8680 7 0 
8680 7 0 
0 0 0
0 0 0
0 0 0
0 0 0
0 0 0
0 0 0
0 0 0
0 0 0
0 0 0
