2
2356 2357 2358 2359 2360 2361 2363 
6
4
2.199874E+01 -1.195840E+01 0.000000E+00
2.135244E+01 -1.260173E+01 0.000000E+00
2.199874E+01 -1.195840E+01 7.425000E-01
2.135244E+01 -1.260173E+01 7.425000E-01
2.199874E+01 -1.195840E+01 1.485000E+00
2.135244E+01 -1.260173E+01 1.485000E+00
0 1 3
0 3 2
2 3 5
2 5 4
2356 11 0 
2356 11 0 
2356 11 0 
2348 5 0 
2348 5 0 
2348 5 0 
2361 5 0 
2361 5 0 
2361 5 0 
2352 3 0 
2352 3 0 
2352 3 0 
2357 11 0 
2357 11 0 
2357 11 0 
2349 5 0 
2349 5 0 
2349 5 0 
0 0 0
0 0 0
0 0 0
0 0 0
0 0 0
0 0 0
