1
3165 3166 3167 3168 3169 3170 
12
12
6.211241E+00 -1.124483E+01 0.000000E+00
6.018980E+00 -1.054111E+01 0.000000E+00
5.599912E+00 -1.100975E+01 0.000000E+00
5.522814E+00 -9.870385E+00 0.000000E+00
5.253244E+00 -1.046718E+01 0.000000E+00
6.799057E+00 -1.043211E+01 0.000000E+00
6.544266E+00 -1.107010E+01 0.000000E+00
6.877291E+00 -1.089537E+01 0.000000E+00
6.121819E+00 -9.919619E+00 0.000000E+00
6.720824E+00 -9.968854E+00 0.000000E+00
4.983673E+00 -1.106398E+01 0.000000E+00
5.545190E+00 -1.159429E+01 0.000000E+00
2 1 0
4 3 1
7 6 5
3 8 1
1 5 6
8 5 1
9 5 8
4 1 2
6 0 1
10 4 2
10 2 11
2 0 11
3156 4 0 
3156 4 0 
3156 4 0 















3156 3 0 
3156 3 0 
3156 3 0 
3156 2 0 
3156 2 0 
3156 2 0 






3109 16 0 
3109 16 0 
3109 16 0 
3109 15 0 
3109 15 0 
3109 15 0 
0 0 0
0 0 0
0 0 0
0 0 0
0 0 0
0 0 0
0 0 0
0 0 0
0 0 0
0 0 0
0 0 0
0 0 0
