2
926 927 929 930 931 932 933 
6
4
-2.105588E+01 -2.386419E+01 0.000000E+00
-2.033029E+01 -2.441613E+01 0.000000E+00
-2.105588E+01 -2.386419E+01 7.425000E-01
-2.033029E+01 -2.441613E+01 7.425000E-01
-2.105588E+01 -2.386419E+01 1.485000E+00
-2.033029E+01 -2.441613E+01 1.485000E+00
0 1 3
0 3 2
2 3 5
2 5 4
918 12 0 
918 12 0 
918 12 0 
852 2 0 
852 2 0 
852 2 0 
923 3 0 
923 3 0 
923 3 0 
859 5 0 
859 5 0 
859 5 0 
919 12 0 
919 12 0 
919 12 0 
853 2 0 
853 2 0 
853 2 0 
0 0 0
0 0 0
0 0 0
0 0 0
0 0 0
0 0 0
