0
6565 6567 6568 6569 6570 6571 
11
10
1.148006E+01 8.476475E+00 1.485000E+00
1.199173E+01 8.537748E+00 1.485000E+00
1.205851E+01 9.187852E+00 1.485000E+00
1.133143E+01 9.431915E+00 1.485000E+00
1.212529E+01 9.837956E+00 1.485000E+00
1.161322E+01 1.004352E+01 1.485000E+00
1.077376E+01 9.891593E+00 1.485000E+00
1.044636E+01 9.534100E+00 1.485000E+00
1.110115E+01 1.024909E+01 1.485000E+00
1.070737E+01 8.974650E+00 1.485000E+00
1.096838E+01 8.415201E+00 1.485000E+00
0 1 2
3 4 5
3 6 7
8 6 3
0 9 10
7 9 3
2 3 0
5 8 3
4 3 2
9 0 3
6402 8 0 
6402 8 0 
6402 8 0 
6402 13 0 
6402 13 0 
6402 13 0 
6557 4 0 
6557 4 0 
6557 4 0 



6557 6 0 
6557 6 0 
6557 6 0 






6394 3 0 
6394 3 0 
6394 3 0 



6394 9 0 
6394 9 0 
6394 9 0 
6394 10 0 
6394 10 0 
6394 10 0 
0 0 0
0 0 0
0 0 0
0 0 0
0 0 0
0 0 0
0 0 0
0 0 0
0 0 0
0 0 0
0 0 0
