6
9599 9600 9601 9602 9603 9605 
6
4
-1.467345E+01 2.769725E+01 0.000000E+00
-1.538827E+01 2.722169E+01 0.000000E+00
-1.467345E+01 2.769725E+01 7.425000E-01
-1.538827E+01 2.722169E+01 7.425000E-01
-1.467345E+01 2.769725E+01 1.485000E+00
-1.538827E+01 2.722169E+01 1.485000E+00
0 1 3
0 3 2
2 3 5
2 5 4
71 8 0 
71 8 5.675002e+01 
71 8 0 
71 7 0 
71 7 5.675002e+01 
71 7 0 
74 3 0 
74 3 5.675002e+01 
74 3 0 
73 5 0 
73 5 5.675002e+01 
73 5 0 
72 8 0 
72 8 5.675002e+01 
72 8 0 
72 7 0 
72 7 5.675002e+01 
72 7 0 
0 0 0
0 0 0
0 0 0
0 0 0
0 0 0
0 0 0
