2
3220 3221 3222 3223 3225 3226 
5
4
1.538450E+01 1.934458E+00 0.000000E+00
1.424083E+01 2.301411E+00 0.000000E+00
1.538450E+01 1.934458E+00 2.000000E+00
1.424083E+01 2.301411E+00 2.000000E+00
1.481267E+01 2.117935E+00 1.000000E+00
0 1 4
1 3 4
3 2 4
2 0 4
3220 2 0 
3220 2 0 
3220 2 0 
3210 4 0 
3210 4 0 
3210 4 0 
3221 2 0 
3221 2 0 
3221 2 0 
3211 4 0 
3211 4 0 
3211 4 0 
3220 2 0 3210 4 0 3221 2 0 3211 4 0 
3220 2 0 3210 4 0 3221 2 0 3211 4 0 
3220 2 0 3210 4 0 3221 2 0 3211 4 0 
0 0 0
0 0 0
0 0 0
0 0 0
0 0 0
