6
5166 5167 5168 5169 5170 5171 5173 5174 
5
4
-2.167910E+01 7.850383E+00 0.000000E+00
-2.244333E+01 8.510509E+00 0.000000E+00
-2.167910E+01 7.850383E+00 2.000000E+00
-2.244333E+01 8.510509E+00 2.000000E+00
-2.206122E+01 8.180446E+00 1.000000E+00
0 1 4
1 3 4
3 2 4
2 0 4
5166 4 0 
5166 4 0 
5166 4 0 
5166 5 0 
5166 5 0 
5166 5 0 
5167 4 0 
5167 4 0 
5167 4 0 
5167 5 0 
5167 5 0 
5167 5 0 
5166 4 0 5166 5 0 5167 4 0 5167 5 0 
5166 4 0 5166 5 0 5167 4 0 5167 5 0 
5166 4 0 5166 5 0 5167 4 0 5167 5 0 
0 0 0
0 0 0
0 0 0
0 0 0
0 0 0
