6
5793 5794 5795 5796 5797 5799 5800 
5
4
1.694066E+01 8.385829E+00 0.000000E+00
1.566475E+01 8.847610E+00 0.000000E+00
1.694066E+01 8.385829E+00 2.000000E+00
1.566475E+01 8.847610E+00 2.000000E+00
1.630270E+01 8.616720E+00 1.000000E+00
0 1 4
1 3 4
3 2 4
2 0 4
5793 3 0 
5793 3 0 
5793 3 0 
5793 4 0 
5793 4 0 
5793 4 0 
5794 3 0 
5794 3 0 
5794 3 0 
5794 4 0 
5794 4 0 
5794 4 0 
5793 3 0 5793 4 0 5794 3 0 5794 4 0 
5793 3 0 5793 4 0 5794 3 0 5794 4 0 
5793 3 0 5793 4 0 5794 3 0 5794 4 0 
0 0 0
0 0 0
0 0 0
0 0 0
0 0 0
