2
3171 3172 3173 3175 3176 3177 3178 3179 
5
4
5.384969E+00 2.246311E+00 0.000000E+00
6.289153E+00 2.544122E+00 0.000000E+00
5.384969E+00 2.246311E+00 2.000000E+00
6.289153E+00 2.544122E+00 2.000000E+00
5.837061E+00 2.395217E+00 1.000000E+00
0 1 4
1 3 4
3 2 4
2 0 4
2320 5 0 
2320 5 0 
2320 5 0 
2320 4 0 
2320 4 0 
2320 4 0 
2321 5 0 
2321 5 0 
2321 5 0 
2321 4 0 
2321 4 0 
2321 4 0 
2320 5 0 2320 4 0 2321 5 0 2321 4 0 
2320 5 0 2320 4 0 2321 5 0 2321 4 0 
2320 5 0 2320 4 0 2321 5 0 2321 4 0 
0 0 0
0 0 0
0 0 0
0 0 0
0 0 0
