1
420 421 422 423 424 425 426 
7
6
2.553252E+01 -8.296921E+00 0.000000E+00
2.620480E+01 -8.797277E+00 0.000000E+00
2.706438E+01 -8.275062E+00 0.000000E+00
2.697941E+01 -7.125751E+00 0.000000E+00
2.632139E+01 -6.796515E+00 0.000000E+00
2.565608E+01 -7.193921E+00 0.000000E+00
2.629310E+01 -7.747575E+00 0.000000E+00
1 0 6
2 1 6
3 2 6
4 3 6
5 4 6
0 5 6
412 1 0 
412 1 0 
412 1 0 












412 2 0 
412 2 0 
412 2 0 
412 1 0 419 1 0 419 2 0 419 3 0 419 4 0 412 2 0 
412 1 0 419 1 0 419 2 0 419 3 0 419 4 0 412 2 0 
412 1 0 419 1 0 419 2 0 419 3 0 419 4 0 412 2 0 
0 0 0
0 0 0
0 0 0
0 0 0
0 0 0
0 0 0
0 0 0
