2
1764 1765 1766 1768 1769 1770 1771 1772 
5
4
-5.745355E+01 -6.741675E+00 0.000000E+00
-5.653706E+01 -6.908839E+00 0.000000E+00
-5.745355E+01 -6.741675E+00 2.000000E+00
-5.653706E+01 -6.908839E+00 2.000000E+00
-5.699531E+01 -6.825257E+00 1.000000E+00
0 1 4
1 3 4
3 2 4
2 0 4
1733 4 0 
1733 4 0 
1733 4 0 
1724 6 0 
1724 6 0 
1724 6 0 
1734 4 0 
1734 4 0 
1734 4 0 
1725 6 0 
1725 6 0 
1725 6 0 
1733 4 0 1724 6 0 1734 4 0 1725 6 0 
1733 4 0 1724 6 0 1734 4 0 1725 6 0 
1733 4 0 1724 6 0 1734 4 0 1725 6 0 
0 0 0
0 0 0
0 0 0
0 0 0
0 0 0
