2
5237 5238 5239 5241 5242 5243 5244 
5
4
-8.933584E+00 3.653495E+00 0.000000E+00
-8.454388E+00 4.141853E+00 0.000000E+00
-8.933584E+00 3.653495E+00 2.000000E+00
-8.454388E+00 4.141853E+00 2.000000E+00
-8.693986E+00 3.897674E+00 1.000000E+00
0 1 4
1 3 4
3 2 4
2 0 4
4715 5 0 
4715 5 0 
4715 5 0 
4715 4 0 
4715 4 0 
4715 4 0 
4716 5 0 
4716 5 0 
4716 5 0 
4716 4 0 
4716 4 0 
4716 4 0 
4715 5 0 4715 4 0 4716 5 0 4716 4 0 
4715 5 0 4715 4 0 4716 5 0 4716 4 0 
4715 5 0 4715 4 0 4716 5 0 4716 4 0 
0 0 0
0 0 0
0 0 0
0 0 0
0 0 0
