2
3513 3514 3515 3516 3517 3518 
5
4
5.737540E+01 1.134609E+00 0.000000E+00
5.687207E+01 3.234296E-02 0.000000E+00
5.737540E+01 1.134609E+00 2.000000E+00
5.687207E+01 3.234296E-02 2.000000E+00
5.712373E+01 5.834758E-01 1.000000E+00
0 1 4
1 3 4
3 2 4
2 0 4
3513 4 0 
3513 4 0 
3513 4 0 
3489 4 0 
3489 4 0 
3489 4 0 
3514 4 0 
3514 4 0 
3514 4 0 
3490 4 0 
3490 4 0 
3490 4 0 
3513 4 0 3489 4 0 3514 4 0 3490 4 0 
3513 4 0 3489 4 0 3514 4 0 3490 4 0 
3513 4 0 3489 4 0 3514 4 0 3490 4 0 
0 0 0
0 0 0
0 0 0
0 0 0
0 0 0
