1
2314 2315 2316 2317 2318 2319 
6
5
7.056950E+00 -5.219086E-01 0.000000E+00
8.191132E+00 -4.417984E-01 0.000000E+00
8.394278E+00 5.338723E-01 0.000000E+00
7.279278E+00 1.196321E+00 0.000000E+00
6.577689E+00 5.797715E-01 0.000000E+00
7.499865E+00 2.692515E-01 0.000000E+00
1 0 5
2 1 5
3 2 5
4 3 5
0 4 5
2186 2 0 
2186 2 0 
2186 2 0 
2194 3 0 
2194 3 0 
2194 3 0 
2304 6 0 
2304 6 0 
2304 6 0 



2186 3 0 
2186 3 0 
2186 3 0 
2186 2 0 2194 3 0 2304 6 0 2313 3 0 2186 3 0 
2186 2 0 2194 3 0 2304 6 0 2313 3 0 2186 3 0 
2186 2 0 2194 3 0 2304 6 0 2313 3 0 2186 3 0 
0 0 0
0 0 0
0 0 0
0 0 0
0 0 0
0 0 0
