2
2526 2527 2528 2529 2530 2531 2533 
5
4
-3.119735E+01 -1.366352E+00 0.000000E+00
-3.201525E+01 -1.852100E+00 0.000000E+00
-3.119735E+01 -1.366352E+00 2.000000E+00
-3.201525E+01 -1.852100E+00 2.000000E+00
-3.160630E+01 -1.609226E+00 1.000000E+00
0 1 4
1 3 4
3 2 4
2 0 4
2526 4 0 
2526 4 0 
2526 4 0 
1980 4 0 
1980 4 0 
1980 4 0 
2527 4 0 
2527 4 0 
2527 4 0 
1981 4 0 
1981 4 0 
1981 4 0 
2526 4 0 1980 4 0 2527 4 0 1981 4 0 
2526 4 0 1980 4 0 2527 4 0 1981 4 0 
2526 4 0 1980 4 0 2527 4 0 1981 4 0 
0 0 0
0 0 0
0 0 0
0 0 0
0 0 0
