2
4249 4250 4251 4252 4253 4254 4255 4257 4258 
5
4
3.142614E+01 5.075889E+00 0.000000E+00
3.080575E+01 5.157663E+00 0.000000E+00
3.142614E+01 5.075889E+00 2.000000E+00
3.080575E+01 5.157663E+00 2.000000E+00
3.111595E+01 5.116776E+00 1.000000E+00
0 1 4
1 3 4
3 2 4
2 0 4
4249 5 0 
4249 5 0 
4249 5 0 
4249 6 0 
4249 6 0 
4249 6 0 
4250 5 0 
4250 5 0 
4250 5 0 
4250 6 0 
4250 6 0 
4250 6 0 
4249 5 0 4249 6 0 4250 5 0 4250 6 0 
4249 5 0 4249 6 0 4250 5 0 4250 6 0 
4249 5 0 4249 6 0 4250 5 0 4250 6 0 
0 0 0
0 0 0
0 0 0
0 0 0
0 0 0
