0
3434 3436 3437 3438 3439 3440 
6
5
5.362430E+01 -3.197909E+00 2.000000E+00
5.473992E+01 -3.797795E+00 2.000000E+00
5.544626E+01 -3.033469E+00 2.000000E+00
5.492801E+01 -1.887531E+00 2.000000E+00
5.395542E+01 -1.886785E+00 2.000000E+00
5.453878E+01 -2.760698E+00 2.000000E+00
5 0 1
5 1 2
5 2 3
5 3 4
5 4 0
644 5 0 
644 5 0 
644 5 0 
644 4 0 
644 4 0 
644 4 0 






3426 4 0 
3426 4 0 
3426 4 0 
644 5 0 644 4 0 3435 2 0 3435 3 0 3426 4 0 
644 5 0 644 4 0 3435 2 0 3435 3 0 3426 4 0 
644 5 0 644 4 0 3435 2 0 3435 3 0 3426 4 0 
0 0 0
0 0 0
0 0 0
0 0 0
0 0 0
0 0 0
