2
2738 2739 2740 2741 2742 2743 2744 
5
4
-5.454225E+01 4.206941E-02 0.000000E+00
-5.446782E+01 -1.260436E+00 0.000000E+00
-5.454225E+01 4.206941E-02 2.000000E+00
-5.446782E+01 -1.260436E+00 2.000000E+00
-5.450504E+01 -6.091835E-01 1.000000E+00
0 1 4
1 3 4
3 2 4
2 0 4
2738 5 0 
2738 5 0 
2738 5 0 
1845 5 0 
1845 5 0 
1845 5 0 
2739 5 0 
2739 5 0 
2739 5 0 
1846 5 0 
1846 5 0 
1846 5 0 
2738 5 0 1845 5 0 2739 5 0 1846 5 0 
2738 5 0 1845 5 0 2739 5 0 1846 5 0 
2738 5 0 1845 5 0 2739 5 0 1846 5 0 
0 0 0
0 0 0
0 0 0
0 0 0
0 0 0
