2
5458 5459 5460 5462 5463 5464 
5
4
-3.357938E+01 6.726984E+00 0.000000E+00
-3.265884E+01 7.153220E+00 0.000000E+00
-3.357938E+01 6.726984E+00 2.000000E+00
-3.265884E+01 7.153220E+00 2.000000E+00
-3.311911E+01 6.940102E+00 1.000000E+00
0 1 4
1 3 4
3 2 4
2 0 4
5103 3 0 
5103 3 0 
5103 3 0 
5111 3 0 
5111 3 0 
5111 3 0 
5104 3 0 
5104 3 0 
5104 3 0 
5112 3 0 
5112 3 0 
5112 3 0 
5103 3 0 5111 3 0 5104 3 0 5112 3 0 
5103 3 0 5111 3 0 5104 3 0 5112 3 0 
5103 3 0 5111 3 0 5104 3 0 5112 3 0 
0 0 0
0 0 0
0 0 0
0 0 0
0 0 0
