2
1201 1202 1203 1204 1205 1206 
5
4
3.716994E+00 -3.406325E+00 0.000000E+00
3.479277E+00 -4.402044E+00 0.000000E+00
3.716994E+00 -3.406325E+00 2.000000E+00
3.479277E+00 -4.402044E+00 2.000000E+00
3.598136E+00 -3.904184E+00 1.000000E+00
0 1 4
1 3 4
3 2 4
2 0 4
1191 4 0 
1191 4 0 
1191 4 0 
1087 4 0 
1087 4 0 
1087 4 0 
1192 4 0 
1192 4 0 
1192 4 0 
1088 4 0 
1088 4 0 
1088 4 0 
1191 4 0 1087 4 0 1192 4 0 1088 4 0 
1191 4 0 1087 4 0 1192 4 0 1088 4 0 
1191 4 0 1087 4 0 1192 4 0 1088 4 0 
0 0 0
0 0 0
0 0 0
0 0 0
0 0 0
