1
5056 5057 5058 5059 5060 5061 5062 
7
6
-4.301120E+01 3.851030E+00 0.000000E+00
-4.275791E+01 3.275288E+00 0.000000E+00
-4.147414E+01 3.036177E+00 0.000000E+00
-4.091261E+01 3.649879E+00 0.000000E+00
-4.142404E+01 4.797423E+00 0.000000E+00
-4.242307E+01 4.805725E+00 0.000000E+00
-4.200049E+01 3.902587E+00 0.000000E+00
1 0 6
2 1 6
3 2 6
4 3 6
5 4 6
0 5 6
5047 3 0 
5047 3 0 
5047 3 0 
5040 4 0 
5040 4 0 
5040 4 0 
5031 6 0 
5031 6 0 
5031 6 0 
5031 5 0 
5031 5 0 
5031 5 0 






5047 3 0 5040 4 0 5031 6 0 5031 5 0 5055 4 0 5055 5 0 
5047 3 0 5040 4 0 5031 6 0 5031 5 0 5055 4 0 5055 5 0 
5047 3 0 5040 4 0 5031 6 0 5031 5 0 5055 4 0 5055 5 0 
0 0 0
0 0 0
0 0 0
0 0 0
0 0 0
0 0 0
0 0 0
