2
507 508 509 510 511 512 513 515 
5
4
4.232691E+01 -6.556998E+00 0.000000E+00
4.226140E+01 -6.802758E+00 0.000000E+00
4.232691E+01 -6.556998E+00 2.000000E+00
4.226140E+01 -6.802758E+00 2.000000E+00
4.229415E+01 -6.679878E+00 1.000000E+00
0 1 4
1 3 4
3 2 4
2 0 4
493 3 0 
493 3 0 
493 3 0 
493 2 0 
493 2 0 
493 2 0 
494 3 0 
494 3 0 
494 3 0 
494 2 0 
494 2 0 
494 2 0 
493 3 0 493 2 0 494 3 0 494 2 0 
493 3 0 493 2 0 494 3 0 494 2 0 
493 3 0 493 2 0 494 3 0 494 2 0 
0 0 0
0 0 0
0 0 0
0 0 0
0 0 0
