6
5816 5817 5818 5819 5820 5822 
5
4
3.979926E+01 8.346069E+00 0.000000E+00
3.887110E+01 8.202564E+00 0.000000E+00
3.979926E+01 8.346069E+00 2.000000E+00
3.887110E+01 8.202564E+00 2.000000E+00
3.933518E+01 8.274316E+00 1.000000E+00
0 1 4
1 3 4
3 2 4
2 0 4
5816 3 0 
5816 3 0 
5816 3 0 
5808 3 0 
5808 3 0 
5808 3 0 
5817 3 0 
5817 3 0 
5817 3 0 
5809 3 0 
5809 3 0 
5809 3 0 
5816 3 0 5808 3 0 5817 3 0 5809 3 0 
5816 3 0 5808 3 0 5817 3 0 5809 3 0 
5816 3 0 5808 3 0 5817 3 0 5809 3 0 
0 0 0
0 0 0
0 0 0
0 0 0
0 0 0
