2
2541 2542 2544 2545 2546 2547 2548 2549 
5
4
-3.302092E+01 -1.272400E+00 0.000000E+00
-3.201525E+01 -1.852100E+00 0.000000E+00
-3.302092E+01 -1.272400E+00 2.000000E+00
-3.201525E+01 -1.852100E+00 2.000000E+00
-3.251809E+01 -1.562250E+00 1.000000E+00
0 1 4
1 3 4
3 2 4
2 0 4
1980 5 0 
1980 5 0 
1980 5 0 
1980 4 0 
1980 4 0 
1980 4 0 
1981 5 0 
1981 5 0 
1981 5 0 
1981 4 0 
1981 4 0 
1981 4 0 
1980 5 0 1980 4 0 1981 5 0 1981 4 0 
1980 5 0 1980 4 0 1981 5 0 1981 4 0 
1980 5 0 1980 4 0 1981 5 0 1981 4 0 
0 0 0
0 0 0
0 0 0
0 0 0
0 0 0
