0
620 622 623 624 625 626 627 
7
6
5.700731E+01 -6.384564E+00 2.000000E+00
5.765835E+01 -7.061441E+00 2.000000E+00
5.867522E+01 -6.805125E+00 2.000000E+00
5.896612E+01 -5.693418E+00 2.000000E+00
5.836032E+01 -5.067781E+00 2.000000E+00
5.727924E+01 -5.344626E+00 2.000000E+00
5.799109E+01 -6.059493E+00 2.000000E+00
6 0 1
6 1 2
6 2 3
6 3 4
6 4 5
6 5 0
590 3 0 
590 3 0 
590 3 0 
590 2 0 
590 2 0 
590 2 0 
597 5 0 
597 5 0 
597 5 0 
613 5 0 
613 5 0 
613 5 0 






590 3 0 590 2 0 597 5 0 613 5 0 621 4 0 621 5 0 
590 3 0 590 2 0 597 5 0 613 5 0 621 4 0 621 5 0 
590 3 0 590 2 0 597 5 0 613 5 0 621 4 0 621 5 0 
0 0 0
0 0 0
0 0 0
0 0 0
0 0 0
0 0 0
0 0 0
