5
188 189 190 191 193 194 195 
5
4
-1.408964E+01 -8.764749E+00 0.000000E+00
-1.369945E+01 -8.149166E+00 0.000000E+00
-1.408964E+01 -8.764749E+00 2.000000E+00
-1.369945E+01 -8.149166E+00 2.000000E+00
-1.389455E+01 -8.456958E+00 1.000000E+00
0 1 4
1 3 4
3 2 4
2 0 4
188 2 0 
188 2 0 
188 2 0 
188 3 0 
188 3 0 
188 3 0 
189 2 0 
189 2 0 
189 2 0 
189 3 0 
189 3 0 
189 3 0 
188 2 0 188 3 0 189 2 0 189 3 0 
188 2 0 188 3 0 189 2 0 189 3 0 
188 2 0 188 3 0 189 2 0 189 3 0 
0 0 0
0 0 0
0 0 0
0 0 0
0 0 0
