2
1390 1391 1392 1393 1394 1395 1396 
5
4
-1.231568E+01 -5.250771E+00 0.000000E+00
-1.197844E+01 -6.697131E+00 0.000000E+00
-1.231568E+01 -5.250771E+00 2.000000E+00
-1.197844E+01 -6.697131E+00 2.000000E+00
-1.214706E+01 -5.973951E+00 1.000000E+00
0 1 4
1 3 4
3 2 4
2 0 4
1390 5 0 
1390 5 0 
1390 5 0 
203 6 0 
203 6 0 
203 6 0 
1391 5 0 
1391 5 0 
1391 5 0 
204 6 0 
204 6 0 
204 6 0 
1390 5 0 203 6 0 1391 5 0 204 6 0 
1390 5 0 203 6 0 1391 5 0 204 6 0 
1390 5 0 203 6 0 1391 5 0 204 6 0 
0 0 0
0 0 0
0 0 0
0 0 0
0 0 0
