2
5055 5056 5057 5058 5059 5060 5062 
5
4
-4.142404E+01 4.797423E+00 0.000000E+00
-4.242307E+01 4.805725E+00 0.000000E+00
-4.142404E+01 4.797423E+00 2.000000E+00
-4.242307E+01 4.805725E+00 2.000000E+00
-4.192355E+01 4.801574E+00 1.000000E+00
0 1 4
1 3 4
3 2 4
2 0 4
5055 4 0 
5055 4 0 
5055 4 0 
5055 5 0 
5055 5 0 
5055 5 0 
5056 4 0 
5056 4 0 
5056 4 0 
5056 5 0 
5056 5 0 
5056 5 0 
5055 4 0 5055 5 0 5056 4 0 5056 5 0 
5055 4 0 5055 5 0 5056 4 0 5056 5 0 
5055 4 0 5055 5 0 5056 4 0 5056 5 0 
0 0 0
0 0 0
0 0 0
0 0 0
0 0 0
