0
2871 2873 2874 2875 2876 2877 
6
5
-4.715649E+01 1.155475E+00 2.000000E+00
-4.602628E+01 7.636940E-01 2.000000E+00
-4.537247E+01 1.723869E+00 2.000000E+00
-4.621308E+01 2.542614E+00 2.000000E+00
-4.717708E+01 2.060678E+00 2.000000E+00
-4.638908E+01 1.649266E+00 2.000000E+00
5 0 1
5 1 2
5 2 3
5 3 4
5 4 0
2706 3 0 
2706 3 0 
2706 3 0 
2697 6 0 
2697 6 0 
2697 6 0 
2697 5 0 
2697 5 0 
2697 5 0 



2864 3 0 
2864 3 0 
2864 3 0 
2706 3 0 2697 6 0 2697 5 0 2872 3 0 2864 3 0 
2706 3 0 2697 6 0 2697 5 0 2872 3 0 2864 3 0 
2706 3 0 2697 6 0 2697 5 0 2872 3 0 2864 3 0 
0 0 0
0 0 0
0 0 0
0 0 0
0 0 0
0 0 0
