2
2478 2479 2480 2481 2482 2483 
5
4
-2.263305E+01 -9.678306E-01 0.000000E+00
-2.252052E+01 -2.242160E+00 0.000000E+00
-2.263305E+01 -9.678306E-01 2.000000E+00
-2.252052E+01 -2.242160E+00 2.000000E+00
-2.257678E+01 -1.604995E+00 1.000000E+00
0 1 4
1 3 4
3 2 4
2 0 4
2478 4 0 
2478 4 0 
2478 4 0 
2045 4 0 
2045 4 0 
2045 4 0 
2479 4 0 
2479 4 0 
2479 4 0 
2046 4 0 
2046 4 0 
2046 4 0 
2478 4 0 2045 4 0 2479 4 0 2046 4 0 
2478 4 0 2045 4 0 2479 4 0 2046 4 0 
2478 4 0 2045 4 0 2479 4 0 2046 4 0 
0 0 0
0 0 0
0 0 0
0 0 0
0 0 0
