1
5540 5541 5542 5543 5544 5545 5546 5547 
8
7
-5.334880E+01 3.488601E+00 0.000000E+00
-5.234523E+01 2.744998E+00 0.000000E+00
-5.158782E+01 2.942923E+00 0.000000E+00
-5.122297E+01 3.712795E+00 0.000000E+00
-5.148079E+01 4.313427E+00 0.000000E+00
-5.266743E+01 4.733486E+00 0.000000E+00
-5.334961E+01 4.323562E+00 0.000000E+00
-5.228609E+01 3.751399E+00 0.000000E+00
1 0 7
2 1 7
3 2 7
4 3 7
5 4 7
6 5 7
0 6 7
2840 3 0 
2840 3 0 
2840 3 0 
2840 2 0 
2840 2 0 
2840 2 0 
2847 4 0 
2847 4 0 
2847 4 0 
5532 4 0 
5532 4 0 
5532 4 0 









2840 3 0 2840 2 0 2847 4 0 5532 4 0 5539 4 0 5539 5 0 5539 6 0 
2840 3 0 2840 2 0 2847 4 0 5532 4 0 5539 4 0 5539 5 0 5539 6 0 
2840 3 0 2840 2 0 2847 4 0 5532 4 0 5539 4 0 5539 5 0 5539 6 0 
0 0 0
0 0 0
0 0 0
0 0 0
0 0 0
0 0 0
0 0 0
0 0 0
