2
1255 1256 1257 1258 1260 1261 1262 
5
4
1.553793E+01 -3.794001E+00 0.000000E+00
1.591586E+01 -2.717854E+00 0.000000E+00
1.553793E+01 -3.794001E+00 2.000000E+00
1.591586E+01 -2.717854E+00 2.000000E+00
1.572690E+01 -3.255927E+00 1.000000E+00
0 1 4
1 3 4
3 2 4
2 0 4
1022 0 0 
1022 0 0 
1022 0 0 
1022 6 0 
1022 6 0 
1022 6 0 
1023 0 0 
1023 0 0 
1023 0 0 
1023 6 0 
1023 6 0 
1023 6 0 
1022 0 0 1022 6 0 1023 0 0 1023 6 0 
1022 0 0 1022 6 0 1023 0 0 1023 6 0 
1022 0 0 1022 6 0 1023 0 0 1023 6 0 
0 0 0
0 0 0
0 0 0
0 0 0
0 0 0
