2
3527 3528 3529 3530 3531 3532 3534 
5
4
6.053512E+01 2.887855E+00 0.000000E+00
5.938140E+01 2.415097E+00 0.000000E+00
6.053512E+01 2.887855E+00 2.000000E+00
5.938140E+01 2.415097E+00 2.000000E+00
5.995826E+01 2.651476E+00 1.000000E+00
0 1 4
1 3 4
3 2 4
2 0 4
3527 4 0 
3527 4 0 
3527 4 0 
3527 5 0 
3527 5 0 
3527 5 0 
3528 4 0 
3528 4 0 
3528 4 0 
3528 5 0 
3528 5 0 
3528 5 0 
3527 4 0 3527 5 0 3528 4 0 3528 5 0 
3527 4 0 3527 5 0 3528 4 0 3528 5 0 
3527 4 0 3527 5 0 3528 4 0 3528 5 0 
0 0 0
0 0 0
0 0 0
0 0 0
0 0 0
