1
4170 4171 4172 4173 4174 4175 4176 
7
6
4.549425E+01 3.580510E+00 0.000000E+00
4.660695E+01 3.626918E+00 0.000000E+00
4.697455E+01 4.260306E+00 0.000000E+00
4.638901E+01 5.456884E+00 0.000000E+00
4.550755E+01 5.507801E+00 0.000000E+00
4.492493E+01 4.474851E+00 0.000000E+00
4.598287E+01 4.484545E+00 0.000000E+00
1 0 6
2 1 6
3 2 6
4 3 6
5 4 6
0 5 6
4049 3 0 
4049 3 0 
4049 3 0 
4058 3 0 
4058 3 0 
4058 3 0 
4066 4 0 
4066 4 0 
4066 4 0 
4161 5 0 
4161 5 0 
4161 5 0 



4049 4 0 
4049 4 0 
4049 4 0 
4049 3 0 4058 3 0 4066 4 0 4161 5 0 4169 4 0 4049 4 0 
4049 3 0 4058 3 0 4066 4 0 4161 5 0 4169 4 0 4049 4 0 
4049 3 0 4058 3 0 4066 4 0 4161 5 0 4169 4 0 4049 4 0 
0 0 0
0 0 0
0 0 0
0 0 0
0 0 0
0 0 0
0 0 0
