2
1925 1926 1927 1928 1929 1930 1932 1933 
5
4
-3.990272E+01 -2.137425E+00 0.000000E+00
-4.068105E+01 -1.493581E+00 0.000000E+00
-3.990272E+01 -2.137425E+00 2.000000E+00
-4.068105E+01 -1.493581E+00 2.000000E+00
-4.029188E+01 -1.815503E+00 1.000000E+00
0 1 4
1 3 4
3 2 4
2 0 4
1925 4 0 
1925 4 0 
1925 4 0 
1925 5 0 
1925 5 0 
1925 5 0 
1926 4 0 
1926 4 0 
1926 4 0 
1926 5 0 
1926 5 0 
1926 5 0 
1925 4 0 1925 5 0 1926 4 0 1926 5 0 
1925 4 0 1925 5 0 1926 4 0 1926 5 0 
1925 4 0 1925 5 0 1926 4 0 1926 5 0 
0 0 0
0 0 0
0 0 0
0 0 0
0 0 0
