2
2541 2542 2543 2544 2546 2547 2548 2549 
5
4
-3.119735E+01 -1.366352E+00 0.000000E+00
-3.105222E+01 -4.288293E-01 0.000000E+00
-3.119735E+01 -1.366352E+00 2.000000E+00
-3.105222E+01 -4.288293E-01 2.000000E+00
-3.112478E+01 -8.975906E-01 1.000000E+00
0 1 4
1 3 4
3 2 4
2 0 4
2526 4 0 
2526 4 0 
2526 4 0 
2534 4 0 
2534 4 0 
2534 4 0 
2527 4 0 
2527 4 0 
2527 4 0 
2535 4 0 
2535 4 0 
2535 4 0 
2526 4 0 2534 4 0 2527 4 0 2535 4 0 
2526 4 0 2534 4 0 2527 4 0 2535 4 0 
2526 4 0 2534 4 0 2527 4 0 2535 4 0 
0 0 0
0 0 0
0 0 0
0 0 0
0 0 0
