2
3553 3554 3555 3556 3557 3558 3559 3561 
5
4
5.507493E+01 1.924015E-01 0.000000E+00
5.386640E+01 -1.590673E-01 0.000000E+00
5.507493E+01 1.924015E-01 2.000000E+00
5.386640E+01 -1.590673E-01 2.000000E+00
5.447066E+01 1.666710E-02 1.000000E+00
0 1 4
1 3 4
3 2 4
2 0 4
3544 0 0 
3544 0 0 
3544 0 0 
3553 6 0 
3553 6 0 
3553 6 0 
3545 0 0 
3545 0 0 
3545 0 0 
3554 6 0 
3554 6 0 
3554 6 0 
3544 0 0 3553 6 0 3545 0 0 3554 6 0 
3544 0 0 3553 6 0 3545 0 0 3554 6 0 
3544 0 0 3553 6 0 3545 0 0 3554 6 0 
0 0 0
0 0 0
0 0 0
0 0 0
0 0 0
