2
3544 3545 3546 3547 3548 3549 3551 3552 
5
4
5.713508E+01 1.602989E+00 0.000000E+00
5.608482E+01 1.758440E+00 0.000000E+00
5.713508E+01 1.602989E+00 2.000000E+00
5.608482E+01 1.758440E+00 2.000000E+00
5.660995E+01 1.680715E+00 1.000000E+00
0 1 4
1 3 4
3 2 4
2 0 4
3535 0 0 
3535 0 0 
3535 0 0 
3544 5 0 
3544 5 0 
3544 5 0 
3536 0 0 
3536 0 0 
3536 0 0 
3545 5 0 
3545 5 0 
3545 5 0 
3535 0 0 3544 5 0 3536 0 0 3545 5 0 
3535 0 0 3544 5 0 3536 0 0 3545 5 0 
3535 0 0 3544 5 0 3536 0 0 3545 5 0 
0 0 0
0 0 0
0 0 0
0 0 0
0 0 0
