2
4958 4959 4960 4961 4962 4963 4964 
5
4
-2.883380E+01 5.754387E+00 0.000000E+00
-2.834442E+01 4.980624E+00 0.000000E+00
-2.883380E+01 5.754387E+00 2.000000E+00
-2.834442E+01 4.980624E+00 2.000000E+00
-2.858911E+01 5.367505E+00 1.000000E+00
0 1 4
1 3 4
3 2 4
2 0 4
4958 5 0 
4958 5 0 
4958 5 0 
4880 5 0 
4880 5 0 
4880 5 0 
4959 5 0 
4959 5 0 
4959 5 0 
4881 5 0 
4881 5 0 
4881 5 0 
4958 5 0 4880 5 0 4959 5 0 4881 5 0 
4958 5 0 4880 5 0 4959 5 0 4881 5 0 
4958 5 0 4880 5 0 4959 5 0 4881 5 0 
0 0 0
0 0 0
0 0 0
0 0 0
0 0 0
