1
862 863 864 865 866 867 868 
7
6
2.164635E+01 -4.547252E+00 0.000000E+00
2.211530E+01 -4.916184E+00 0.000000E+00
2.338236E+01 -4.320773E+00 0.000000E+00
2.344739E+01 -3.416297E+00 0.000000E+00
2.259365E+01 -2.849311E+00 0.000000E+00
2.184126E+01 -3.211627E+00 0.000000E+00
2.250438E+01 -3.876907E+00 0.000000E+00
1 0 6
2 1 6
3 2 6
4 3 6
5 4 6
0 5 6
805 5 0 
805 5 0 
805 5 0 
797 5 0 
797 5 0 
797 5 0 
797 4 0 
797 4 0 
797 4 0 






854 2 0 
854 2 0 
854 2 0 
805 5 0 797 5 0 797 4 0 861 3 0 861 4 0 854 2 0 
805 5 0 797 5 0 797 4 0 861 3 0 861 4 0 854 2 0 
805 5 0 797 5 0 797 4 0 861 3 0 861 4 0 854 2 0 
0 0 0
0 0 0
0 0 0
0 0 0
0 0 0
0 0 0
0 0 0
