2
2038 2039 2040 2041 2043 2044 
5
4
-2.265802E+01 -3.911724E+00 0.000000E+00
-2.299173E+01 -2.738577E+00 0.000000E+00
-2.265802E+01 -3.911724E+00 2.000000E+00
-2.299173E+01 -2.738577E+00 2.000000E+00
-2.282488E+01 -3.325151E+00 1.000000E+00
0 1 4
1 3 4
3 2 4
2 0 4
1542 4 0 
1542 4 0 
1542 4 0 
2038 3 0 
2038 3 0 
2038 3 0 
1543 4 0 
1543 4 0 
1543 4 0 
2039 3 0 
2039 3 0 
2039 3 0 
1542 4 0 2038 3 0 1543 4 0 2039 3 0 
1542 4 0 2038 3 0 1543 4 0 2039 3 0 
1542 4 0 2038 3 0 1543 4 0 2039 3 0 
0 0 0
0 0 0
0 0 0
0 0 0
0 0 0
