2
3634 3635 3636 3637 3639 3640 
5
4
4.325410E+01 -4.215568E-01 0.000000E+00
4.248825E+01 4.480542E-01 0.000000E+00
4.325410E+01 -4.215568E-01 2.000000E+00
4.248825E+01 4.480542E-01 2.000000E+00
4.287118E+01 1.324875E-02 1.000000E+00
0 1 4
1 3 4
3 2 4
2 0 4
3626 5 0 
3626 5 0 
3626 5 0 
3634 3 0 
3634 3 0 
3634 3 0 
3627 5 0 
3627 5 0 
3627 5 0 
3635 3 0 
3635 3 0 
3635 3 0 
3626 5 0 3634 3 0 3627 5 0 3635 3 0 
3626 5 0 3634 3 0 3627 5 0 3635 3 0 
3626 5 0 3634 3 0 3627 5 0 3635 3 0 
0 0 0
0 0 0
0 0 0
0 0 0
0 0 0
