2
122 123 124 126 127 128 129 
5
4
-2.752473E+01 -7.763939E+00 0.000000E+00
-2.697471E+01 -7.164133E+00 0.000000E+00
-2.752473E+01 -7.763939E+00 2.000000E+00
-2.697471E+01 -7.164133E+00 2.000000E+00
-2.724972E+01 -7.464036E+00 1.000000E+00
0 1 4
1 3 4
3 2 4
2 0 4
122 1 0 
122 1 0 
122 1 0 
122 2 0 
122 2 0 
122 2 0 
123 1 0 
123 1 0 
123 1 0 
123 2 0 
123 2 0 
123 2 0 
122 1 0 122 2 0 123 1 0 123 2 0 
122 1 0 122 2 0 123 1 0 123 2 0 
122 1 0 122 2 0 123 1 0 123 2 0 
0 0 0
0 0 0
0 0 0
0 0 0
0 0 0
