2
1804 1805 1806 1807 1808 1809 
5
4
-5.980510E+01 -3.041674E+00 0.000000E+00
-6.027405E+01 -4.236453E+00 0.000000E+00
-5.980510E+01 -3.041674E+00 2.000000E+00
-6.027405E+01 -4.236453E+00 2.000000E+00
-6.003958E+01 -3.639063E+00 1.000000E+00
0 1 4
1 3 4
3 2 4
2 0 4
1804 4 0 
1804 4 0 
1804 4 0 
1804 0 0 
1804 0 0 
1804 0 0 
1805 4 0 
1805 4 0 
1805 4 0 
1805 0 0 
1805 0 0 
1805 0 0 
1804 4 0 1804 0 0 1805 4 0 1805 0 0 
1804 4 0 1804 0 0 1805 4 0 1805 0 0 
1804 4 0 1804 0 0 1805 4 0 1805 0 0 
0 0 0
0 0 0
0 0 0
0 0 0
0 0 0
