2
3535 3536 3537 3538 3539 3540 3541 3542 
5
4
5.770651E+01 2.711530E+00 0.000000E+00
5.713508E+01 1.602989E+00 0.000000E+00
5.770651E+01 2.711530E+00 2.000000E+00
5.713508E+01 1.602989E+00 2.000000E+00
5.742080E+01 2.157259E+00 1.000000E+00
0 1 4
1 3 4
3 2 4
2 0 4
3535 6 0 
3535 6 0 
3535 6 0 
3535 0 0 
3535 0 0 
3535 0 0 
3536 6 0 
3536 6 0 
3536 6 0 
3536 0 0 
3536 0 0 
3536 0 0 
3535 6 0 3535 0 0 3536 6 0 3536 0 0 
3535 6 0 3535 0 0 3536 6 0 3536 0 0 
3535 6 0 3535 0 0 3536 6 0 3536 0 0 
0 0 0
0 0 0
0 0 0
0 0 0
0 0 0
