2
3269 3270 3271 3272 3273 3274 
5
4
2.358311E+01 -5.379602E-01 0.000000E+00
2.345387E+01 -1.477944E+00 0.000000E+00
2.358311E+01 -5.379602E-01 2.000000E+00
2.345387E+01 -1.477944E+00 2.000000E+00
2.351849E+01 -1.007952E+00 1.000000E+00
0 1 4
1 3 4
3 2 4
2 0 4
3261 3 0 
3261 3 0 
3261 3 0 
990 4 0 
990 4 0 
990 4 0 
3262 3 0 
3262 3 0 
3262 3 0 
991 4 0 
991 4 0 
991 4 0 
3261 3 0 990 4 0 3262 3 0 991 4 0 
3261 3 0 990 4 0 3262 3 0 991 4 0 
3261 3 0 990 4 0 3262 3 0 991 4 0 
0 0 0
0 0 0
0 0 0
0 0 0
0 0 0
