2
4266 4267 4268 4269 4270 4272 4273 
5
4
2.835350E+01 3.702952E+00 0.000000E+00
2.817983E+01 4.856560E+00 0.000000E+00
2.835350E+01 3.702952E+00 2.000000E+00
2.817983E+01 4.856560E+00 2.000000E+00
2.826667E+01 4.279756E+00 1.000000E+00
0 1 4
1 3 4
3 2 4
2 0 4
3961 5 0 
3961 5 0 
3961 5 0 
4259 4 0 
4259 4 0 
4259 4 0 
3962 5 0 
3962 5 0 
3962 5 0 
4260 4 0 
4260 4 0 
4260 4 0 
3961 5 0 4259 4 0 3962 5 0 4260 4 0 
3961 5 0 4259 4 0 3962 5 0 4260 4 0 
3961 5 0 4259 4 0 3962 5 0 4260 4 0 
0 0 0
0 0 0
0 0 0
0 0 0
0 0 0
