2
2973 2974 2976 2977 2978 2979 
5
4
-3.146847E+01 1.717805E-01 0.000000E+00
-3.105222E+01 -4.288293E-01 0.000000E+00
-3.146847E+01 1.717805E-01 2.000000E+00
-3.105222E+01 -4.288293E-01 2.000000E+00
-3.126034E+01 -1.285244E-01 1.000000E+00
0 1 4
1 3 4
3 2 4
2 0 4
2541 4 0 
2541 4 0 
2541 4 0 
2534 4 0 
2534 4 0 
2534 4 0 
2542 4 0 
2542 4 0 
2542 4 0 
2535 4 0 
2535 4 0 
2535 4 0 
2541 4 0 2534 4 0 2542 4 0 2535 4 0 
2541 4 0 2534 4 0 2542 4 0 2535 4 0 
2541 4 0 2534 4 0 2542 4 0 2535 4 0 
0 0 0
0 0 0
0 0 0
0 0 0
0 0 0
