0
5911 5913 5914 5915 5916 5917 5918 
7
6
5.770651E+01 2.711530E+00 2.000000E+00
5.874981E+01 2.946117E+00 2.000000E+00
5.899174E+01 4.174802E+00 2.000000E+00
5.821632E+01 4.779067E+00 2.000000E+00
5.739339E+01 4.447804E+00 2.000000E+00
5.711579E+01 3.453900E+00 2.000000E+00
5.802893E+01 3.752203E+00 2.000000E+00
6 0 1
6 1 2
6 2 3
6 3 4
6 4 5
6 5 0
3536 6 0 
3536 6 0 
3536 6 0 
3536 5 0 
3536 5 0 
3536 5 0 






5905 2 0 
5905 2 0 
5905 2 0 
4114 3 0 
4114 3 0 
4114 3 0 
3536 6 0 3536 5 0 5912 2 0 5912 3 0 5905 2 0 4114 3 0 
3536 6 0 3536 5 0 5912 2 0 5912 3 0 5905 2 0 4114 3 0 
3536 6 0 3536 5 0 5912 2 0 5912 3 0 5905 2 0 4114 3 0 
0 0 0
0 0 0
0 0 0
0 0 0
0 0 0
0 0 0
0 0 0
