1
3006 3007 3008 3009 3010 3011 
6
5
-2.655295E+01 -8.855118E-01 0.000000E+00
-2.580850E+01 -1.387857E+00 0.000000E+00
-2.485066E+01 -6.794196E-01 0.000000E+00
-2.499628E+01 2.469045E-01 0.000000E+00
-2.596855E+01 4.185585E-01 0.000000E+00
-2.563539E+01 -4.574650E-01 0.000000E+00
1 0 5
2 1 5
3 2 5
4 3 5
0 4 5
2501 6 0 
2501 6 0 
2501 6 0 
2494 0 0 
2494 0 0 
2494 0 0 
2494 4 0 
2494 4 0 
2494 4 0 



2997 3 0 
2997 3 0 
2997 3 0 
2501 6 0 2494 0 0 2494 4 0 3005 3 0 2997 3 0 
2501 6 0 2494 0 0 2494 4 0 3005 3 0 2997 3 0 
2501 6 0 2494 0 0 2494 4 0 3005 3 0 2997 3 0 
0 0 0
0 0 0
0 0 0
0 0 0
0 0 0
0 0 0
