2
5387 5388 5389 5390 5391 5392 5393 
5
4
-1.296533E+01 6.317141E+00 0.000000E+00
-1.279533E+01 5.383721E+00 0.000000E+00
-1.296533E+01 6.317141E+00 2.000000E+00
-1.279533E+01 5.383721E+00 2.000000E+00
-1.288033E+01 5.850431E+00 1.000000E+00
0 1 4
1 3 4
3 2 4
2 0 4
5387 5 0 
5387 5 0 
5387 5 0 
5221 4 0 
5221 4 0 
5221 4 0 
5388 5 0 
5388 5 0 
5388 5 0 
5222 4 0 
5222 4 0 
5222 4 0 
5387 5 0 5221 4 0 5388 5 0 5222 4 0 
5387 5 0 5221 4 0 5388 5 0 5222 4 0 
5387 5 0 5221 4 0 5388 5 0 5222 4 0 
0 0 0
0 0 0
0 0 0
0 0 0
0 0 0
