2
5823 5824 5825 5827 5828 5829 5830 
5
4
4.143507E+01 7.115503E+00 0.000000E+00
4.167051E+01 7.725492E+00 0.000000E+00
4.143507E+01 7.115503E+00 2.000000E+00
4.167051E+01 7.725492E+00 2.000000E+00
4.155279E+01 7.420498E+00 1.000000E+00
0 1 4
1 3 4
3 2 4
2 0 4
4192 4 0 
4192 4 0 
4192 4 0 
5823 2 0 
5823 2 0 
5823 2 0 
4193 4 0 
4193 4 0 
4193 4 0 
5824 2 0 
5824 2 0 
5824 2 0 
4192 4 0 5823 2 0 4193 4 0 5824 2 0 
4192 4 0 5823 2 0 4193 4 0 5824 2 0 
4192 4 0 5823 2 0 4193 4 0 5824 2 0 
0 0 0
0 0 0
0 0 0
0 0 0
0 0 0
