1
5715 5716 5717 5718 5719 5720 5721 
7
6
-4.954371E+01 5.880575E+00 0.000000E+00
-4.882764E+01 5.919492E+00 0.000000E+00
-4.831978E+01 6.750463E+00 0.000000E+00
-4.870538E+01 7.663728E+00 0.000000E+00
-4.979634E+01 7.793694E+00 0.000000E+00
-5.026983E+01 7.033470E+00 0.000000E+00
-4.924378E+01 6.840237E+00 0.000000E+00
1 0 6
2 1 6
3 2 6
4 3 6
5 4 6
0 5 6
5645 4 0 
5645 4 0 
5645 4 0 
5645 3 0 
5645 3 0 
5645 3 0 
5653 4 0 
5653 4 0 
5653 4 0 
5706 5 0 
5706 5 0 
5706 5 0 






5645 4 0 5645 3 0 5653 4 0 5706 5 0 5714 4 0 5714 5 0 
5645 4 0 5645 3 0 5653 4 0 5706 5 0 5714 4 0 5714 5 0 
5645 4 0 5645 3 0 5653 4 0 5706 5 0 5714 4 0 5714 5 0 
0 0 0
0 0 0
0 0 0
0 0 0
0 0 0
0 0 0
0 0 0
