1
1725 1726 1727 1728 1729 1730 1731 1732 
8
7
-5.648647E+01 -8.152020E+00 0.000000E+00
-5.588212E+01 -8.645729E+00 0.000000E+00
-5.487142E+01 -8.442583E+00 0.000000E+00
-5.463144E+01 -7.969938E+00 0.000000E+00
-5.510752E+01 -6.840329E+00 0.000000E+00
-5.606860E+01 -6.523951E+00 0.000000E+00
-5.653706E+01 -6.908839E+00 0.000000E+00
-5.565495E+01 -7.640484E+00 0.000000E+00
1 0 7
2 1 7
3 2 7
4 3 7
5 4 7
6 5 7
0 6 7









1717 0 0 
1717 0 0 
1717 0 0 
1717 4 0 
1717 4 0 
1717 4 0 






1724 0 0 1724 1 0 1724 2 0 1717 0 0 1717 4 0 1724 5 0 1724 6 0 
1724 0 0 1724 1 0 1724 2 0 1717 0 0 1717 4 0 1724 5 0 1724 6 0 
1724 0 0 1724 1 0 1724 2 0 1717 0 0 1717 4 0 1724 5 0 1724 6 0 
0 0 0
0 0 0
0 0 0
0 0 0
0 0 0
0 0 0
0 0 0
0 0 0
