2
5283 5284 5285 5286 5287 5288 5289 
5
4
-1.738933E+00 6.580170E+00 0.000000E+00
-8.909358E-01 5.849604E+00 0.000000E+00
-1.738933E+00 6.580170E+00 2.000000E+00
-8.909358E-01 5.849604E+00 2.000000E+00
-1.314935E+00 6.214887E+00 1.000000E+00
0 1 4
1 3 4
3 2 4
2 0 4
5276 3 0 
5276 3 0 
5276 3 0 
4681 6 0 
4681 6 0 
4681 6 0 
5277 3 0 
5277 3 0 
5277 3 0 
4682 6 0 
4682 6 0 
4682 6 0 
5276 3 0 4681 6 0 5277 3 0 4682 6 0 
5276 3 0 4681 6 0 5277 3 0 4682 6 0 
5276 3 0 4681 6 0 5277 3 0 4682 6 0 
0 0 0
0 0 0
0 0 0
0 0 0
0 0 0
