1
76 77 78 79 80 81 
6
5
-3.827486E+01 -7.643491E+00 0.000000E+00
-3.725005E+01 -8.549410E+00 0.000000E+00
-3.643296E+01 -7.988699E+00 0.000000E+00
-3.666938E+01 -6.734378E+00 0.000000E+00
-3.765900E+01 -6.500958E+00 0.000000E+00
-3.725725E+01 -7.483387E+00 0.000000E+00
1 0 5
2 1 5
3 2 5
4 3 5
0 4 5
66 2 0 
66 2 0 
66 2 0 









66 3 0 
66 3 0 
66 3 0 
66 2 0 75 1 0 75 2 0 75 3 0 66 3 0 
66 2 0 75 1 0 75 2 0 75 3 0 66 3 0 
66 2 0 75 1 0 75 2 0 75 3 0 66 3 0 
0 0 0
0 0 0
0 0 0
0 0 0
0 0 0
0 0 0
