2
1109 1110 1111 1112 1113 1114 1115 1117 
5
4
-1.470840E-01 -4.191812E+00 0.000000E+00
-9.655929E-01 -4.447544E+00 0.000000E+00
-1.470840E-01 -4.191812E+00 2.000000E+00
-9.655929E-01 -4.447544E+00 2.000000E+00
-5.563384E-01 -4.319678E+00 1.000000E+00
0 1 4
1 3 4
3 2 4
2 0 4
1109 5 0 
1109 5 0 
1109 5 0 
1109 6 0 
1109 6 0 
1109 6 0 
1110 5 0 
1110 5 0 
1110 5 0 
1110 6 0 
1110 6 0 
1110 6 0 
1109 5 0 1109 6 0 1110 5 0 1110 6 0 
1109 5 0 1109 6 0 1110 5 0 1110 6 0 
1109 5 0 1109 6 0 1110 5 0 1110 6 0 
0 0 0
0 0 0
0 0 0
0 0 0
0 0 0
