1
2371 2372 2373 2374 2375 2376 2377 
7
6
-3.905709E+00 7.354615E-01 0.000000E+00
-3.989185E+00 5.461652E-02 0.000000E+00
-3.322005E+00 -3.852084E-01 0.000000E+00
-2.037652E+00 4.202806E-01 0.000000E+00
-2.203146E+00 1.422822E+00 0.000000E+00
-2.869532E+00 1.551575E+00 0.000000E+00
-3.054538E+00 6.332578E-01 0.000000E+00
1 0 6
2 1 6
3 2 6
4 3 6
5 4 6
0 5 6



2129 5 0 
2129 5 0 
2129 5 0 
2129 4 0 
2129 4 0 
2129 4 0 
2145 4 0 
2145 4 0 
2145 4 0 
2361 6 0 
2361 6 0 
2361 6 0 



2370 0 0 2129 5 0 2129 4 0 2145 4 0 2361 6 0 2370 5 0 
2370 0 0 2129 5 0 2129 4 0 2145 4 0 2361 6 0 2370 5 0 
2370 0 0 2129 5 0 2129 4 0 2145 4 0 2361 6 0 2370 5 0 
0 0 0
0 0 0
0 0 0
0 0 0
0 0 0
0 0 0
0 0 0
