0
2635 2637 2638 2639 2640 
5
4
-5.264862E+01 -4.072759E+00 2.000000E+00
-5.138026E+01 -3.595104E+00 2.000000E+00
-5.194277E+01 -2.355587E+00 2.000000E+00
-5.311773E+01 -2.921372E+00 2.000000E+00
-5.227235E+01 -3.236205E+00 2.000000E+00
4 0 1
4 1 2
4 2 3
4 3 0
1855 2 0 
1855 2 0 
1855 2 0 
1864 5 0 
1864 5 0 
1864 5 0 
2627 6 0 
2627 6 0 
2627 6 0 
1855 3 0 
1855 3 0 
1855 3 0 
1855 2 0 1864 5 0 2627 6 0 1855 3 0 
1855 2 0 1864 5 0 2627 6 0 1855 3 0 
1855 2 0 1864 5 0 2627 6 0 1855 3 0 
0 0 0
0 0 0
0 0 0
0 0 0
0 0 0
