0
4032 4034 4035 4036 4037 4038 4039 
7
6
3.973083E+01 4.208773E+00 2.000000E+00
4.063695E+01 3.816865E+00 2.000000E+00
4.141804E+01 4.221308E+00 2.000000E+00
4.142631E+01 5.150787E+00 2.000000E+00
4.002741E+01 5.707071E+00 2.000000E+00
3.944593E+01 5.027226E+00 2.000000E+00
4.044758E+01 4.688672E+00 2.000000E+00
6 0 1
6 1 2
6 2 3
6 3 4
6 4 5
6 5 0
4019 2 0 
4019 2 0 
4019 2 0 
3819 5 0 
3819 5 0 
3819 5 0 
3819 4 0 
3819 4 0 
3819 4 0 






4019 3 0 
4019 3 0 
4019 3 0 
4019 2 0 3819 5 0 3819 4 0 4033 3 0 4033 4 0 4019 3 0 
4019 2 0 3819 5 0 3819 4 0 4033 3 0 4033 4 0 4019 3 0 
4019 2 0 3819 5 0 3819 4 0 4033 3 0 4033 4 0 4019 3 0 
0 0 0
0 0 0
0 0 0
0 0 0
0 0 0
0 0 0
0 0 0
