2
4466 4467 4468 4469 4470 4472 4473 
5
4
2.730015E+01 6.035286E+00 0.000000E+00
2.621437E+01 6.508012E+00 0.000000E+00
2.730015E+01 6.035286E+00 2.000000E+00
2.621437E+01 6.508012E+00 2.000000E+00
2.675726E+01 6.271649E+00 1.000000E+00
0 1 4
1 3 4
3 2 4
2 0 4
4466 3 0 
4466 3 0 
4466 3 0 
4466 4 0 
4466 4 0 
4466 4 0 
4467 3 0 
4467 3 0 
4467 3 0 
4467 4 0 
4467 4 0 
4467 4 0 
4466 3 0 4466 4 0 4467 3 0 4467 4 0 
4466 3 0 4466 4 0 4467 3 0 4467 4 0 
4466 3 0 4466 4 0 4467 3 0 4467 4 0 
0 0 0
0 0 0
0 0 0
0 0 0
0 0 0
