0
5870 5872 5873 5874 5875 5876 5877 5878 5879 
9
8
4.981678E+01 5.346831E+00 2.000000E+00
5.019492E+01 4.972386E+00 2.000000E+00
5.109698E+01 5.008676E+00 2.000000E+00
5.174170E+01 5.758328E+00 2.000000E+00
5.162154E+01 6.898380E+00 2.000000E+00
5.094115E+01 7.423206E+00 2.000000E+00
5.026902E+01 7.308044E+00 2.000000E+00
4.971851E+01 6.502806E+00 2.000000E+00
5.067507E+01 6.152332E+00 2.000000E+00
8 0 1
8 1 2
8 2 3
8 3 4
8 4 5
8 5 6
8 6 7
8 7 0
4154 4 0 
4154 4 0 
4154 4 0 
4146 5 0 
4146 5 0 
4146 5 0 
4146 4 0 
4146 4 0 
4146 4 0 












5864 2 0 
5864 2 0 
5864 2 0 
4154 4 0 4146 5 0 4146 4 0 5871 3 0 5871 4 0 5871 5 0 5871 6 0 5864 2 0 
4154 4 0 4146 5 0 4146 4 0 5871 3 0 5871 4 0 5871 5 0 5871 6 0 5864 2 0 
4154 4 0 4146 5 0 4146 4 0 5871 3 0 5871 4 0 5871 5 0 5871 6 0 5864 2 0 
0 0 0
0 0 0
0 0 0
0 0 0
0 0 0
0 0 0
0 0 0
0 0 0
0 0 0
