2
1973 1974 1976 1977 1978 1979 
5
4
-3.553771E+01 -1.876521E+00 0.000000E+00
-3.504330E+01 -2.653754E+00 0.000000E+00
-3.553771E+01 -1.876521E+00 2.000000E+00
-3.504330E+01 -2.653754E+00 2.000000E+00
-3.529050E+01 -2.265137E+00 1.000000E+00
0 1 4
1 3 4
3 2 4
2 0 4
1965 4 0 
1965 4 0 
1965 4 0 
1958 4 0 
1958 4 0 
1958 4 0 
1966 4 0 
1966 4 0 
1966 4 0 
1959 4 0 
1959 4 0 
1959 4 0 
1965 4 0 1958 4 0 1966 4 0 1959 4 0 
1965 4 0 1958 4 0 1966 4 0 1959 4 0 
1965 4 0 1958 4 0 1966 4 0 1959 4 0 
0 0 0
0 0 0
0 0 0
0 0 0
0 0 0
