1
5747 5748 5749 5750 5751 5752 5753 
7
6
-5.529351E+01 6.067992E+00 0.000000E+00
-5.431864E+01 6.061976E+00 0.000000E+00
-5.404266E+01 6.486672E+00 0.000000E+00
-5.487142E+01 7.772760E+00 0.000000E+00
-5.588212E+01 7.569614E+00 0.000000E+00
-5.601931E+01 6.829302E+00 0.000000E+00
-5.507128E+01 6.798053E+00 0.000000E+00
1 0 6
2 1 6
3 2 6
4 3 6
5 4 6
0 5 6
5614 4 0 
5614 4 0 
5614 4 0 
5614 3 0 
5614 3 0 
5614 3 0 
5621 5 0 
5621 5 0 
5621 5 0 
5738 5 0 
5738 5 0 
5738 5 0 






5614 4 0 5614 3 0 5621 5 0 5738 5 0 5746 4 0 5746 5 0 
5614 4 0 5614 3 0 5621 5 0 5738 5 0 5746 4 0 5746 5 0 
5614 4 0 5614 3 0 5621 5 0 5738 5 0 5746 4 0 5746 5 0 
0 0 0
0 0 0
0 0 0
0 0 0
0 0 0
0 0 0
0 0 0
