2
3378 3379 3380 3382 3383 3384 3385 
5
4
4.496660E+01 -5.427048E+00 0.000000E+00
4.587856E+01 -5.005466E+00 0.000000E+00
4.496660E+01 -5.427048E+00 2.000000E+00
4.587856E+01 -5.005466E+00 2.000000E+00
4.542258E+01 -5.216257E+00 1.000000E+00
0 1 4
1 3 4
3 2 4
2 0 4
685 4 0 
685 4 0 
685 4 0 
677 5 0 
677 5 0 
677 5 0 
686 4 0 
686 4 0 
686 4 0 
678 5 0 
678 5 0 
678 5 0 
685 4 0 677 5 0 686 4 0 678 5 0 
685 4 0 677 5 0 686 4 0 678 5 0 
685 4 0 677 5 0 686 4 0 678 5 0 
0 0 0
0 0 0
0 0 0
0 0 0
0 0 0
