2
3609 3610 3612 3613 3614 3615 3616 3617 
5
4
4.270278E+01 -3.034134E+00 0.000000E+00
4.300098E+01 -3.644593E+00 0.000000E+00
4.270278E+01 -3.034134E+00 2.000000E+00
4.300098E+01 -3.644593E+00 2.000000E+00
4.285188E+01 -3.339363E+00 1.000000E+00
0 1 4
1 3 4
3 2 4
2 0 4
3363 3 0 
3363 3 0 
3363 3 0 
3363 2 0 
3363 2 0 
3363 2 0 
3364 3 0 
3364 3 0 
3364 3 0 
3364 2 0 
3364 2 0 
3364 2 0 
3363 3 0 3363 2 0 3364 3 0 3364 2 0 
3363 3 0 3363 2 0 3364 3 0 3364 2 0 
3363 3 0 3363 2 0 3364 3 0 3364 2 0 
0 0 0
0 0 0
0 0 0
0 0 0
0 0 0
