6
5839 5840 5841 5842 5843 5844 5846 
5
4
4.436161E+01 8.282230E+00 0.000000E+00
4.349587E+01 7.859933E+00 0.000000E+00
4.436161E+01 8.282230E+00 2.000000E+00
4.349587E+01 7.859933E+00 2.000000E+00
4.392874E+01 8.071081E+00 1.000000E+00
0 1 4
1 3 4
3 2 4
2 0 4
5839 4 0 
5839 4 0 
5839 4 0 
5831 3 0 
5831 3 0 
5831 3 0 
5840 4 0 
5840 4 0 
5840 4 0 
5832 3 0 
5832 3 0 
5832 3 0 
5839 4 0 5831 3 0 5840 4 0 5832 3 0 
5839 4 0 5831 3 0 5840 4 0 5832 3 0 
5839 4 0 5831 3 0 5840 4 0 5832 3 0 
0 0 0
0 0 0
0 0 0
0 0 0
0 0 0
