2
1454 1455 1456 1457 1458 1459 1460 1462 
5
4
-1.814983E+01 -3.574818E+00 0.000000E+00
-1.866354E+01 -4.229642E+00 0.000000E+00
-1.814983E+01 -3.574818E+00 2.000000E+00
-1.866354E+01 -4.229642E+00 2.000000E+00
-1.840668E+01 -3.902230E+00 1.000000E+00
0 1 4
1 3 4
3 2 4
2 0 4
1454 5 0 
1454 5 0 
1454 5 0 
1446 4 0 
1446 4 0 
1446 4 0 
1455 5 0 
1455 5 0 
1455 5 0 
1447 4 0 
1447 4 0 
1447 4 0 
1454 5 0 1446 4 0 1455 5 0 1447 4 0 
1454 5 0 1446 4 0 1455 5 0 1447 4 0 
1454 5 0 1446 4 0 1455 5 0 1447 4 0 
0 0 0
0 0 0
0 0 0
0 0 0
0 0 0
