2
1854 1855 1857 1858 1859 1860 1861 1862 
5
4
-5.366192E+01 -4.698055E+00 0.000000E+00
-5.291212E+01 -4.633486E+00 0.000000E+00
-5.366192E+01 -4.698055E+00 2.000000E+00
-5.291212E+01 -4.633486E+00 2.000000E+00
-5.328702E+01 -4.665770E+00 1.000000E+00
0 1 4
1 3 4
3 2 4
2 0 4
1708 5 0 
1708 5 0 
1708 5 0 
1708 4 0 
1708 4 0 
1708 4 0 
1709 5 0 
1709 5 0 
1709 5 0 
1709 4 0 
1709 4 0 
1709 4 0 
1708 5 0 1708 4 0 1709 5 0 1709 4 0 
1708 5 0 1708 4 0 1709 5 0 1709 4 0 
1708 5 0 1708 4 0 1709 5 0 1709 4 0 
0 0 0
0 0 0
0 0 0
0 0 0
0 0 0
