2
1854 1855 1856 1857 1858 1860 1861 1862 
5
4
-5.311773E+01 -2.921372E+00 0.000000E+00
-5.384953E+01 -2.611546E+00 0.000000E+00
-5.311773E+01 -2.921372E+00 2.000000E+00
-5.384953E+01 -2.611546E+00 2.000000E+00
-5.348363E+01 -2.766459E+00 1.000000E+00
0 1 4
1 3 4
3 2 4
2 0 4
1854 3 0 
1854 3 0 
1854 3 0 
1845 3 0 
1845 3 0 
1845 3 0 
1855 3 0 
1855 3 0 
1855 3 0 
1846 3 0 
1846 3 0 
1846 3 0 
1854 3 0 1845 3 0 1855 3 0 1846 3 0 
1854 3 0 1845 3 0 1855 3 0 1846 3 0 
1854 3 0 1845 3 0 1855 3 0 1846 3 0 
0 0 0
0 0 0
0 0 0
0 0 0
0 0 0
