0
2593 2595 2596 2597 2598 2599 2600 2601 
8
7
-4.443069E+01 -2.855457E+00 2.000000E+00
-4.402693E+01 -3.505287E+00 2.000000E+00
-4.337750E+01 -3.639858E+00 2.000000E+00
-4.218665E+01 -2.884369E+00 2.000000E+00
-4.208206E+01 -2.082536E+00 2.000000E+00
-4.290482E+01 -1.516115E+00 2.000000E+00
-4.421632E+01 -2.078499E+00 2.000000E+00
-4.331785E+01 -2.651732E+00 2.000000E+00
7 0 1
7 1 2
7 2 3
7 3 4
7 4 5
7 5 6
7 6 0
1897 3 0 
1897 3 0 
1897 3 0 
1897 2 0 
1897 2 0 
1897 2 0 
1904 4 0 
1904 4 0 
1904 4 0 
1912 3 0 
1912 3 0 
1912 3 0 
1926 6 0 
1926 6 0 
1926 6 0 
2585 1 0 
2585 1 0 
2585 1 0 



1897 3 0 1897 2 0 1904 4 0 1912 3 0 1926 6 0 2585 1 0 2594 6 0 
1897 3 0 1897 2 0 1904 4 0 1912 3 0 1926 6 0 2585 1 0 2594 6 0 
1897 3 0 1897 2 0 1904 4 0 1912 3 0 1926 6 0 2585 1 0 2594 6 0 
0 0 0
0 0 0
0 0 0
0 0 0
0 0 0
0 0 0
0 0 0
0 0 0
