0
917 919 920 921 922 923 924 
7
6
3.154630E+01 -5.059382E+00 2.000000E+00
3.244528E+01 -5.650642E+00 2.000000E+00
3.311903E+01 -5.328410E+00 2.000000E+00
3.328361E+01 -4.477721E+00 2.000000E+00
3.251825E+01 -3.690726E+00 2.000000E+00
3.162754E+01 -4.012049E+00 2.000000E+00
3.242333E+01 -4.703155E+00 2.000000E+00
6 0 1
6 1 2
6 2 3
6 3 4
6 4 5
6 5 0
750 4 0 
750 4 0 
750 4 0 
742 5 0 
742 5 0 
742 5 0 
742 4 0 
742 4 0 
742 4 0 






910 3 0 
910 3 0 
910 3 0 
750 4 0 742 5 0 742 4 0 918 3 0 918 4 0 910 3 0 
750 4 0 742 5 0 742 4 0 918 3 0 918 4 0 910 3 0 
750 4 0 742 5 0 742 4 0 918 3 0 918 4 0 910 3 0 
0 0 0
0 0 0
0 0 0
0 0 0
0 0 0
0 0 0
0 0 0
