0
5205 5207 5208 5209 5210 5211 5212 5213 
8
7
-1.615878E+01 4.548744E+00 2.000000E+00
-1.552251E+01 4.458506E+00 2.000000E+00
-1.475410E+01 5.280234E+00 2.000000E+00
-1.479597E+01 5.772743E+00 2.000000E+00
-1.553576E+01 6.400569E+00 2.000000E+00
-1.655716E+01 6.386348E+00 2.000000E+00
-1.681126E+01 6.012422E+00 2.000000E+00
-1.573365E+01 5.551367E+00 2.000000E+00
7 0 1
7 1 2
7 2 3
7 3 4
7 4 5
7 5 6
7 6 0
4749 6 0 
4749 6 0 
4749 6 0 
4749 5 0 
4749 5 0 
4749 5 0 












5199 3 0 
5199 3 0 
5199 3 0 
4749 6 0 4749 5 0 5206 2 0 5206 3 0 5206 4 0 5206 5 0 5199 3 0 
4749 6 0 4749 5 0 5206 2 0 5206 3 0 5206 4 0 5206 5 0 5199 3 0 
4749 6 0 4749 5 0 5206 2 0 5206 3 0 5206 4 0 5206 5 0 5199 3 0 
0 0 0
0 0 0
0 0 0
0 0 0
0 0 0
0 0 0
0 0 0
0 0 0
