2
1819 1820 1821 1823 1824 1825 1826 
5
4
-6.119865E+01 -4.442680E+00 0.000000E+00
-6.027405E+01 -4.236453E+00 0.000000E+00
-6.119865E+01 -4.442680E+00 2.000000E+00
-6.027405E+01 -4.236453E+00 2.000000E+00
-6.073635E+01 -4.339566E+00 1.000000E+00
0 1 4
1 3 4
3 2 4
2 0 4
1811 5 0 
1811 5 0 
1811 5 0 
1804 0 0 
1804 0 0 
1804 0 0 
1812 5 0 
1812 5 0 
1812 5 0 
1805 0 0 
1805 0 0 
1805 0 0 
1811 5 0 1804 0 0 1812 5 0 1805 0 0 
1811 5 0 1804 0 0 1812 5 0 1805 0 0 
1811 5 0 1804 0 0 1812 5 0 1805 0 0 
0 0 0
0 0 0
0 0 0
0 0 0
0 0 0
