2
1390 1391 1392 1393 1395 1396 1397 
5
4
-1.066981E+01 -6.088813E+00 0.000000E+00
-1.078314E+01 -4.936194E+00 0.000000E+00
-1.066981E+01 -6.088813E+00 2.000000E+00
-1.078314E+01 -4.936194E+00 2.000000E+00
-1.072647E+01 -5.512503E+00 1.000000E+00
0 1 4
1 3 4
3 2 4
2 0 4
213 3 0 
213 3 0 
213 3 0 
1383 4 0 
1383 4 0 
1383 4 0 
214 3 0 
214 3 0 
214 3 0 
1384 4 0 
1384 4 0 
1384 4 0 
213 3 0 1383 4 0 214 3 0 1384 4 0 
213 3 0 1383 4 0 214 3 0 1384 4 0 
213 3 0 1383 4 0 214 3 0 1384 4 0 
0 0 0
0 0 0
0 0 0
0 0 0
0 0 0
