2
2202 2203 2204 2205 2206 2208 2209 
5
4
1.030140E+01 -1.726350E+00 0.000000E+00
9.734622E+00 -9.210704E-01 0.000000E+00
1.030140E+01 -1.726350E+00 2.000000E+00
9.734622E+00 -9.210704E-01 2.000000E+00
1.001801E+01 -1.323710E+00 1.000000E+00
0 1 4
1 3 4
3 2 4
2 0 4
1271 6 0 
1271 6 0 
1271 6 0 
2202 4 0 
2202 4 0 
2202 4 0 
1272 6 0 
1272 6 0 
1272 6 0 
2203 4 0 
2203 4 0 
2203 4 0 
1271 6 0 2202 4 0 1272 6 0 2203 4 0 
1271 6 0 2202 4 0 1272 6 0 2203 4 0 
1271 6 0 2202 4 0 1272 6 0 2203 4 0 
0 0 0
0 0 0
0 0 0
0 0 0
0 0 0
