2
5637 5638 5640 5641 5642 5643 5644 
5
4
-5.148079E+01 4.313427E+00 0.000000E+00
-5.122297E+01 3.712795E+00 0.000000E+00
-5.148079E+01 4.313427E+00 2.000000E+00
-5.122297E+01 3.712795E+00 2.000000E+00
-5.135188E+01 4.013111E+00 1.000000E+00
0 1 4
1 3 4
3 2 4
2 0 4
5539 4 0 
5539 4 0 
5539 4 0 
5532 4 0 
5532 4 0 
5532 4 0 
5540 4 0 
5540 4 0 
5540 4 0 
5533 4 0 
5533 4 0 
5533 4 0 
5539 4 0 5532 4 0 5540 4 0 5533 4 0 
5539 4 0 5532 4 0 5540 4 0 5533 4 0 
5539 4 0 5532 4 0 5540 4 0 5533 4 0 
0 0 0
0 0 0
0 0 0
0 0 0
0 0 0
