1
2219 2220 2221 2222 2223 2224 2225 
7
6
1.147600E+01 -1.528442E+00 0.000000E+00
1.210209E+01 -2.155749E+00 0.000000E+00
1.332102E+01 -1.765300E+00 0.000000E+00
1.350561E+01 -8.046977E-01 0.000000E+00
1.284344E+01 -2.621259E-01 0.000000E+00
1.178270E+01 -5.788358E-01 0.000000E+00
1.250515E+01 -1.182525E+00 0.000000E+00
1 0 6
2 1 6
3 2 6
4 3 6
5 4 6
0 5 6
1271 5 0 
1271 5 0 
1271 5 0 
1263 5 0 
1263 5 0 
1263 5 0 
1263 4 0 
1263 4 0 
1263 4 0 






2210 3 0 
2210 3 0 
2210 3 0 
1271 5 0 1263 5 0 1263 4 0 2218 3 0 2218 4 0 2210 3 0 
1271 5 0 1263 5 0 1263 4 0 2218 3 0 2218 4 0 2210 3 0 
1271 5 0 1263 5 0 1263 4 0 2218 3 0 2218 4 0 2210 3 0 
0 0 0
0 0 0
0 0 0
0 0 0
0 0 0
0 0 0
0 0 0
