0
332 334 335 336 337 338 339 
7
6
1.006567E+01 -7.467327E+00 2.000000E+00
1.116323E+01 -8.258150E+00 2.000000E+00
1.202622E+01 -7.782959E+00 2.000000E+00
1.198748E+01 -6.719265E+00 2.000000E+00
1.112580E+01 -6.276375E+00 2.000000E+00
1.015124E+01 -6.796547E+00 2.000000E+00
1.108661E+01 -7.216771E+00 2.000000E+00
6 0 1
6 1 2
6 2 3
6 3 4
6 4 5
6 5 0
325 4 0 
325 4 0 
325 4 0 
325 3 0 
325 3 0 
325 3 0 












325 4 0 325 3 0 333 2 0 333 3 0 333 4 0 333 5 0 
325 4 0 325 3 0 333 2 0 333 3 0 333 4 0 333 5 0 
325 4 0 325 3 0 333 2 0 333 3 0 333 4 0 333 5 0 
0 0 0
0 0 0
0 0 0
0 0 0
0 0 0
0 0 0
0 0 0
