2
4362 4363 4364 4365 4366 4367 4368 4369 
5
4
8.037799E+00 3.311497E+00 0.000000E+00
8.275192E+00 2.474559E+00 0.000000E+00
8.037799E+00 3.311497E+00 2.000000E+00
8.275192E+00 2.474559E+00 2.000000E+00
8.156496E+00 2.893028E+00 1.000000E+00
0 1 4
1 3 4
3 2 4
2 0 4
3180 3 0 
3180 3 0 
3180 3 0 
3180 2 0 
3180 2 0 
3180 2 0 
3181 3 0 
3181 3 0 
3181 3 0 
3181 2 0 
3181 2 0 
3181 2 0 
3180 3 0 3180 2 0 3181 3 0 3181 2 0 
3180 3 0 3180 2 0 3181 3 0 3181 2 0 
3180 3 0 3180 2 0 3181 3 0 3181 2 0 
0 0 0
0 0 0
0 0 0
0 0 0
0 0 0
