2
5094 5095 5097 5098 5099 5100 5101 5102 
5
4
-3.726026E+01 6.883429E+00 0.000000E+00
-3.609924E+01 6.134248E+00 0.000000E+00
-3.726026E+01 6.883429E+00 2.000000E+00
-3.609924E+01 6.134248E+00 2.000000E+00
-3.667975E+01 6.508839E+00 1.000000E+00
0 1 4
1 3 4
3 2 4
2 0 4
5086 4 0 
5086 4 0 
5086 4 0 
4999 5 0 
4999 5 0 
4999 5 0 
5087 4 0 
5087 4 0 
5087 4 0 
5000 5 0 
5000 5 0 
5000 5 0 
5086 4 0 4999 5 0 5087 4 0 5000 5 0 
5086 4 0 4999 5 0 5087 4 0 5000 5 0 
5086 4 0 4999 5 0 5087 4 0 5000 5 0 
0 0 0
0 0 0
0 0 0
0 0 0
0 0 0
