2
5847 5848 5849 5850 5851 5852 5853 5854 
5
4
4.533923E+01 7.472695E+00 0.000000E+00
4.495623E+01 6.327924E+00 0.000000E+00
4.533923E+01 7.472695E+00 2.000000E+00
4.495623E+01 6.327924E+00 2.000000E+00
4.514773E+01 6.900309E+00 1.000000E+00
0 1 4
1 3 4
3 2 4
2 0 4
5839 3 0 
5839 3 0 
5839 3 0 
4177 4 0 
4177 4 0 
4177 4 0 
5840 3 0 
5840 3 0 
5840 3 0 
4178 4 0 
4178 4 0 
4178 4 0 
5839 3 0 4177 4 0 5840 3 0 4178 4 0 
5839 3 0 4177 4 0 5840 3 0 4178 4 0 
5839 3 0 4177 4 0 5840 3 0 4178 4 0 
0 0 0
0 0 0
0 0 0
0 0 0
0 0 0
