2
4758 4759 4760 4761 4762 4763 4764 
5
4
-1.853900E+01 4.309973E+00 0.000000E+00
-1.886688E+01 3.128945E+00 0.000000E+00
-1.853900E+01 4.309973E+00 2.000000E+00
-1.886688E+01 3.128945E+00 2.000000E+00
-1.870294E+01 3.719459E+00 1.000000E+00
0 1 4
1 3 4
3 2 4
2 0 4
4758 5 0 
4758 5 0 
4758 5 0 
3037 5 0 
3037 5 0 
3037 5 0 
4759 5 0 
4759 5 0 
4759 5 0 
3038 5 0 
3038 5 0 
3038 5 0 
4758 5 0 3037 5 0 4759 5 0 3038 5 0 
4758 5 0 3037 5 0 4759 5 0 3038 5 0 
4758 5 0 3037 5 0 4759 5 0 3038 5 0 
0 0 0
0 0 0
0 0 0
0 0 0
0 0 0
