1
4588 4589 4590 4591 4592 4593 4594 
7
6
1.631539E+01 5.725346E+00 0.000000E+00
1.693239E+01 5.442210E+00 0.000000E+00
1.790352E+01 6.108741E+00 0.000000E+00
1.791941E+01 7.182083E+00 0.000000E+00
1.709584E+01 7.601282E+00 0.000000E+00
1.624599E+01 6.979132E+00 0.000000E+00
1.706876E+01 6.506466E+00 0.000000E+00
1 0 6
2 1 6
3 2 6
4 3 6
5 4 6
0 5 6
4411 6 0 
4411 6 0 
4411 6 0 
4411 5 0 
4411 5 0 
4411 5 0 
4421 3 0 
4421 3 0 
4421 3 0 
4579 5 0 
4579 5 0 
4579 5 0 






4411 6 0 4411 5 0 4421 3 0 4579 5 0 4587 4 0 4587 5 0 
4411 6 0 4411 5 0 4421 3 0 4579 5 0 4587 4 0 4587 5 0 
4411 6 0 4411 5 0 4421 3 0 4579 5 0 4587 4 0 4587 5 0 
0 0 0
0 0 0
0 0 0
0 0 0
0 0 0
0 0 0
0 0 0
