0
4529 4531 4532 4533 4534 4535 4536 4537 
8
7
2.903227E+01 6.677316E+00 2.000000E+00
2.931604E+01 6.311611E+00 2.000000E+00
3.035853E+01 6.345664E+00 2.000000E+00
3.083737E+01 6.984581E+00 2.000000E+00
3.059560E+01 7.945858E+00 2.000000E+00
2.998006E+01 8.248485E+00 2.000000E+00
2.933680E+01 7.910963E+00 2.000000E+00
2.992238E+01 7.203497E+00 2.000000E+00
7 0 1
7 1 2
7 2 3
7 3 4
7 4 5
7 5 6
7 6 0
4475 5 0 
4475 5 0 
4475 5 0 
4475 4 0 
4475 4 0 
4475 4 0 
4484 3 0 
4484 3 0 
4484 3 0 
4491 4 0 
4491 4 0 
4491 4 0 
4523 4 0 
4523 4 0 
4523 4 0 






4475 5 0 4475 4 0 4484 3 0 4491 4 0 4523 4 0 4530 5 0 4530 6 0 
4475 5 0 4475 4 0 4484 3 0 4491 4 0 4523 4 0 4530 5 0 4530 6 0 
4475 5 0 4475 4 0 4484 3 0 4491 4 0 4523 4 0 4530 5 0 4530 6 0 
0 0 0
0 0 0
0 0 0
0 0 0
0 0 0
0 0 0
0 0 0
0 0 0
