1
3797 3798 3799 3800 3801 3802 3803 
7
6
4.404849E+01 1.355403E+00 0.000000E+00
4.452312E+01 8.211920E-01 0.000000E+00
4.536939E+01 9.727827E-01 0.000000E+00
4.581564E+01 1.977672E+00 0.000000E+00
4.518357E+01 2.838253E+00 0.000000E+00
4.431426E+01 2.570975E+00 0.000000E+00
4.487574E+01 1.756046E+00 0.000000E+00
1 0 6
2 1 6
3 2 6
4 3 6
5 4 6
0 5 6
3724 4 0 
3724 4 0 
3724 4 0 
3724 3 0 
3724 3 0 
3724 3 0 
3732 4 0 
3732 4 0 
3732 4 0 
3789 4 0 
3789 4 0 
3789 4 0 






3724 4 0 3724 3 0 3732 4 0 3789 4 0 3796 4 0 3796 5 0 
3724 4 0 3724 3 0 3732 4 0 3789 4 0 3796 4 0 3796 5 0 
3724 4 0 3724 3 0 3732 4 0 3789 4 0 3796 4 0 3796 5 0 
0 0 0
0 0 0
0 0 0
0 0 0
0 0 0
0 0 0
0 0 0
