0
3961 3963 3964 3965 3966 3967 3968 3969 
8
7
2.768316E+01 2.137393E+00 2.000000E+00
2.818875E+01 1.655830E+00 2.000000E+00
2.926772E+01 1.936193E+00 2.000000E+00
2.981904E+01 3.146912E+00 2.000000E+00
2.959981E+01 3.530129E+00 2.000000E+00
2.835350E+01 3.702952E+00 2.000000E+00
2.776926E+01 3.235723E+00 2.000000E+00
2.866875E+01 2.763590E+00 2.000000E+00
7 0 1
7 1 2
7 2 3
7 3 4
7 4 5
7 5 6
7 6 0
3891 4 0 
3891 4 0 
3891 4 0 
3883 5 0 
3883 5 0 
3883 5 0 
3883 4 0 
3883 4 0 
3883 4 0 









3955 2 0 
3955 2 0 
3955 2 0 
3891 4 0 3883 5 0 3883 4 0 3962 3 0 3962 4 0 3962 5 0 3955 2 0 
3891 4 0 3883 5 0 3883 4 0 3962 3 0 3962 4 0 3962 5 0 3955 2 0 
3891 4 0 3883 5 0 3883 4 0 3962 3 0 3962 4 0 3962 5 0 3955 2 0 
0 0 0
0 0 0
0 0 0
0 0 0
0 0 0
0 0 0
0 0 0
0 0 0
