2
964 965 966 968 969 970 971 972 973 
5
4
2.757824E+01 -3.290936E+00 0.000000E+00
2.829188E+01 -3.606454E+00 0.000000E+00
2.757824E+01 -3.290936E+00 2.000000E+00
2.829188E+01 -3.606454E+00 2.000000E+00
2.793506E+01 -3.448695E+00 1.000000E+00
0 1 4
1 3 4
3 2 4
2 0 4
893 4 0 
893 4 0 
893 4 0 
893 3 0 
893 3 0 
893 3 0 
894 4 0 
894 4 0 
894 4 0 
894 3 0 
894 3 0 
894 3 0 
893 4 0 893 3 0 894 4 0 894 3 0 
893 4 0 893 3 0 894 4 0 894 3 0 
893 4 0 893 3 0 894 4 0 894 3 0 
0 0 0
0 0 0
0 0 0
0 0 0
0 0 0
