6
5793 5794 5795 5796 5797 5798 5800 
5
4
1.566475E+01 8.847610E+00 0.000000E+00
1.504766E+01 8.396272E+00 0.000000E+00
1.566475E+01 8.847610E+00 2.000000E+00
1.504766E+01 8.396272E+00 2.000000E+00
1.535621E+01 8.621941E+00 1.000000E+00
0 1 4
1 3 4
3 2 4
2 0 4
5793 4 0 
5793 4 0 
5793 4 0 
5793 5 0 
5793 5 0 
5793 5 0 
5794 4 0 
5794 4 0 
5794 4 0 
5794 5 0 
5794 5 0 
5794 5 0 
5793 4 0 5793 5 0 5794 4 0 5794 5 0 
5793 4 0 5793 5 0 5794 4 0 5794 5 0 
5793 4 0 5793 5 0 5794 4 0 5794 5 0 
0 0 0
0 0 0
0 0 0
0 0 0
0 0 0
