2
5023 5024 5025 5026 5028 5029 5030 
5
4
-3.801168E+01 3.423107E+00 0.000000E+00
-3.859154E+01 4.409292E+00 0.000000E+00
-3.801168E+01 3.423107E+00 2.000000E+00
-3.859154E+01 4.409292E+00 2.000000E+00
-3.830161E+01 3.916200E+00 1.000000E+00
0 1 4
1 3 4
3 2 4
2 0 4
5015 5 0 
5015 5 0 
5015 5 0 
5023 3 0 
5023 3 0 
5023 3 0 
5016 5 0 
5016 5 0 
5016 5 0 
5024 3 0 
5024 3 0 
5024 3 0 
5015 5 0 5023 3 0 5016 5 0 5024 3 0 
5015 5 0 5023 3 0 5016 5 0 5024 3 0 
5015 5 0 5023 3 0 5016 5 0 5024 3 0 
0 0 0
0 0 0
0 0 0
0 0 0
0 0 0
