2
1478 1479 1481 1482 1483 1484 1485 
5
4
-1.317861E+01 -5.028362E+00 0.000000E+00
-1.231568E+01 -5.250771E+00 0.000000E+00
-1.317861E+01 -5.028362E+00 2.000000E+00
-1.231568E+01 -5.250771E+00 2.000000E+00
-1.274715E+01 -5.139566E+00 1.000000E+00
0 1 4
1 3 4
3 2 4
2 0 4
1398 4 0 
1398 4 0 
1398 4 0 
1390 5 0 
1390 5 0 
1390 5 0 
1399 4 0 
1399 4 0 
1399 4 0 
1391 5 0 
1391 5 0 
1391 5 0 
1398 4 0 1390 5 0 1399 4 0 1391 5 0 
1398 4 0 1390 5 0 1399 4 0 1391 5 0 
1398 4 0 1390 5 0 1399 4 0 1391 5 0 
0 0 0
0 0 0
0 0 0
0 0 0
0 0 0
