2
1574 1575 1576 1577 1578 1579 1581 
5
4
-2.846571E+01 -4.168543E+00 0.000000E+00
-2.885082E+01 -4.627567E+00 0.000000E+00
-2.846571E+01 -4.168543E+00 2.000000E+00
-2.885082E+01 -4.627567E+00 2.000000E+00
-2.865827E+01 -4.398055E+00 1.000000E+00
0 1 4
1 3 4
3 2 4
2 0 4
1574 4 0 
1574 4 0 
1574 4 0 
1574 5 0 
1574 5 0 
1574 5 0 
1575 4 0 
1575 4 0 
1575 4 0 
1575 5 0 
1575 5 0 
1575 5 0 
1574 4 0 1574 5 0 1575 4 0 1575 5 0 
1574 4 0 1574 5 0 1575 4 0 1575 5 0 
1574 4 0 1574 5 0 1575 4 0 1575 5 0 
0 0 0
0 0 0
0 0 0
0 0 0
0 0 0
