2
5299 5300 5302 5303 5304 5305 5306 
5
4
1.891276E+00 6.590677E+00 0.000000E+00
2.522848E+00 6.864700E+00 0.000000E+00
1.891276E+00 6.590677E+00 2.000000E+00
2.522848E+00 6.864700E+00 2.000000E+00
2.207062E+00 6.727689E+00 1.000000E+00
0 1 4
1 3 4
3 2 4
2 0 4
4658 5 0 
4658 5 0 
4658 5 0 
4658 4 0 
4658 4 0 
4658 4 0 
4659 5 0 
4659 5 0 
4659 5 0 
4659 4 0 
4659 4 0 
4659 4 0 
4658 5 0 4658 4 0 4659 5 0 4659 4 0 
4658 5 0 4658 4 0 4659 5 0 4659 4 0 
4658 5 0 4658 4 0 4659 5 0 4659 4 0 
0 0 0
0 0 0
0 0 0
0 0 0
0 0 0
