2
1519 1520 1521 1522 1524 1525 
5
4
-1.670002E+01 -2.456024E+00 0.000000E+00
-1.748808E+01 -1.796368E+00 0.000000E+00
-1.670002E+01 -2.456024E+00 2.000000E+00
-1.748808E+01 -1.796368E+00 2.000000E+00
-1.709405E+01 -2.126196E+00 1.000000E+00
0 1 4
1 3 4
3 2 4
2 0 4
1512 4 0 
1512 4 0 
1512 4 0 
1519 3 0 
1519 3 0 
1519 3 0 
1513 4 0 
1513 4 0 
1513 4 0 
1520 3 0 
1520 3 0 
1520 3 0 
1512 4 0 1519 3 0 1513 4 0 1520 3 0 
1512 4 0 1519 3 0 1513 4 0 1520 3 0 
1512 4 0 1519 3 0 1513 4 0 1520 3 0 
0 0 0
0 0 0
0 0 0
0 0 0
0 0 0
