2
1046 1047 1048 1049 1051 1052 1053 1054 
5
4
1.268643E+01 -6.300034E+00 0.000000E+00
1.283024E+01 -5.232075E+00 0.000000E+00
1.268643E+01 -6.300034E+00 2.000000E+00
1.283024E+01 -5.232075E+00 2.000000E+00
1.275834E+01 -5.766054E+00 1.000000E+00
0 1 4
1 3 4
3 2 4
2 0 4
340 4 0 
340 4 0 
340 4 0 
1039 4 0 
1039 4 0 
1039 4 0 
341 4 0 
341 4 0 
341 4 0 
1040 4 0 
1040 4 0 
1040 4 0 
340 4 0 1039 4 0 341 4 0 1040 4 0 
340 4 0 1039 4 0 341 4 0 1040 4 0 
340 4 0 1039 4 0 341 4 0 1040 4 0 
0 0 0
0 0 0
0 0 0
0 0 0
0 0 0
