2
4919 4920 4921 4922 4923 4925 4926 
5
4
-2.045809E+01 4.778029E+00 0.000000E+00
-2.155424E+01 4.995671E+00 0.000000E+00
-2.045809E+01 4.778029E+00 2.000000E+00
-2.155424E+01 4.995671E+00 2.000000E+00
-2.100617E+01 4.886850E+00 1.000000E+00
0 1 4
1 3 4
3 2 4
2 0 4
4766 6 0 
4766 6 0 
4766 6 0 
4919 4 0 
4919 4 0 
4919 4 0 
4767 6 0 
4767 6 0 
4767 6 0 
4920 4 0 
4920 4 0 
4920 4 0 
4766 6 0 4919 4 0 4767 6 0 4920 4 0 
4766 6 0 4919 4 0 4767 6 0 4920 4 0 
4766 6 0 4919 4 0 4767 6 0 4920 4 0 
0 0 0
0 0 0
0 0 0
0 0 0
0 0 0
