2
3657 3658 3659 3660 3661 3662 3663 
5
4
3.635658E+01 -2.054403E+00 0.000000E+00
3.755781E+01 -2.920026E+00 0.000000E+00
3.635658E+01 -2.054403E+00 2.000000E+00
3.755781E+01 -2.920026E+00 2.000000E+00
3.695720E+01 -2.487215E+00 1.000000E+00
0 1 4
1 3 4
3 2 4
2 0 4
3338 4 0 
3338 4 0 
3338 4 0 
3338 3 0 
3338 3 0 
3338 3 0 
3339 4 0 
3339 4 0 
3339 4 0 
3339 3 0 
3339 3 0 
3339 3 0 
3338 4 0 3338 3 0 3339 4 0 3339 3 0 
3338 4 0 3338 3 0 3339 4 0 3339 3 0 
3338 4 0 3338 3 0 3339 4 0 3339 3 0 
0 0 0
0 0 0
0 0 0
0 0 0
0 0 0
