6
5793 5794 5795 5796 5797 5798 5799 
5
4
1.504766E+01 8.396272E+00 0.000000E+00
1.519250E+01 7.427876E+00 0.000000E+00
1.504766E+01 8.396272E+00 2.000000E+00
1.519250E+01 7.427876E+00 2.000000E+00
1.512008E+01 7.912074E+00 1.000000E+00
0 1 4
1 3 4
3 2 4
2 0 4
5793 5 0 
5793 5 0 
5793 5 0 
4595 4 0 
4595 4 0 
4595 4 0 
5794 5 0 
5794 5 0 
5794 5 0 
4596 4 0 
4596 4 0 
4596 4 0 
5793 5 0 4595 4 0 5794 5 0 4596 4 0 
5793 5 0 4595 4 0 5794 5 0 4596 4 0 
5793 5 0 4595 4 0 5794 5 0 4596 4 0 
0 0 0
0 0 0
0 0 0
0 0 0
0 0 0
