2
4626 4627 4629 4630 4631 4632 4633 4634 
5
4
7.779213E+00 6.441302E+00 0.000000E+00
8.517011E+00 5.605839E+00 0.000000E+00
7.779213E+00 6.441302E+00 2.000000E+00
8.517011E+00 5.605839E+00 2.000000E+00
8.148112E+00 6.023570E+00 1.000000E+00
0 1 4
1 3 4
3 2 4
2 0 4
4626 0 0 
4626 0 0 
4626 0 0 
4379 4 0 
4379 4 0 
4379 4 0 
4627 0 0 
4627 0 0 
4627 0 0 
4380 4 0 
4380 4 0 
4380 4 0 
4626 0 0 4379 4 0 4627 0 0 4380 4 0 
4626 0 0 4379 4 0 4627 0 0 4380 4 0 
4626 0 0 4379 4 0 4627 0 0 4380 4 0 
0 0 0
0 0 0
0 0 0
0 0 0
0 0 0
