2
259 260 261 262 263 265 266 
5
4
-7.857047E-01 -7.644302E+00 0.000000E+00
-1.691795E+00 -6.870230E+00 0.000000E+00
-7.857047E-01 -7.644302E+00 2.000000E+00
-1.691795E+00 -6.870230E+00 2.000000E+00
-1.238750E+00 -7.257266E+00 1.000000E+00
0 1 4
1 3 4
3 2 4
2 0 4
259 3 0 
259 3 0 
259 3 0 
259 4 0 
259 4 0 
259 4 0 
260 3 0 
260 3 0 
260 3 0 
260 4 0 
260 4 0 
260 4 0 
259 3 0 259 4 0 260 3 0 260 4 0 
259 3 0 259 4 0 260 3 0 260 4 0 
259 3 0 259 4 0 260 3 0 260 4 0 
0 0 0
0 0 0
0 0 0
0 0 0
0 0 0
