1
221 222 223 224 225 226 227 228 
8
7
-9.538562E+00 -7.432432E+00 0.000000E+00
-8.988716E+00 -7.792883E+00 0.000000E+00
-8.139421E+00 -7.455717E+00 0.000000E+00
-7.765528E+00 -6.242437E+00 0.000000E+00
-8.277527E+00 -5.566370E+00 0.000000E+00
-9.011125E+00 -5.614887E+00 0.000000E+00
-9.644902E+00 -6.430373E+00 0.000000E+00
-8.766540E+00 -6.647871E+00 0.000000E+00
1 0 7
2 1 7
3 2 7
4 3 7
5 4 7
6 5 7
0 6 7
213 1 0 
213 1 0 
213 1 0 















213 2 0 
213 2 0 
213 2 0 
213 1 0 220 1 0 220 2 0 220 3 0 220 4 0 220 5 0 213 2 0 
213 1 0 220 1 0 220 2 0 220 3 0 220 4 0 220 5 0 213 2 0 
213 1 0 220 1 0 220 2 0 220 3 0 220 4 0 220 5 0 213 2 0 
0 0 0
0 0 0
0 0 0
0 0 0
0 0 0
0 0 0
0 0 0
0 0 0
