2
3985 3986 3988 3989 3990 3991 
5
4
3.254095E+01 2.012243E+00 0.000000E+00
3.353398E+01 1.838106E+00 0.000000E+00
3.254095E+01 2.012243E+00 2.000000E+00
3.353398E+01 1.838106E+00 2.000000E+00
3.303746E+01 1.925175E+00 1.000000E+00
0 1 4
1 3 4
3 2 4
2 0 4
3865 4 0 
3865 4 0 
3865 4 0 
3857 0 0 
3857 0 0 
3857 0 0 
3866 4 0 
3866 4 0 
3866 4 0 
3858 0 0 
3858 0 0 
3858 0 0 
3865 4 0 3857 0 0 3866 4 0 3858 0 0 
3865 4 0 3857 0 0 3866 4 0 3858 0 0 
3865 4 0 3857 0 0 3866 4 0 3858 0 0 
0 0 0
0 0 0
0 0 0
0 0 0
0 0 0
