2
2990 2991 2992 2993 2994 2995 
5
4
-2.884742E+01 -7.849718E-01 0.000000E+00
-2.853576E+01 -1.801460E+00 0.000000E+00
-2.884742E+01 -7.849718E-01 2.000000E+00
-2.853576E+01 -1.801460E+00 2.000000E+00
-2.869159E+01 -1.293216E+00 1.000000E+00
0 1 4
1 3 4
3 2 4
2 0 4
2518 3 0 
2518 3 0 
2518 3 0 
2511 4 0 
2511 4 0 
2511 4 0 
2519 3 0 
2519 3 0 
2519 3 0 
2512 4 0 
2512 4 0 
2512 4 0 
2518 3 0 2511 4 0 2519 3 0 2512 4 0 
2518 3 0 2511 4 0 2519 3 0 2512 4 0 
2518 3 0 2511 4 0 2519 3 0 2512 4 0 
0 0 0
0 0 0
0 0 0
0 0 0
0 0 0
