1
2888 2889 2890 2891 2892 2893 2894 
7
6
-4.403098E+01 7.946183E-01 0.000000E+00
-4.287612E+01 9.811255E-01 0.000000E+00
-4.263678E+01 1.599322E+00 0.000000E+00
-4.326480E+01 2.474996E+00 0.000000E+00
-4.437637E+01 2.493449E+00 0.000000E+00
-4.478580E+01 1.772807E+00 0.000000E+00
-4.366181E+01 1.686053E+00 0.000000E+00
1 0 6
2 1 6
3 2 6
4 3 6
5 4 6
0 5 6
2689 4 0 
2689 4 0 
2689 4 0 
2689 3 0 
2689 3 0 
2689 3 0 






2878 3 0 
2878 3 0 
2878 3 0 
2696 4 0 
2696 4 0 
2696 4 0 
2689 4 0 2689 3 0 2887 2 0 2887 3 0 2878 3 0 2696 4 0 
2689 4 0 2689 3 0 2887 2 0 2887 3 0 2878 3 0 2696 4 0 
2689 4 0 2689 3 0 2887 2 0 2887 3 0 2878 3 0 2696 4 0 
0 0 0
0 0 0
0 0 0
0 0 0
0 0 0
0 0 0
0 0 0
