2
5944 5945 5946 5948 5949 5950 
5
4
5.825038E+01 5.692185E+00 0.000000E+00
5.897909E+01 6.271446E+00 0.000000E+00
5.825038E+01 5.692185E+00 2.000000E+00
5.897909E+01 6.271446E+00 2.000000E+00
5.861473E+01 5.981816E+00 1.000000E+00
0 1 4
1 3 4
3 2 4
2 0 4
5927 6 0 
5927 6 0 
5927 6 0 
5927 5 0 
5927 5 0 
5927 5 0 
5928 6 0 
5928 6 0 
5928 6 0 
5928 5 0 
5928 5 0 
5928 5 0 
5927 6 0 5927 5 0 5928 6 0 5928 5 0 
5927 6 0 5927 5 0 5928 6 0 5928 5 0 
5927 6 0 5927 5 0 5928 6 0 5928 5 0 
0 0 0
0 0 0
0 0 0
0 0 0
0 0 0
