5
259 260 261 263 264 265 266 
5
4
-1.687952E+00 -8.812958E+00 0.000000E+00
-8.635351E-01 -8.407525E+00 0.000000E+00
-1.687952E+00 -8.812958E+00 2.000000E+00
-8.635351E-01 -8.407525E+00 2.000000E+00
-1.275744E+00 -8.610242E+00 1.000000E+00
0 1 4
1 3 4
3 2 4
2 0 4
259 1 0 
259 1 0 
259 1 0 
259 2 0 
259 2 0 
259 2 0 
260 1 0 
260 1 0 
260 1 0 
260 2 0 
260 2 0 
260 2 0 
259 1 0 259 2 0 260 1 0 260 2 0 
259 1 0 259 2 0 260 1 0 260 2 0 
259 1 0 259 2 0 260 1 0 260 2 0 
0 0 0
0 0 0
0 0 0
0 0 0
0 0 0
