2
3132 3133 3134 3135 3136 3137 3138 3139 
5
4
-1.801654E+00 3.119459E+00 0.000000E+00
-1.505364E+00 2.142809E+00 0.000000E+00
-1.801654E+00 3.119459E+00 2.000000E+00
-1.505364E+00 2.142809E+00 2.000000E+00
-1.653509E+00 2.631134E+00 1.000000E+00
0 1 4
1 3 4
3 2 4
2 0 4
3123 3 0 
3123 3 0 
3123 3 0 
2361 5 0 
2361 5 0 
2361 5 0 
3124 3 0 
3124 3 0 
3124 3 0 
2362 5 0 
2362 5 0 
2362 5 0 
3123 3 0 2361 5 0 3124 3 0 2362 5 0 
3123 3 0 2361 5 0 3124 3 0 2362 5 0 
3123 3 0 2361 5 0 3124 3 0 2362 5 0 
0 0 0
0 0 0
0 0 0
0 0 0
0 0 0
