2
1343 1344 1345 1346 1348 1349 1350 
5
4
-1.754354E+00 -3.734085E+00 0.000000E+00
-1.635593E+00 -2.866256E+00 0.000000E+00
-1.754354E+00 -3.734085E+00 2.000000E+00
-1.635593E+00 -2.866256E+00 2.000000E+00
-1.694974E+00 -3.300171E+00 1.000000E+00
0 1 4
1 3 4
3 2 4
2 0 4
1168 3 0 
1168 3 0 
1168 3 0 
1175 5 0 
1175 5 0 
1175 5 0 
1169 3 0 
1169 3 0 
1169 3 0 
1176 5 0 
1176 5 0 
1176 5 0 
1168 3 0 1175 5 0 1169 3 0 1176 5 0 
1168 3 0 1175 5 0 1169 3 0 1176 5 0 
1168 3 0 1175 5 0 1169 3 0 1176 5 0 
0 0 0
0 0 0
0 0 0
0 0 0
0 0 0
