0
3706 3708 3709 3710 3711 3712 3713 
7
6
3.834556E+01 6.861798E-01 2.000000E+00
3.958603E+01 -1.764586E-01 2.000000E+00
4.060127E+01 4.011206E-01 2.000000E+00
4.051274E+01 1.056165E+00 2.000000E+00
3.927599E+01 1.716313E+00 2.000000E+00
3.848485E+01 1.438596E+00 2.000000E+00
3.946774E+01 8.536527E-01 2.000000E+00
6 0 1
6 1 2
6 2 3
6 3 4
6 4 5
6 5 0
3699 4 0 
3699 4 0 
3699 4 0 
3642 6 0 
3642 6 0 
3642 6 0 
3642 5 0 
3642 5 0 
3642 5 0 









3699 4 0 3642 6 0 3642 5 0 3707 3 0 3707 4 0 3707 5 0 
3699 4 0 3642 6 0 3642 5 0 3707 3 0 3707 4 0 3707 5 0 
3699 4 0 3642 6 0 3642 5 0 3707 3 0 3707 4 0 3707 5 0 
0 0 0
0 0 0
0 0 0
0 0 0
0 0 0
0 0 0
0 0 0
