1
5072 5073 5074 5075 5076 5077 5078 
7
6
-3.936258E+01 4.482650E+00 0.000000E+00
-3.859154E+01 4.409292E+00 0.000000E+00
-3.784256E+01 5.258814E+00 0.000000E+00
-3.806341E+01 6.288277E+00 0.000000E+00
-3.908368E+01 6.530827E+00 0.000000E+00
-3.983802E+01 5.541804E+00 0.000000E+00
-3.879696E+01 5.418611E+00 0.000000E+00
1 0 6
2 1 6
3 2 6
4 3 6
5 4 6
0 5 6
5023 4 0 
5023 4 0 
5023 4 0 
5023 3 0 
5023 3 0 
5023 3 0 









5063 3 0 
5063 3 0 
5063 3 0 
5023 4 0 5023 3 0 5071 2 0 5071 3 0 5071 4 0 5063 3 0 
5023 4 0 5023 3 0 5071 2 0 5071 3 0 5071 4 0 5063 3 0 
5023 4 0 5023 3 0 5071 2 0 5071 3 0 5071 4 0 5063 3 0 
0 0 0
0 0 0
0 0 0
0 0 0
0 0 0
0 0 0
0 0 0
