1
3554 3555 3556 3557 3558 3559 3560 3561 
8
7
5.346604E+01 -1.251512E+00 0.000000E+00
5.395542E+01 -1.886785E+00 0.000000E+00
5.492801E+01 -1.887531E+00 0.000000E+00
5.569630E+01 -1.175992E+00 0.000000E+00
5.573100E+01 -3.323756E-01 0.000000E+00
5.507493E+01 1.924015E-01 0.000000E+00
5.386640E+01 -1.590673E-01 0.000000E+00
5.467401E+01 -9.286943E-01 0.000000E+00
1 0 7
2 1 7
3 2 7
4 3 7
5 4 7
6 5 7
0 6 7
3425 5 0 
3425 5 0 
3425 5 0 
3425 4 0 
3425 4 0 
3425 4 0 
3434 3 0 
3434 3 0 
3434 3 0 
3482 3 0 
3482 3 0 
3482 3 0 
3489 5 0 
3489 5 0 
3489 5 0 
3544 0 0 
3544 0 0 
3544 0 0 



3425 5 0 3425 4 0 3434 3 0 3482 3 0 3489 5 0 3544 0 0 3553 6 0 
3425 5 0 3425 4 0 3434 3 0 3482 3 0 3489 5 0 3544 0 0 3553 6 0 
3425 5 0 3425 4 0 3434 3 0 3482 3 0 3489 5 0 3544 0 0 3553 6 0 
0 0 0
0 0 0
0 0 0
0 0 0
0 0 0
0 0 0
0 0 0
0 0 0
