2
5007 5008 5010 5011 5012 5013 5014 
5
4
-3.691763E+01 3.651565E+00 0.000000E+00
-3.629967E+01 3.058911E+00 0.000000E+00
-3.691763E+01 3.651565E+00 2.000000E+00
-3.629967E+01 3.058911E+00 2.000000E+00
-3.660865E+01 3.355238E+00 1.000000E+00
0 1 4
1 3 4
3 2 4
2 0 4
5007 0 0 
5007 0 0 
5007 0 0 
2942 5 0 
2942 5 0 
2942 5 0 
5008 0 0 
5008 0 0 
5008 0 0 
2943 5 0 
2943 5 0 
2943 5 0 
5007 0 0 2942 5 0 5008 0 0 2943 5 0 
5007 0 0 2942 5 0 5008 0 0 2943 5 0 
5007 0 0 2942 5 0 5008 0 0 2943 5 0 
0 0 0
0 0 0
0 0 0
0 0 0
0 0 0
