2
3180 3181 3182 3183 3184 3186 
5
4
8.037799E+00 3.311497E+00 0.000000E+00
6.622378E+00 3.387482E+00 0.000000E+00
8.037799E+00 3.311497E+00 2.000000E+00
6.622378E+00 3.387482E+00 2.000000E+00
7.330089E+00 3.349490E+00 1.000000E+00
0 1 4
1 3 4
3 2 4
2 0 4
3180 3 0 
3180 3 0 
3180 3 0 
3171 3 0 
3171 3 0 
3171 3 0 
3181 3 0 
3181 3 0 
3181 3 0 
3172 3 0 
3172 3 0 
3172 3 0 
3180 3 0 3171 3 0 3181 3 0 3172 3 0 
3180 3 0 3171 3 0 3181 3 0 3172 3 0 
3180 3 0 3171 3 0 3181 3 0 3172 3 0 
0 0 0
0 0 0
0 0 0
0 0 0
0 0 0
