2
4474 4475 4477 4478 4479 4480 4481 4482 
5
4
2.730015E+01 6.035286E+00 0.000000E+00
2.741885E+01 5.211692E+00 0.000000E+00
2.730015E+01 6.035286E+00 2.000000E+00
2.741885E+01 5.211692E+00 2.000000E+00
2.735950E+01 5.623489E+00 1.000000E+00
0 1 4
1 3 4
3 2 4
2 0 4
4466 3 0 
4466 3 0 
4466 3 0 
4266 5 0 
4266 5 0 
4266 5 0 
4467 3 0 
4467 3 0 
4467 3 0 
4267 5 0 
4267 5 0 
4267 5 0 
4466 3 0 4266 5 0 4467 3 0 4267 5 0 
4466 3 0 4266 5 0 4467 3 0 4267 5 0 
4466 3 0 4266 5 0 4467 3 0 4267 5 0 
0 0 0
0 0 0
0 0 0
0 0 0
0 0 0
