2
2329 2330 2331 2333 2334 2335 
5
4
5.227502E+00 -2.518113E-01 0.000000E+00
5.872516E+00 6.577251E-01 0.000000E+00
5.227502E+00 -2.518113E-01 2.000000E+00
5.872516E+00 6.577251E-01 2.000000E+00
5.550009E+00 2.029569E-01 1.000000E+00
0 1 4
1 3 4
3 2 4
2 0 4
2178 3 0 
2178 3 0 
2178 3 0 
2186 4 0 
2186 4 0 
2186 4 0 
2179 3 0 
2179 3 0 
2179 3 0 
2187 4 0 
2187 4 0 
2187 4 0 
2178 3 0 2186 4 0 2179 3 0 2187 4 0 
2178 3 0 2186 4 0 2179 3 0 2187 4 0 
2178 3 0 2186 4 0 2179 3 0 2187 4 0 
0 0 0
0 0 0
0 0 0
0 0 0
0 0 0
