1
517 518 519 520 521 522 523 524 
8
7
4.436161E+01 -7.933113E+00 0.000000E+00
4.533923E+01 -8.742648E+00 0.000000E+00
4.624454E+01 -8.499223E+00 0.000000E+00
4.657825E+01 -7.546312E+00 0.000000E+00
4.614789E+01 -6.859171E+00 0.000000E+00
4.506876E+01 -6.628848E+00 0.000000E+00
4.440912E+01 -7.073408E+00 0.000000E+00
4.544991E+01 -7.611818E+00 0.000000E+00
1 0 7
2 1 7
3 2 7
4 3 7
5 4 7
6 5 7
0 6 7
507 2 0 
507 2 0 
507 2 0 















507 3 0 
507 3 0 
507 3 0 
507 2 0 516 1 0 516 2 0 516 3 0 516 4 0 516 5 0 507 3 0 
507 2 0 516 1 0 516 2 0 516 3 0 516 4 0 516 5 0 507 3 0 
507 2 0 516 1 0 516 2 0 516 3 0 516 4 0 516 5 0 507 3 0 
0 0 0
0 0 0
0 0 0
0 0 0
0 0 0
0 0 0
0 0 0
0 0 0
