6
5690 5691 5692 5693 5694 5696 5697 
5
4
-4.116703E+01 8.289656E+00 0.000000E+00
-4.263176E+01 8.333032E+00 0.000000E+00
-4.116703E+01 8.289656E+00 2.000000E+00
-4.263176E+01 8.333032E+00 2.000000E+00
-4.189939E+01 8.311344E+00 1.000000E+00
0 1 4
1 3 4
3 2 4
2 0 4
5690 3 0 
5690 3 0 
5690 3 0 
5690 4 0 
5690 4 0 
5690 4 0 
5691 3 0 
5691 3 0 
5691 3 0 
5691 4 0 
5691 4 0 
5691 4 0 
5690 3 0 5690 4 0 5691 3 0 5691 4 0 
5690 3 0 5690 4 0 5691 3 0 5691 4 0 
5690 3 0 5690 4 0 5691 3 0 5691 4 0 
0 0 0
0 0 0
0 0 0
0 0 0
0 0 0
