2
1255 1256 1258 1259 1260 1261 1262 
5
4
1.379846E+01 -3.362722E+00 0.000000E+00
1.434511E+01 -3.981337E+00 0.000000E+00
1.379846E+01 -3.362722E+00 2.000000E+00
1.434511E+01 -3.981337E+00 2.000000E+00
1.407179E+01 -3.672029E+00 1.000000E+00
0 1 4
1 3 4
3 2 4
2 0 4
1247 4 0 
1247 4 0 
1247 4 0 
1031 5 0 
1031 5 0 
1031 5 0 
1248 4 0 
1248 4 0 
1248 4 0 
1032 5 0 
1032 5 0 
1032 5 0 
1247 4 0 1031 5 0 1248 4 0 1032 5 0 
1247 4 0 1031 5 0 1248 4 0 1032 5 0 
1247 4 0 1031 5 0 1248 4 0 1032 5 0 
0 0 0
0 0 0
0 0 0
0 0 0
0 0 0
