1
3451 3452 3453 3454 3455 3456 3457 
7
6
5.661149E+01 -4.675564E+00 0.000000E+00
5.727924E+01 -5.344626E+00 0.000000E+00
5.836032E+01 -5.067781E+00 0.000000E+00
5.865900E+01 -4.050252E+00 0.000000E+00
5.805693E+01 -3.386834E+00 0.000000E+00
5.694261E+01 -3.600260E+00 0.000000E+00
5.765160E+01 -4.354220E+00 0.000000E+00
1 0 6
2 1 6
3 2 6
4 3 6
5 4 6
0 5 6
628 4 0 
628 4 0 
628 4 0 
620 5 0 
620 5 0 
620 5 0 
620 4 0 
620 4 0 
620 4 0 






3441 4 0 
3441 4 0 
3441 4 0 
628 4 0 620 5 0 620 4 0 3450 3 0 3450 4 0 3441 4 0 
628 4 0 620 5 0 620 4 0 3450 3 0 3450 4 0 3441 4 0 
628 4 0 620 5 0 620 4 0 3450 3 0 3450 4 0 3441 4 0 
0 0 0
0 0 0
0 0 0
0 0 0
0 0 0
0 0 0
0 0 0
