2
3992 3993 3994 3995 3996 3998 3999 4000 
5
4
3.551420E+01 3.672629E+00 0.000000E+00
3.517935E+01 4.778775E+00 0.000000E+00
3.551420E+01 3.672629E+00 2.000000E+00
3.517935E+01 4.778775E+00 2.000000E+00
3.534677E+01 4.225702E+00 1.000000E+00
0 1 4
1 3 4
3 2 4
2 0 4
3992 3 0 
3992 3 0 
3992 3 0 
3992 4 0 
3992 4 0 
3992 4 0 
3993 3 0 
3993 3 0 
3993 3 0 
3993 4 0 
3993 4 0 
3993 4 0 
3992 3 0 3992 4 0 3993 3 0 3993 4 0 
3992 3 0 3992 4 0 3993 3 0 3993 4 0 
3992 3 0 3992 4 0 3993 3 0 3993 4 0 
0 0 0
0 0 0
0 0 0
0 0 0
0 0 0
