4
3527 3528 3529 3530 3531 3533 3534 
5
4
6.113168E+01 2.411675E+00 0.000000E+00
6.053512E+01 2.887855E+00 0.000000E+00
6.113168E+01 2.411675E+00 2.000000E+00
6.053512E+01 2.887855E+00 2.000000E+00
6.083340E+01 2.649765E+00 1.000000E+00
0 1 4
1 3 4
3 2 4
2 0 4
3527 3 0 
3527 3 0 
3527 3 0 
3527 4 0 
3527 4 0 
3527 4 0 
3528 3 0 
3528 3 0 
3528 3 0 
3528 4 0 
3528 4 0 
3528 4 0 
3527 3 0 3527 4 0 3528 3 0 3528 4 0 
3527 3 0 3527 4 0 3528 3 0 3528 4 0 
3527 3 0 3527 4 0 3528 3 0 3528 4 0 
0 0 0
0 0 0
0 0 0
0 0 0
0 0 0
