0
2567 2569 2570 2571 2572 2573 2574 
7
6
-3.797195E+01 -2.915875E+00 2.000000E+00
-3.703357E+01 -2.771072E+00 2.000000E+00
-3.660711E+01 -1.872937E+00 2.000000E+00
-3.705611E+01 -1.060438E+00 2.000000E+00
-3.831653E+01 -9.800959E-01 2.000000E+00
-3.879667E+01 -1.880347E+00 2.000000E+00
-3.763032E+01 -1.913461E+00 2.000000E+00
6 0 1
6 1 2
6 2 3
6 3 4
6 4 5
6 5 0
1935 3 0 
1935 3 0 
1935 3 0 
1943 3 0 
1943 3 0 
1943 3 0 
1966 5 0 
1966 5 0 
1966 5 0 
2560 0 0 
2560 0 0 
2560 0 0 



1935 4 0 
1935 4 0 
1935 4 0 
1935 3 0 1943 3 0 1966 5 0 2560 0 0 2568 4 0 1935 4 0 
1935 3 0 1943 3 0 1966 5 0 2560 0 0 2568 4 0 1935 4 0 
1935 3 0 1943 3 0 1966 5 0 2560 0 0 2568 4 0 1935 4 0 
0 0 0
0 0 0
0 0 0
0 0 0
0 0 0
0 0 0
0 0 0
