2
5630 5631 5632 5633 5635 5636 
5
4
-5.086640E+01 5.170700E+00 0.000000E+00
-5.148825E+01 6.083575E+00 0.000000E+00
-5.086640E+01 5.170700E+00 2.000000E+00
-5.148825E+01 6.083575E+00 2.000000E+00
-5.117732E+01 5.627137E+00 1.000000E+00
0 1 4
1 3 4
3 2 4
2 0 4
5630 2 0 
5630 2 0 
5630 2 0 
5630 3 0 
5630 3 0 
5630 3 0 
5631 2 0 
5631 2 0 
5631 2 0 
5631 3 0 
5631 3 0 
5631 3 0 
5630 2 0 5630 3 0 5631 2 0 5631 3 0 
5630 2 0 5630 3 0 5631 2 0 5631 3 0 
5630 2 0 5630 3 0 5631 2 0 5631 3 0 
0 0 0
0 0 0
0 0 0
0 0 0
0 0 0
