2
2935 2936 2938 2939 2940 2941 
5
4
-3.786218E+01 7.893840E-01 0.000000E+00
-3.669483E+01 4.371089E-01 0.000000E+00
-3.786218E+01 7.893840E-01 2.000000E+00
-3.669483E+01 4.371089E-01 2.000000E+00
-3.727851E+01 6.132464E-01 1.000000E+00
0 1 4
1 3 4
3 2 4
2 0 4
2910 2 0 
2910 2 0 
2910 2 0 
2919 3 0 
2919 3 0 
2919 3 0 
2911 2 0 
2911 2 0 
2911 2 0 
2920 3 0 
2920 3 0 
2920 3 0 
2910 2 0 2919 3 0 2911 2 0 2920 3 0 
2910 2 0 2919 3 0 2911 2 0 2920 3 0 
2910 2 0 2919 3 0 2911 2 0 2920 3 0 
0 0 0
0 0 0
0 0 0
0 0 0
0 0 0
