2
3187 3188 3189 3190 3191 3193 3194 
5
4
9.003618E+00 2.137134E+00 0.000000E+00
8.275192E+00 2.474559E+00 0.000000E+00
9.003618E+00 2.137134E+00 2.000000E+00
8.275192E+00 2.474559E+00 2.000000E+00
8.639405E+00 2.305846E+00 1.000000E+00
0 1 4
1 3 4
3 2 4
2 0 4
3187 3 0 
3187 3 0 
3187 3 0 
3180 2 0 
3180 2 0 
3180 2 0 
3188 3 0 
3188 3 0 
3188 3 0 
3181 2 0 
3181 2 0 
3181 2 0 
3187 3 0 3180 2 0 3188 3 0 3181 2 0 
3187 3 0 3180 2 0 3188 3 0 3181 2 0 
3187 3 0 3180 2 0 3188 3 0 3181 2 0 
0 0 0
0 0 0
0 0 0
0 0 0
0 0 0
