0
2424 2426 2427 2428 2429 2430 2431 
7
6
-1.280683E+01 -8.080689E-01 2.000000E+00
-1.193939E+01 -1.411690E+00 2.000000E+00
-1.118512E+01 -9.403293E-01 2.000000E+00
-1.134294E+01 2.060257E-01 2.000000E+00
-1.233097E+01 6.844172E-01 2.000000E+00
-1.279071E+01 3.968170E-01 2.000000E+00
-1.206599E+01 -3.121381E-01 2.000000E+00
6 0 1
6 1 2
6 2 3
6 3 4
6 4 5
6 5 0
2088 4 0 
2088 4 0 
2088 4 0 
2088 3 0 
2088 3 0 
2088 3 0 
2096 4 0 
2096 4 0 
2096 4 0 
2417 5 0 
2417 5 0 
2417 5 0 






2088 4 0 2088 3 0 2096 4 0 2417 5 0 2425 4 0 2425 5 0 
2088 4 0 2088 3 0 2096 4 0 2417 5 0 2425 4 0 2425 5 0 
2088 4 0 2088 3 0 2096 4 0 2417 5 0 2425 4 0 2425 5 0 
0 0 0
0 0 0
0 0 0
0 0 0
0 0 0
0 0 0
0 0 0
