2
1677 1678 1679 1680 1681 1682 1683 
5
4
-4.820643E+01 -5.238820E+00 0.000000E+00
-4.790191E+01 -6.195461E+00 0.000000E+00
-4.820643E+01 -5.238820E+00 2.000000E+00
-4.790191E+01 -6.195461E+00 2.000000E+00
-4.805417E+01 -5.717141E+00 1.000000E+00
0 1 4
1 3 4
3 2 4
2 0 4
1677 5 0 
1677 5 0 
1677 5 0 
25 4 0 
25 4 0 
25 4 0 
1678 5 0 
1678 5 0 
1678 5 0 
26 4 0 
26 4 0 
26 4 0 
1677 5 0 25 4 0 1678 5 0 26 4 0 
1677 5 0 25 4 0 1678 5 0 26 4 0 
1677 5 0 25 4 0 1678 5 0 26 4 0 
0 0 0
0 0 0
0 0 0
0 0 0
0 0 0
