2
4731 4732 4733 4734 4735 4736 4738 4739 
5
4
-1.078589E+01 3.412016E+00 0.000000E+00
-1.181380E+01 3.854484E+00 0.000000E+00
-1.078589E+01 3.412016E+00 2.000000E+00
-1.181380E+01 3.854484E+00 2.000000E+00
-1.129985E+01 3.633250E+00 1.000000E+00
0 1 4
1 3 4
3 2 4
2 0 4
4723 5 0 
4723 5 0 
4723 5 0 
4731 5 0 
4731 5 0 
4731 5 0 
4724 5 0 
4724 5 0 
4724 5 0 
4732 5 0 
4732 5 0 
4732 5 0 
4723 5 0 4731 5 0 4724 5 0 4732 5 0 
4723 5 0 4731 5 0 4724 5 0 4732 5 0 
4723 5 0 4731 5 0 4724 5 0 4732 5 0 
0 0 0
0 0 0
0 0 0
0 0 0
0 0 0
