0
974 976 977 978 979 980 981 
7
6
2.540766E+01 -3.144706E+00 2.000000E+00
2.556738E+01 -3.779261E+00 2.000000E+00
2.669516E+01 -4.095914E+00 2.000000E+00
2.757824E+01 -3.290936E+00 2.000000E+00
2.733177E+01 -2.535317E+00 2.000000E+00
2.625637E+01 -2.333809E+00 2.000000E+00
2.647276E+01 -3.196658E+00 2.000000E+00
6 0 1
6 1 2
6 2 3
6 3 4
6 4 5
6 5 0
870 4 0 
870 4 0 
870 4 0 
870 3 0 
870 3 0 
870 3 0 
886 3 0 
886 3 0 
886 3 0 
894 4 0 
894 4 0 
894 4 0 
965 0 0 
965 0 0 
965 0 0 



870 4 0 870 3 0 886 3 0 894 4 0 965 0 0 975 5 0 
870 4 0 870 3 0 886 3 0 894 4 0 965 0 0 975 5 0 
870 4 0 870 3 0 886 3 0 894 4 0 965 0 0 975 5 0 
0 0 0
0 0 0
0 0 0
0 0 0
0 0 0
0 0 0
0 0 0
