2
1486 1487 1488 1489 1491 1492 1493 1494 
5
4
-1.078314E+01 -4.936194E+00 0.000000E+00
-9.833373E+00 -4.544820E+00 0.000000E+00
-1.078314E+01 -4.936194E+00 2.000000E+00
-9.833373E+00 -4.544820E+00 2.000000E+00
-1.030826E+01 -4.740507E+00 1.000000E+00
0 1 4
1 3 4
3 2 4
2 0 4
1383 4 0 
1383 4 0 
1383 4 0 
1375 5 0 
1375 5 0 
1375 5 0 
1384 4 0 
1384 4 0 
1384 4 0 
1376 5 0 
1376 5 0 
1376 5 0 
1383 4 0 1375 5 0 1384 4 0 1376 5 0 
1383 4 0 1375 5 0 1384 4 0 1376 5 0 
1383 4 0 1375 5 0 1384 4 0 1376 5 0 
0 0 0
0 0 0
0 0 0
0 0 0
0 0 0
