0
1827 1829 1830 1831 1832 1833 1834 1835 1836 
9
8
-6.033145E+01 -2.453316E+00 2.000000E+00
-5.980510E+01 -3.041674E+00 2.000000E+00
-5.867214E+01 -3.186331E+00 2.000000E+00
-5.819346E+01 -2.843182E+00 2.000000E+00
-5.812406E+01 -2.145257E+00 2.000000E+00
-5.897180E+01 -1.087034E+00 2.000000E+00
-5.991650E+01 -9.464539E-01 2.000000E+00
-6.031783E+01 -1.303496E+00 2.000000E+00
-5.929154E+01 -2.125843E+00 2.000000E+00
8 0 1
8 1 2
8 2 3
8 3 4
8 4 5
8 5 6
8 6 7
8 7 0
1820 4 0 
1820 4 0 
1820 4 0 
1805 4 0 
1805 4 0 
1805 4 0 
1797 5 0 
1797 5 0 
1797 5 0 
1797 4 0 
1797 4 0 
1797 4 0 












1820 4 0 1805 4 0 1797 5 0 1797 4 0 1828 4 0 1828 5 0 1828 6 0 1828 7 0 
1820 4 0 1805 4 0 1797 5 0 1797 4 0 1828 4 0 1828 5 0 1828 6 0 1828 7 0 
1820 4 0 1805 4 0 1797 5 0 1797 4 0 1828 4 0 1828 5 0 1828 6 0 1828 7 0 
0 0 0
0 0 0
0 0 0
0 0 0
0 0 0
0 0 0
0 0 0
1 1 0
0 0 0
