1
2046 2047 2048 2049 2050 2051 2052 
7
6
-2.265802E+01 -3.911724E+00 0.000000E+00
-2.186298E+01 -4.111984E+00 0.000000E+00
-2.104703E+01 -3.104022E+00 0.000000E+00
-2.135869E+01 -2.440490E+00 0.000000E+00
-2.252052E+01 -2.242160E+00 0.000000E+00
-2.299173E+01 -2.738577E+00 0.000000E+00
-2.207316E+01 -3.091493E+00 0.000000E+00
1 0 6
2 1 6
3 2 6
4 3 6
5 4 6
0 5 6
1542 4 0 
1542 4 0 
1542 4 0 
1534 0 0 
1534 0 0 
1534 0 0 
1534 5 0 
1534 5 0 
1534 5 0 






2038 3 0 
2038 3 0 
2038 3 0 
1542 4 0 1534 0 0 1534 5 0 2045 3 0 2045 4 0 2038 3 0 
1542 4 0 1534 0 0 1534 5 0 2045 3 0 2045 4 0 2038 3 0 
1542 4 0 1534 0 0 1534 5 0 2045 3 0 2045 4 0 2038 3 0 
0 0 0
0 0 0
0 0 0
0 0 0
0 0 0
0 0 0
0 0 0
