0
3117 3119 3120 3121 3122 
5
4
-4.654760E+00 1.623610E+00 2.000000E+00
-3.905709E+00 7.354615E-01 2.000000E+00
-2.869532E+00 1.551575E+00 2.000000E+00
-3.683802E+00 2.508173E+00 2.000000E+00
-3.778451E+00 1.604705E+00 2.000000E+00
4 0 1
4 1 2
4 2 3
4 3 0
2379 3 0 
2379 3 0 
2379 3 0 
2371 0 0 
2371 0 0 
2371 0 0 
2371 5 0 
2371 5 0 
2371 5 0 
3110 2 0 
3110 2 0 
3110 2 0 
2379 3 0 2371 0 0 2371 5 0 3110 2 0 
2379 3 0 2371 0 0 2371 5 0 3110 2 0 
2379 3 0 2371 0 0 2371 5 0 3110 2 0 
0 0 0
0 0 0
0 0 0
0 0 0
0 0 0
