1
3733 3734 3735 3736 3737 3738 3739 
7
6
4.414400E+01 -2.745306E-01 0.000000E+00
4.473894E+01 -9.527406E-01 0.000000E+00
4.573148E+01 -7.253869E-01 0.000000E+00
4.600633E+01 2.691196E-01 0.000000E+00
4.536939E+01 9.727827E-01 0.000000E+00
4.452312E+01 8.211920E-01 0.000000E+00
4.508554E+01 1.840604E-02 0.000000E+00
1 0 6
2 1 6
3 2 6
4 3 6
5 4 6
0 5 6
3626 4 0 
3626 4 0 
3626 4 0 
3601 5 0 
3601 5 0 
3601 5 0 
3601 4 0 
3601 4 0 
3601 4 0 






3724 3 0 
3724 3 0 
3724 3 0 
3626 4 0 3601 5 0 3601 4 0 3732 3 0 3732 4 0 3724 3 0 
3626 4 0 3601 5 0 3601 4 0 3732 3 0 3732 4 0 3724 3 0 
3626 4 0 3601 5 0 3601 4 0 3732 3 0 3732 4 0 3724 3 0 
0 0 0
0 0 0
0 0 0
0 0 0
0 0 0
0 0 0
0 0 0
