5
1733 1734 1736 1737 1738 1739 
5
4
-5.818989E+01 -7.928151E+00 0.000000E+00
-5.768397E+01 -8.589656E+00 0.000000E+00
-5.818989E+01 -7.928151E+00 2.000000E+00
-5.768397E+01 -8.589656E+00 2.000000E+00
-5.793693E+01 -8.258904E+00 1.000000E+00
0 1 4
1 3 4
3 2 4
2 0 4
1733 0 0 
1733 0 0 
1733 0 0 
1733 1 0 
1733 1 0 
1733 1 0 
1734 0 0 
1734 0 0 
1734 0 0 
1734 1 0 
1734 1 0 
1734 1 0 
1733 0 0 1733 1 0 1734 0 0 1734 1 0 
1733 0 0 1733 1 0 1734 0 0 1734 1 0 
1733 0 0 1733 1 0 1734 0 0 1734 1 0 
0 0 0
0 0 0
0 0 0
0 0 0
0 0 0
