2
3796 3797 3798 3800 3801 3802 3803 
5
4
4.452312E+01 8.211920E-01 0.000000E+00
4.536939E+01 9.727827E-01 0.000000E+00
4.452312E+01 8.211920E-01 2.000000E+00
4.536939E+01 9.727827E-01 2.000000E+00
4.494625E+01 8.969874E-01 1.000000E+00
0 1 4
1 3 4
3 2 4
2 0 4
3724 3 0 
3724 3 0 
3724 3 0 
3732 4 0 
3732 4 0 
3732 4 0 
3725 3 0 
3725 3 0 
3725 3 0 
3733 4 0 
3733 4 0 
3733 4 0 
3724 3 0 3732 4 0 3725 3 0 3733 4 0 
3724 3 0 3732 4 0 3725 3 0 3733 4 0 
3724 3 0 3732 4 0 3725 3 0 3733 4 0 
0 0 0
0 0 0
0 0 0
0 0 0
0 0 0
