0
4459 4461 4462 4463 4464 4465 
6
5
2.402725E+01 5.498412E+00 2.000000E+00
2.475142E+01 4.637215E+00 2.000000E+00
2.567456E+01 4.978516E+00 2.000000E+00
2.565802E+01 6.118746E+00 2.000000E+00
2.454630E+01 6.421859E+00 2.000000E+00
2.493151E+01 5.530950E+00 2.000000E+00
5 0 1
5 1 2
5 2 3
5 3 4
5 4 0
4284 4 0 
4284 4 0 
4284 4 0 
4275 5 0 
4275 5 0 
4275 5 0 
4275 4 0 
4275 4 0 
4275 4 0 



4452 3 0 
4452 3 0 
4452 3 0 
4284 4 0 4275 5 0 4275 4 0 4460 3 0 4452 3 0 
4284 4 0 4275 5 0 4275 4 0 4460 3 0 4452 3 0 
4284 4 0 4275 5 0 4275 4 0 4460 3 0 4452 3 0 
0 0 0
0 0 0
0 0 0
0 0 0
0 0 0
0 0 0
