2
1223 1224 1225 1226 1227 1228 1229 1230 
5
4
7.765236E+00 -5.418908E+00 0.000000E+00
8.422865E+00 -6.076359E+00 0.000000E+00
7.765236E+00 -5.418908E+00 2.000000E+00
8.422865E+00 -6.076359E+00 2.000000E+00
8.094050E+00 -5.747634E+00 1.000000E+00
0 1 4
1 3 4
3 2 4
2 0 4
1070 4 0 
1070 4 0 
1070 4 0 
1062 5 0 
1062 5 0 
1062 5 0 
1071 4 0 
1071 4 0 
1071 4 0 
1063 5 0 
1063 5 0 
1063 5 0 
1070 4 0 1062 5 0 1071 4 0 1063 5 0 
1070 4 0 1062 5 0 1071 4 0 1063 5 0 
1070 4 0 1062 5 0 1071 4 0 1063 5 0 
0 0 0
0 0 0
0 0 0
0 0 0
0 0 0
