0
4587 4589 4590 4591 4592 4593 4594 
7
6
1.631539E+01 5.725346E+00 2.000000E+00
1.693239E+01 5.442210E+00 2.000000E+00
1.790352E+01 6.108741E+00 2.000000E+00
1.791941E+01 7.182083E+00 2.000000E+00
1.709584E+01 7.601282E+00 2.000000E+00
1.624599E+01 6.979132E+00 2.000000E+00
1.706876E+01 6.506466E+00 2.000000E+00
6 0 1
6 1 2
6 2 3
6 3 4
6 4 5
6 5 0
4412 6 0 
4412 6 0 
4412 6 0 
4412 5 0 
4412 5 0 
4412 5 0 
4422 3 0 
4422 3 0 
4422 3 0 
4580 5 0 
4580 5 0 
4580 5 0 






4412 6 0 4412 5 0 4422 3 0 4580 5 0 4588 4 0 4588 5 0 
4412 6 0 4412 5 0 4422 3 0 4580 5 0 4588 4 0 4588 5 0 
4412 6 0 4412 5 0 4422 3 0 4580 5 0 4588 4 0 4588 5 0 
0 0 0
0 0 0
0 0 0
0 0 0
0 0 0
0 0 0
0 0 0
