2
2689 2690 2691 2692 2693 2694 
5
4
-4.403098E+01 7.946183E-01 0.000000E+00
-4.422248E+01 -1.091800E-01 0.000000E+00
-4.403098E+01 7.946183E-01 2.000000E+00
-4.422248E+01 -1.091800E-01 2.000000E+00
-4.412673E+01 3.427191E-01 1.000000E+00
0 1 4
1 3 4
3 2 4
2 0 4
2689 4 0 
2689 4 0 
2689 4 0 
2681 4 0 
2681 4 0 
2681 4 0 
2690 4 0 
2690 4 0 
2690 4 0 
2682 4 0 
2682 4 0 
2682 4 0 
2689 4 0 2681 4 0 2690 4 0 2682 4 0 
2689 4 0 2681 4 0 2690 4 0 2682 4 0 
2689 4 0 2681 4 0 2690 4 0 2682 4 0 
0 0 0
0 0 0
0 0 0
0 0 0
0 0 0
