2
2424 2425 2427 2428 2429 2430 2431 
5
4
-1.280683E+01 -8.080689E-01 0.000000E+00
-1.193939E+01 -1.411690E+00 0.000000E+00
-1.280683E+01 -8.080689E-01 2.000000E+00
-1.193939E+01 -1.411690E+00 2.000000E+00
-1.237311E+01 -1.109879E+00 1.000000E+00
0 1 4
1 3 4
3 2 4
2 0 4
2087 4 0 
2087 4 0 
2087 4 0 
2087 3 0 
2087 3 0 
2087 3 0 
2088 4 0 
2088 4 0 
2088 4 0 
2088 3 0 
2088 3 0 
2088 3 0 
2087 4 0 2087 3 0 2088 4 0 2088 3 0 
2087 4 0 2087 3 0 2088 4 0 2088 3 0 
2087 4 0 2087 3 0 2088 4 0 2088 3 0 
0 0 0
0 0 0
0 0 0
0 0 0
0 0 0
