2
2721 2722 2723 2724 2725 2726 2727 
5
4
-5.202417E+01 3.451014E-01 0.000000E+00
-5.087953E+01 -4.746198E-01 0.000000E+00
-5.202417E+01 3.451014E-01 2.000000E+00
-5.087953E+01 -4.746198E-01 2.000000E+00
-5.145185E+01 -6.475921E-02 1.000000E+00
0 1 4
1 3 4
3 2 4
2 0 4
2649 4 0 
2649 4 0 
2649 4 0 
2649 3 0 
2649 3 0 
2649 3 0 
2650 4 0 
2650 4 0 
2650 4 0 
2650 3 0 
2650 3 0 
2650 3 0 
2649 4 0 2649 3 0 2650 4 0 2650 3 0 
2649 4 0 2649 3 0 2650 4 0 2650 3 0 
2649 4 0 2649 3 0 2650 4 0 2650 3 0 
0 0 0
0 0 0
0 0 0
0 0 0
0 0 0
