2
3410 3411 3412 3413 3414 3415 3416 
5
4
5.090207E+01 -2.301622E+00 0.000000E+00
5.011935E+01 -3.316427E+00 0.000000E+00
5.090207E+01 -2.301622E+00 2.000000E+00
5.011935E+01 -3.316427E+00 2.000000E+00
5.051071E+01 -2.809024E+00 1.000000E+00
0 1 4
1 3 4
3 2 4
2 0 4
3410 5 0 
3410 5 0 
3410 5 0 
3402 3 0 
3402 3 0 
3402 3 0 
3411 5 0 
3411 5 0 
3411 5 0 
3403 3 0 
3403 3 0 
3403 3 0 
3410 5 0 3402 3 0 3411 5 0 3403 3 0 
3410 5 0 3402 3 0 3411 5 0 3403 3 0 
3410 5 0 3402 3 0 3411 5 0 3403 3 0 
0 0 0
0 0 0
0 0 0
0 0 0
0 0 0
