2
3857 3858 3859 3861 3862 3863 3864 
5
4
3.396968E+01 1.046931E+00 0.000000E+00
3.489882E+01 1.112635E+00 0.000000E+00
3.396968E+01 1.046931E+00 2.000000E+00
3.489882E+01 1.112635E+00 2.000000E+00
3.443425E+01 1.079783E+00 1.000000E+00
0 1 4
1 3 4
3 2 4
2 0 4
3682 4 0 
3682 4 0 
3682 4 0 
3682 3 0 
3682 3 0 
3682 3 0 
3683 4 0 
3683 4 0 
3683 4 0 
3683 3 0 
3683 3 0 
3683 3 0 
3682 4 0 3682 3 0 3683 4 0 3683 3 0 
3682 4 0 3682 3 0 3683 4 0 3683 3 0 
3682 4 0 3682 3 0 3683 4 0 3683 3 0 
0 0 0
0 0 0
0 0 0
0 0 0
0 0 0
