1
1646 1647 1648 1649 1650 1651 1652 
7
6
-4.082083E+01 -7.114984E+00 0.000000E+00
-3.979894E+01 -6.857663E+00 0.000000E+00
-3.963111E+01 -5.730810E+00 0.000000E+00
-4.056284E+01 -5.138318E+00 0.000000E+00
-4.155295E+01 -5.569532E+00 0.000000E+00
-4.168121E+01 -6.306633E+00 0.000000E+00
-4.067465E+01 -6.119657E+00 0.000000E+00
1 0 6
2 1 6
3 2 6
4 3 6
5 4 6
0 5 6
51 2 0 
51 2 0 
51 2 0 
58 3 0 
58 3 0 
58 3 0 
66 6 0 
66 6 0 
66 6 0 
1637 0 0 
1637 0 0 
1637 0 0 



51 3 0 
51 3 0 
51 3 0 
51 2 0 58 3 0 66 6 0 1637 0 0 1645 4 0 51 3 0 
51 2 0 58 3 0 66 6 0 1637 0 0 1645 4 0 51 3 0 
51 2 0 58 3 0 66 6 0 1637 0 0 1645 4 0 51 3 0 
0 0 0
0 0 0
0 0 0
0 0 0
0 0 0
0 0 0
0 0 0
