0
2087 2089 2090 2091 2092 2093 2094 
7
6
-1.410076E+01 -1.939063E+00 2.000000E+00
-1.334210E+01 -2.602660E+00 2.000000E+00
-1.202935E+01 -2.078029E+00 2.000000E+00
-1.193939E+01 -1.411690E+00 2.000000E+00
-1.280683E+01 -8.080689E-01 2.000000E+00
-1.383749E+01 -1.140864E+00 2.000000E+00
-1.300932E+01 -1.663396E+00 2.000000E+00
6 0 1
6 1 2
6 2 3
6 3 4
6 4 5
6 5 0
1503 5 0 
1503 5 0 
1503 5 0 
1496 3 0 
1496 3 0 
1496 3 0 
1496 2 0 
1496 2 0 
1496 2 0 






2080 2 0 
2080 2 0 
2080 2 0 
1503 5 0 1496 3 0 1496 2 0 2088 3 0 2088 4 0 2080 2 0 
1503 5 0 1496 3 0 1496 2 0 2088 3 0 2088 4 0 2080 2 0 
1503 5 0 1496 3 0 1496 2 0 2088 3 0 2088 4 0 2080 2 0 
0 0 0
0 0 0
0 0 0
0 0 0
0 0 0
0 0 0
0 0 0
