1
2008 2009 2010 2011 2012 2013 2014 
7
6
-2.851371E+01 -3.523951E+00 0.000000E+00
-2.846571E+01 -4.168543E+00 0.000000E+00
-2.712097E+01 -4.601703E+00 0.000000E+00
-2.662673E+01 -4.170083E+00 0.000000E+00
-2.671899E+01 -3.065267E+00 0.000000E+00
-2.729691E+01 -2.765510E+00 0.000000E+00
-2.745717E+01 -3.715843E+00 0.000000E+00
1 0 6
2 1 6
3 2 6
4 3 6
5 4 6
0 5 6
1997 4 0 
1997 4 0 
1997 4 0 
1574 4 0 
1574 4 0 
1574 4 0 
1574 3 0 
1574 3 0 
1574 3 0 









1997 4 0 1574 4 0 1574 3 0 2007 3 0 2007 4 0 2007 5 0 
1997 4 0 1574 4 0 1574 3 0 2007 3 0 2007 4 0 2007 5 0 
1997 4 0 1574 4 0 1574 3 0 2007 3 0 2007 4 0 2007 5 0 
0 0 0
0 0 0
0 0 0
0 0 0
0 0 0
0 0 0
0 0 0
