1
621 622 623 624 625 626 627 
7
6
5.700731E+01 -6.384564E+00 0.000000E+00
5.765835E+01 -7.061441E+00 0.000000E+00
5.867522E+01 -6.805125E+00 0.000000E+00
5.896612E+01 -5.693418E+00 0.000000E+00
5.836032E+01 -5.067781E+00 0.000000E+00
5.727924E+01 -5.344626E+00 0.000000E+00
5.799109E+01 -6.059493E+00 0.000000E+00
1 0 6
2 1 6
3 2 6
4 3 6
5 4 6
0 5 6
589 3 0 
589 3 0 
589 3 0 
589 2 0 
589 2 0 
589 2 0 
596 5 0 
596 5 0 
596 5 0 
612 5 0 
612 5 0 
612 5 0 






589 3 0 589 2 0 596 5 0 612 5 0 620 4 0 620 5 0 
589 3 0 589 2 0 596 5 0 612 5 0 620 4 0 620 5 0 
589 3 0 589 2 0 596 5 0 612 5 0 620 4 0 620 5 0 
0 0 0
0 0 0
0 0 0
0 0 0
0 0 0
0 0 0
0 0 0
