2
2121 2122 2124 2125 2126 2127 2128 
5
4
-7.034264E+00 -2.352587E+00 0.000000E+00
-6.569387E+00 -2.965640E+00 0.000000E+00
-7.034264E+00 -2.352587E+00 2.000000E+00
-6.569387E+00 -2.965640E+00 2.000000E+00
-6.801825E+00 -2.659114E+00 1.000000E+00
0 1 4
1 3 4
3 2 4
2 0 4
1367 4 0 
1367 4 0 
1367 4 0 
1360 4 0 
1360 4 0 
1360 4 0 
1368 4 0 
1368 4 0 
1368 4 0 
1361 4 0 
1361 4 0 
1361 4 0 
1367 4 0 1360 4 0 1368 4 0 1361 4 0 
1367 4 0 1360 4 0 1368 4 0 1361 4 0 
1367 4 0 1360 4 0 1368 4 0 1361 4 0 
0 0 0
0 0 0
0 0 0
0 0 0
0 0 0
