0
4958 4960 4961 4962 4963 4964 4965 
7
6
-2.834442E+01 4.980624E+00 2.000000E+00
-2.763921E+01 4.916508E+00 2.000000E+00
-2.674105E+01 5.859203E+00 2.000000E+00
-2.689720E+01 6.357144E+00 2.000000E+00
-2.845128E+01 6.466792E+00 2.000000E+00
-2.883380E+01 5.754387E+00 2.000000E+00
-2.781783E+01 5.722443E+00 2.000000E+00
6 0 1
6 1 2
6 2 3
6 3 4
6 4 5
6 5 0
4881 5 0 
4881 5 0 
4881 5 0 
4881 4 0 
4881 4 0 
4881 4 0 
4952 4 0 
4952 4 0 
4952 4 0 









4881 5 0 4881 4 0 4952 4 0 4959 3 0 4959 4 0 4959 5 0 
4881 5 0 4881 4 0 4952 4 0 4959 3 0 4959 4 0 4959 5 0 
4881 5 0 4881 4 0 4952 4 0 4959 3 0 4959 4 0 4959 5 0 
0 0 0
0 0 0
0 0 0
0 0 0
0 0 0
0 0 0
0 0 0
