0
5354 5356 5357 5358 5359 5360 5361 5362 5363 
9
8
-6.638075E+00 6.331572E+00 2.000000E+00
-5.760144E+00 6.067895E+00 2.000000E+00
-5.256528E+00 6.377056E+00 2.000000E+00
-5.162252E+00 7.188667E+00 2.000000E+00
-5.681451E+00 7.870036E+00 2.000000E+00
-6.647074E+00 8.137832E+00 2.000000E+00
-7.120935E+00 7.900828E+00 2.000000E+00
-7.253074E+00 7.291245E+00 2.000000E+00
-6.189942E+00 7.145641E+00 2.000000E+00
8 0 1
8 1 2
8 2 3
8 3 4
8 4 5
8 5 6
8 6 7
8 7 0
5254 3 0 
5254 3 0 
5254 3 0 
5254 2 0 
5254 2 0 
5254 2 0 
5261 4 0 
5261 4 0 
5261 4 0 
5347 5 0 
5347 5 0 
5347 5 0 












5254 3 0 5254 2 0 5261 4 0 5347 5 0 5355 4 0 5355 5 0 5355 6 0 5355 7 0 
5254 3 0 5254 2 0 5261 4 0 5347 5 0 5355 4 0 5355 5 0 5355 6 0 5355 7 0 
5254 3 0 5254 2 0 5261 4 0 5347 5 0 5355 4 0 5355 5 0 5355 6 0 5355 7 0 
0 0 0
0 0 0
0 0 0
0 0 0
0 0 0
0 0 0
0 0 0
0 0 0
0 0 0
