2
1446 1447 1448 1449 1450 1451 1452 
5
4
-1.982666E+01 -4.050512E+00 0.000000E+00
-2.054824E+01 -5.002514E+00 0.000000E+00
-1.982666E+01 -4.050512E+00 2.000000E+00
-2.054824E+01 -5.002514E+00 2.000000E+00
-2.018745E+01 -4.526513E+00 1.000000E+00
0 1 4
1 3 4
3 2 4
2 0 4
1446 5 0 
1446 5 0 
1446 5 0 
1438 4 0 
1438 4 0 
1438 4 0 
1447 5 0 
1447 5 0 
1447 5 0 
1439 4 0 
1439 4 0 
1439 4 0 
1446 5 0 1438 4 0 1447 5 0 1439 4 0 
1446 5 0 1438 4 0 1447 5 0 1439 4 0 
1446 5 0 1438 4 0 1447 5 0 1439 4 0 
0 0 0
0 0 0
0 0 0
0 0 0
0 0 0
