2
5919 5920 5921 5922 5923 5924 5926 
5
4
5.986802E+01 4.463289E+00 0.000000E+00
5.899174E+01 4.174802E+00 0.000000E+00
5.986802E+01 4.463289E+00 2.000000E+00
5.899174E+01 4.174802E+00 2.000000E+00
5.942988E+01 4.319046E+00 1.000000E+00
0 1 4
1 3 4
3 2 4
2 0 4
5919 4 0 
5919 4 0 
5919 4 0 
5911 2 0 
5911 2 0 
5911 2 0 
5920 4 0 
5920 4 0 
5920 4 0 
5912 2 0 
5912 2 0 
5912 2 0 
5919 4 0 5911 2 0 5920 4 0 5912 2 0 
5919 4 0 5911 2 0 5920 4 0 5912 2 0 
5919 4 0 5911 2 0 5920 4 0 5912 2 0 
0 0 0
0 0 0
0 0 0
0 0 0
0 0 0
