2
5698 5699 5700 5702 5703 5704 5705 
5
4
-4.581078E+01 6.942404E+00 0.000000E+00
-4.486445E+01 7.845875E+00 0.000000E+00
-4.581078E+01 6.942404E+00 2.000000E+00
-4.486445E+01 7.845875E+00 2.000000E+00
-4.533761E+01 7.394140E+00 1.000000E+00
0 1 4
1 3 4
3 2 4
2 0 4
5660 3 0 
5660 3 0 
5660 3 0 
5668 4 0 
5668 4 0 
5668 4 0 
5661 3 0 
5661 3 0 
5661 3 0 
5669 4 0 
5669 4 0 
5669 4 0 
5660 3 0 5668 4 0 5661 3 0 5669 4 0 
5660 3 0 5668 4 0 5661 3 0 5669 4 0 
5660 3 0 5668 4 0 5661 3 0 5669 4 0 
0 0 0
0 0 0
0 0 0
0 0 0
0 0 0
