2
4966 4967 4968 4969 4970 4972 
5
4
-2.883380E+01 5.754387E+00 0.000000E+00
-3.004589E+01 5.344431E+00 0.000000E+00
-2.883380E+01 5.754387E+00 2.000000E+00
-3.004589E+01 5.344431E+00 2.000000E+00
-2.943985E+01 5.549409E+00 1.000000E+00
0 1 4
1 3 4
3 2 4
2 0 4
4958 5 0 
4958 5 0 
4958 5 0 
4864 4 0 
4864 4 0 
4864 4 0 
4959 5 0 
4959 5 0 
4959 5 0 
4865 4 0 
4865 4 0 
4865 4 0 
4958 5 0 4864 4 0 4959 5 0 4865 4 0 
4958 5 0 4864 4 0 4959 5 0 4865 4 0 
4958 5 0 4864 4 0 4959 5 0 4865 4 0 
0 0 0
0 0 0
0 0 0
0 0 0
0 0 0
