1
1144 1145 1146 1147 1148 1149 1150 1151 
8
7
-8.277527E+00 -5.566370E+00 0.000000E+00
-7.765528E+00 -6.242437E+00 0.000000E+00
-7.033243E+00 -6.198736E+00 0.000000E+00
-6.171932E+00 -5.224210E+00 0.000000E+00
-6.220724E+00 -4.693012E+00 0.000000E+00
-6.949847E+00 -4.177721E+00 0.000000E+00
-7.832708E+00 -4.404849E+00 0.000000E+00
-7.178787E+00 -5.215334E+00 0.000000E+00
1 0 7
2 1 7
3 2 7
4 3 7
5 4 7
6 5 7
0 6 7
220 4 0 
220 4 0 
220 4 0 
220 3 0 
220 3 0 
220 3 0 
229 4 0 
229 4 0 
229 4 0 
1136 4 0 
1136 4 0 
1136 4 0 









220 4 0 220 3 0 229 4 0 1136 4 0 1143 4 0 1143 5 0 1143 6 0 
220 4 0 220 3 0 229 4 0 1136 4 0 1143 4 0 1143 5 0 1143 6 0 
220 4 0 220 3 0 229 4 0 1136 4 0 1143 4 0 1143 5 0 1143 6 0 
0 0 0
0 0 0
0 0 0
0 0 0
0 0 0
0 0 0
0 0 0
0 0 0
