2
3386 3387 3388 3389 3390 3391 3392 
5
4
4.491618E+01 -3.442615E+00 0.000000E+00
4.600941E+01 -4.229934E+00 0.000000E+00
4.491618E+01 -3.442615E+00 2.000000E+00
4.600941E+01 -4.229934E+00 2.000000E+00
4.546279E+01 -3.836274E+00 1.000000E+00
0 1 4
1 3 4
3 2 4
2 0 4
3378 4 0 
3378 4 0 
3378 4 0 
677 4 0 
677 4 0 
677 4 0 
3379 4 0 
3379 4 0 
3379 4 0 
678 4 0 
678 4 0 
678 4 0 
3378 4 0 677 4 0 3379 4 0 678 4 0 
3378 4 0 677 4 0 3379 4 0 678 4 0 
3378 4 0 677 4 0 3379 4 0 678 4 0 
0 0 0
0 0 0
0 0 0
0 0 0
0 0 0
