1
2440 2441 2442 2443 2444 2445 2446 
7
6
-1.525150E+01 -1.937896E-01 0.000000E+00
-1.442415E+01 -2.813719E-01 0.000000E+00
-1.369506E+01 6.910217E-01 0.000000E+00
-1.400834E+01 1.400080E+00 0.000000E+00
-1.498210E+01 1.484357E+00 0.000000E+00
-1.557954E+01 7.886624E-01 0.000000E+00
-1.465678E+01 6.481599E-01 0.000000E+00
1 0 6
2 1 6
3 2 6
4 3 6
5 4 6
0 5 6
2079 4 0 
2079 4 0 
2079 4 0 
2079 3 0 
2079 3 0 
2079 3 0 
2432 4 0 
2432 4 0 
2432 4 0 









2079 4 0 2079 3 0 2432 4 0 2439 3 0 2439 4 0 2439 5 0 
2079 4 0 2079 3 0 2432 4 0 2439 3 0 2439 4 0 2439 5 0 
2079 4 0 2079 3 0 2432 4 0 2439 3 0 2439 4 0 2439 5 0 
0 0 0
0 0 0
0 0 0
0 0 0
0 0 0
0 0 0
0 0 0
