1
5960 5961 5962 5963 5964 5965 5966 5967 
8
7
5.546944E+01 6.572824E+00 0.000000E+00
5.641220E+01 6.088586E+00 0.000000E+00
5.713476E+01 6.427973E+00 0.000000E+00
5.746604E+01 7.489478E+00 0.000000E+00
5.714919E+01 7.999061E+00 0.000000E+00
5.595120E+01 8.188359E+00 0.000000E+00
5.530421E+01 7.617757E+00 0.000000E+00
5.641244E+01 7.197720E+00 0.000000E+00
1 0 7
2 1 7
3 2 7
4 3 7
5 4 7
6 5 7
0 6 7
5896 4 0 
5896 4 0 
5896 4 0 
5896 3 0 
5896 3 0 
5896 3 0 
5936 3 0 
5936 3 0 
5936 3 0 
5944 4 0 
5944 4 0 
5944 4 0 









5896 4 0 5896 3 0 5936 3 0 5944 4 0 5959 4 0 5959 5 0 5959 6 0 
5896 4 0 5896 3 0 5936 3 0 5944 4 0 5959 4 0 5959 5 0 5959 6 0 
5896 4 0 5896 3 0 5936 3 0 5944 4 0 5959 4 0 5959 5 0 5959 6 0 
0 0 0
0 0 0
0 0 0
0 0 0
0 0 0
0 0 0
0 0 0
0 0 0
