1
3426 3427 3428 3429 3430 3431 3432 3433 
8
7
5.181856E+01 -2.366564E+00 0.000000E+00
5.206617E+01 -3.049295E+00 0.000000E+00
5.302304E+01 -3.480445E+00 0.000000E+00
5.362430E+01 -3.197909E+00 0.000000E+00
5.395542E+01 -1.886785E+00 0.000000E+00
5.346604E+01 -1.251512E+00 0.000000E+00
5.242777E+01 -1.351635E+00 0.000000E+00
5.291161E+01 -2.369163E+00 0.000000E+00
1 0 7
2 1 7
3 2 7
4 3 7
5 4 7
6 5 7
0 6 7
3410 4 0 
3410 4 0 
3410 4 0 
3410 3 0 
3410 3 0 
3410 3 0 
643 6 0 
643 6 0 
643 6 0 
643 5 0 
643 5 0 
643 5 0 









3410 4 0 3410 3 0 643 6 0 643 5 0 3425 4 0 3425 5 0 3425 6 0 
3410 4 0 3410 3 0 643 6 0 643 5 0 3425 4 0 3425 5 0 3425 6 0 
3410 4 0 3410 3 0 643 6 0 643 5 0 3425 4 0 3425 5 0 3425 6 0 
0 0 0
0 0 0
0 0 0
0 0 0
0 0 0
0 0 0
0 0 0
0 0 0
