1
3387 3388 3389 3390 3391 3392 3393 
7
6
4.600941E+01 -4.229934E+00 0.000000E+00
4.676326E+01 -3.925556E+00 0.000000E+00
4.689931E+01 -2.992006E+00 0.000000E+00
4.608206E+01 -2.317416E+00 0.000000E+00
4.500714E+01 -2.695947E+00 0.000000E+00
4.491618E+01 -3.442615E+00 0.000000E+00
4.594623E+01 -3.267246E+00 0.000000E+00
1 0 6
2 1 6
3 2 6
4 3 6
5 4 6
0 5 6
677 4 0 
677 4 0 
677 4 0 
677 3 0 
677 3 0 
677 3 0 









3378 4 0 
3378 4 0 
3378 4 0 
677 4 0 677 3 0 3386 2 0 3386 3 0 3386 4 0 3378 4 0 
677 4 0 677 3 0 3386 2 0 3386 3 0 3386 4 0 3378 4 0 
677 4 0 677 3 0 3386 2 0 3386 3 0 3386 4 0 3378 4 0 
0 0 0
0 0 0
0 0 0
0 0 0
0 0 0
0 0 0
0 0 0
