2
2965 2966 2967 2969 2970 2971 2972 
5
4
-3.146847E+01 1.717805E-01 0.000000E+00
-3.069337E+01 1.160135E+00 0.000000E+00
-3.146847E+01 1.717805E-01 2.000000E+00
-3.069337E+01 1.160135E+00 2.000000E+00
-3.108092E+01 6.659576E-01 1.000000E+00
0 1 4
1 3 4
3 2 4
2 0 4
2541 4 0 
2541 4 0 
2541 4 0 
2965 2 0 
2965 2 0 
2965 2 0 
2542 4 0 
2542 4 0 
2542 4 0 
2966 2 0 
2966 2 0 
2966 2 0 
2541 4 0 2965 2 0 2542 4 0 2966 2 0 
2541 4 0 2965 2 0 2542 4 0 2966 2 0 
2541 4 0 2965 2 0 2542 4 0 2966 2 0 
0 0 0
0 0 0
0 0 0
0 0 0
0 0 0
