2
1438 1439 1440 1441 1442 1444 1445 
5
4
-2.030242E+01 -5.573408E+00 0.000000E+00
-2.054824E+01 -5.002514E+00 0.000000E+00
-2.030242E+01 -5.573408E+00 2.000000E+00
-2.054824E+01 -5.002514E+00 2.000000E+00
-2.042533E+01 -5.287961E+00 1.000000E+00
0 1 4
1 3 4
3 2 4
2 0 4
1431 4 0 
1431 4 0 
1431 4 0 
1438 4 0 
1438 4 0 
1438 4 0 
1432 4 0 
1432 4 0 
1432 4 0 
1439 4 0 
1439 4 0 
1439 4 0 
1431 4 0 1438 4 0 1432 4 0 1439 4 0 
1431 4 0 1438 4 0 1432 4 0 1439 4 0 
1431 4 0 1438 4 0 1432 4 0 1439 4 0 
0 0 0
0 0 0
0 0 0
0 0 0
0 0 0
