2
2062 2063 2064 2066 2067 2068 2069 
5
4
-1.931442E+01 -2.304768E+00 0.000000E+00
-1.849733E+01 -2.540523E+00 0.000000E+00
-1.931442E+01 -2.304768E+00 2.000000E+00
-1.849733E+01 -2.540523E+00 2.000000E+00
-1.890587E+01 -2.422645E+00 1.000000E+00
0 1 4
1 3 4
3 2 4
2 0 4
1526 5 0 
1526 5 0 
1526 5 0 
1519 4 0 
1519 4 0 
1519 4 0 
1527 5 0 
1527 5 0 
1527 5 0 
1520 4 0 
1520 4 0 
1520 4 0 
1526 5 0 1519 4 0 1527 5 0 1520 4 0 
1526 5 0 1519 4 0 1527 5 0 1520 4 0 
1526 5 0 1519 4 0 1527 5 0 1520 4 0 
0 0 0
0 0 0
0 0 0
0 0 0
0 0 0
