2
4483 4484 4485 4486 4487 4488 
5
4
2.931604E+01 6.311611E+00 0.000000E+00
2.904735E+01 5.305368E+00 0.000000E+00
2.931604E+01 6.311611E+00 2.000000E+00
2.904735E+01 5.305368E+00 2.000000E+00
2.918170E+01 5.808490E+00 1.000000E+00
0 1 4
1 3 4
3 2 4
2 0 4
4474 4 0 
4474 4 0 
4474 4 0 
4259 3 0 
4259 3 0 
4259 3 0 
4475 4 0 
4475 4 0 
4475 4 0 
4260 3 0 
4260 3 0 
4260 3 0 
4474 4 0 4259 3 0 4475 4 0 4260 3 0 
4474 4 0 4259 3 0 4475 4 0 4260 3 0 
4474 4 0 4259 3 0 4475 4 0 4260 3 0 
0 0 0
0 0 0
0 0 0
0 0 0
0 0 0
