2
3054 3055 3056 3058 3059 3060 
5
4
-1.557954E+01 7.886624E-01 0.000000E+00
-1.498210E+01 1.484357E+00 0.000000E+00
-1.557954E+01 7.886624E-01 2.000000E+00
-1.498210E+01 1.484357E+00 2.000000E+00
-1.528082E+01 1.136510E+00 1.000000E+00
0 1 4
1 3 4
3 2 4
2 0 4
2439 5 0 
2439 5 0 
2439 5 0 
2439 4 0 
2439 4 0 
2439 4 0 
2440 5 0 
2440 5 0 
2440 5 0 
2440 4 0 
2440 4 0 
2440 4 0 
2439 5 0 2439 4 0 2440 5 0 2440 4 0 
2439 5 0 2439 4 0 2440 5 0 2440 4 0 
2439 5 0 2439 4 0 2440 5 0 2440 4 0 
0 0 0
0 0 0
0 0 0
0 0 0
0 0 0
