2
2641 2642 2643 2644 2645 2646 2647 
5
4
-5.389964E+01 -1.620814E+00 0.000000E+00
-5.384953E+01 -2.611546E+00 0.000000E+00
-5.389964E+01 -1.620814E+00 2.000000E+00
-5.384953E+01 -2.611546E+00 2.000000E+00
-5.387458E+01 -2.116180E+00 1.000000E+00
0 1 4
1 3 4
3 2 4
2 0 4
1845 4 0 
1845 4 0 
1845 4 0 
1845 3 0 
1845 3 0 
1845 3 0 
1846 4 0 
1846 4 0 
1846 4 0 
1846 3 0 
1846 3 0 
1846 3 0 
1845 4 0 1845 3 0 1846 4 0 1846 3 0 
1845 4 0 1845 3 0 1846 4 0 1846 3 0 
1845 4 0 1845 3 0 1846 4 0 1846 3 0 
0 0 0
0 0 0
0 0 0
0 0 0
0 0 0
