2
2673 2674 2676 2677 2678 2679 2680 
5
4
-4.693661E+01 -6.543102E-01 0.000000E+00
-4.693126E+01 -1.251061E+00 0.000000E+00
-4.693661E+01 -6.543102E-01 2.000000E+00
-4.693126E+01 -1.251061E+00 2.000000E+00
-4.693393E+01 -9.526854E-01 1.000000E+00
0 1 4
1 3 4
3 2 4
2 0 4
2665 4 0 
2665 4 0 
2665 4 0 
2610 3 0 
2610 3 0 
2610 3 0 
2666 4 0 
2666 4 0 
2666 4 0 
2611 3 0 
2611 3 0 
2611 3 0 
2665 4 0 2610 3 0 2666 4 0 2611 3 0 
2665 4 0 2610 3 0 2666 4 0 2611 3 0 
2665 4 0 2610 3 0 2666 4 0 2611 3 0 
0 0 0
0 0 0
0 0 0
0 0 0
0 0 0
