2
2518 2519 2520 2521 2522 2524 2525 
5
4
-2.884742E+01 -7.849718E-01 0.000000E+00
-2.927226E+01 -6.932010E-01 0.000000E+00
-2.884742E+01 -7.849718E-01 2.000000E+00
-2.927226E+01 -6.932010E-01 2.000000E+00
-2.905984E+01 -7.390864E-01 1.000000E+00
0 1 4
1 3 4
3 2 4
2 0 4
2518 3 0 
2518 3 0 
2518 3 0 
2518 4 0 
2518 4 0 
2518 4 0 
2519 3 0 
2519 3 0 
2519 3 0 
2519 4 0 
2519 4 0 
2519 4 0 
2518 3 0 2518 4 0 2519 3 0 2519 4 0 
2518 3 0 2518 4 0 2519 3 0 2519 4 0 
2518 3 0 2518 4 0 2519 3 0 2519 4 0 
0 0 0
0 0 0
0 0 0
0 0 0
0 0 0
