2
4436 4437 4438 4439 4440 4441 4443 
5
4
2.125361E+01 6.042258E+00 0.000000E+00
2.025102E+01 5.314611E+00 0.000000E+00
2.125361E+01 6.042258E+00 2.000000E+00
2.025102E+01 5.314611E+00 2.000000E+00
2.075231E+01 5.678435E+00 1.000000E+00
0 1 4
1 3 4
3 2 4
2 0 4
4436 4 0 
4436 4 0 
4436 4 0 
4428 3 0 
4428 3 0 
4428 3 0 
4437 4 0 
4437 4 0 
4437 4 0 
4429 3 0 
4429 3 0 
4429 3 0 
4436 4 0 4428 3 0 4437 4 0 4429 3 0 
4436 4 0 4428 3 0 4437 4 0 4429 3 0 
4436 4 0 4428 3 0 4437 4 0 4429 3 0 
0 0 0
0 0 0
0 0 0
0 0 0
0 0 0
