2
2927 2928 2930 2931 2932 2933 2934 
5
4
-3.669483E+01 4.371089E-01 0.000000E+00
-3.644787E+01 -1.967959E-01 0.000000E+00
-3.669483E+01 4.371089E-01 2.000000E+00
-3.644787E+01 -1.967959E-01 2.000000E+00
-3.657135E+01 1.201565E-01 1.000000E+00
0 1 4
1 3 4
3 2 4
2 0 4
2919 3 0 
2919 3 0 
2919 3 0 
2559 5 0 
2559 5 0 
2559 5 0 
2920 3 0 
2920 3 0 
2920 3 0 
2560 5 0 
2560 5 0 
2560 5 0 
2919 3 0 2559 5 0 2920 3 0 2560 5 0 
2919 3 0 2559 5 0 2920 3 0 2560 5 0 
2919 3 0 2559 5 0 2920 3 0 2560 5 0 
0 0 0
0 0 0
0 0 0
0 0 0
0 0 0
