2
5507 5508 5509 5510 5511 5512 5514 5515 
5
4
-4.620335E+01 5.069597E+00 0.000000E+00
-4.705611E+01 5.379570E+00 0.000000E+00
-4.620335E+01 5.069597E+00 2.000000E+00
-4.705611E+01 5.379570E+00 2.000000E+00
-4.662973E+01 5.224583E+00 1.000000E+00
0 1 4
1 3 4
3 2 4
2 0 4
5498 6 0 
5498 6 0 
5498 6 0 
5507 5 0 
5507 5 0 
5507 5 0 
5499 6 0 
5499 6 0 
5499 6 0 
5508 5 0 
5508 5 0 
5508 5 0 
5498 6 0 5507 5 0 5499 6 0 5508 5 0 
5498 6 0 5507 5 0 5499 6 0 5508 5 0 
5498 6 0 5507 5 0 5499 6 0 5508 5 0 
0 0 0
0 0 0
0 0 0
0 0 0
0 0 0
