2
5984 5985 5986 5988 5989 5990 5991 
5
4
5.162154E+01 6.898380E+00 0.000000E+00
5.263857E+01 7.448242E+00 0.000000E+00
5.162154E+01 6.898380E+00 2.000000E+00
5.263857E+01 7.448242E+00 2.000000E+00
5.213006E+01 7.173311E+00 1.000000E+00
0 1 4
1 3 4
3 2 4
2 0 4
5870 4 0 
5870 4 0 
5870 4 0 
5976 4 0 
5976 4 0 
5976 4 0 
5871 4 0 
5871 4 0 
5871 4 0 
5977 4 0 
5977 4 0 
5977 4 0 
5870 4 0 5976 4 0 5871 4 0 5977 4 0 
5870 4 0 5976 4 0 5871 4 0 5977 4 0 
5870 4 0 5976 4 0 5871 4 0 5977 4 0 
0 0 0
0 0 0
0 0 0
0 0 0
0 0 0
