2
1263 1264 1265 1266 1268 1269 1270 
5
4
1.379846E+01 -3.362722E+00 0.000000E+00
1.405072E+01 -2.437815E+00 0.000000E+00
1.379846E+01 -3.362722E+00 2.000000E+00
1.405072E+01 -2.437815E+00 2.000000E+00
1.392459E+01 -2.900268E+00 1.000000E+00
0 1 4
1 3 4
3 2 4
2 0 4
1247 4 0 
1247 4 0 
1247 4 0 
1255 5 0 
1255 5 0 
1255 5 0 
1248 4 0 
1248 4 0 
1248 4 0 
1256 5 0 
1256 5 0 
1256 5 0 
1247 4 0 1255 5 0 1248 4 0 1256 5 0 
1247 4 0 1255 5 0 1248 4 0 1256 5 0 
1247 4 0 1255 5 0 1248 4 0 1256 5 0 
0 0 0
0 0 0
0 0 0
0 0 0
0 0 0
