2
1006 1007 1008 1009 1010 1011 1012 1014 
5
4
2.039955E+01 -1.357827E+00 0.000000E+00
1.924696E+01 -1.930177E+00 0.000000E+00
2.039955E+01 -1.357827E+00 2.000000E+00
1.924696E+01 -1.930177E+00 2.000000E+00
1.982326E+01 -1.644002E+00 1.000000E+00
0 1 4
1 3 4
3 2 4
2 0 4
1006 5 0 
1006 5 0 
1006 5 0 
1006 6 0 
1006 6 0 
1006 6 0 
1007 5 0 
1007 5 0 
1007 5 0 
1007 6 0 
1007 6 0 
1007 6 0 
1006 5 0 1006 6 0 1007 5 0 1007 6 0 
1006 5 0 1006 6 0 1007 5 0 1007 6 0 
1006 5 0 1006 6 0 1007 5 0 1007 6 0 
0 0 0
0 0 0
0 0 0
0 0 0
0 0 0
