1
3228 3229 3230 3231 3232 3233 3234 
7
6
1.540184E+01 8.222071E-01 0.000000E+00
1.600738E+01 4.467781E-01 0.000000E+00
1.703989E+01 9.794456E-01 0.000000E+00
1.703941E+01 1.920334E+00 0.000000E+00
1.605899E+01 2.396401E+00 0.000000E+00
1.538450E+01 1.934458E+00 0.000000E+00
1.615534E+01 1.416604E+00 0.000000E+00
1 0 6
2 1 6
3 2 6
4 3 6
5 4 6
0 5 6
2273 4 0 
2273 4 0 
2273 4 0 
2266 4 0 
2266 4 0 
2266 4 0 
2266 3 0 
2266 3 0 
2266 3 0 






3220 2 0 
3220 2 0 
3220 2 0 
2273 4 0 2266 4 0 2266 3 0 3227 3 0 3227 4 0 3220 2 0 
2273 4 0 2266 4 0 2266 3 0 3227 3 0 3227 4 0 3220 2 0 
2273 4 0 2266 4 0 2266 3 0 3227 3 0 3227 4 0 3220 2 0 
0 0 0
0 0 0
0 0 0
0 0 0
0 0 0
0 0 0
0 0 0
