2
5598 5599 5600 5601 5602 5603 5605 5606 
5
4
-5.712763E+01 6.171851E+00 0.000000E+00
-5.782505E+01 6.504087E+00 0.000000E+00
-5.712763E+01 6.171851E+00 2.000000E+00
-5.782505E+01 6.504087E+00 2.000000E+00
-5.747634E+01 6.337969E+00 1.000000E+00
0 1 4
1 3 4
3 2 4
2 0 4
5598 4 0 
5598 4 0 
5598 4 0 
5598 5 0 
5598 5 0 
5598 5 0 
5599 4 0 
5599 4 0 
5599 4 0 
5599 5 0 
5599 5 0 
5599 5 0 
5598 4 0 5598 5 0 5599 4 0 5599 5 0 
5598 4 0 5598 5 0 5599 4 0 5599 5 0 
5598 4 0 5598 5 0 5599 4 0 5599 5 0 
0 0 0
0 0 0
0 0 0
0 0 0
0 0 0
