0
5237 5239 5240 5241 5242 5243 5244 
7
6
-1.010855E+01 4.002206E+00 2.000000E+00
-8.933584E+00 3.653495E+00 2.000000E+00
-8.454388E+00 4.141853E+00 2.000000E+00
-8.743313E+00 5.271186E+00 2.000000E+00
-9.773360E+00 5.642129E+00 2.000000E+00
-1.034253E+01 5.179262E+00 2.000000E+00
-9.392621E+00 4.648355E+00 2.000000E+00
6 0 1
6 1 2
6 2 3
6 3 4
6 4 5
6 5 0
4724 4 0 
4724 4 0 
4724 4 0 
4716 5 0 
4716 5 0 
4716 5 0 
4716 4 0 
4716 4 0 
4716 4 0 






5230 3 0 
5230 3 0 
5230 3 0 
4724 4 0 4716 5 0 4716 4 0 5238 3 0 5238 4 0 5230 3 0 
4724 4 0 4716 5 0 4716 4 0 5238 3 0 5238 4 0 5230 3 0 
4724 4 0 4716 5 0 4716 4 0 5238 3 0 5238 4 0 5230 3 0 
0 0 0
0 0 0
0 0 0
0 0 0
0 0 0
0 0 0
0 0 0
