2
1446 1447 1448 1449 1450 1452 1453 
5
4
-1.842614E+01 -5.067943E+00 0.000000E+00
-1.866354E+01 -4.229642E+00 0.000000E+00
-1.842614E+01 -5.067943E+00 2.000000E+00
-1.866354E+01 -4.229642E+00 2.000000E+00
-1.854484E+01 -4.648793E+00 1.000000E+00
0 1 4
1 3 4
3 2 4
2 0 4
1423 4 0 
1423 4 0 
1423 4 0 
1446 4 0 
1446 4 0 
1446 4 0 
1424 4 0 
1424 4 0 
1424 4 0 
1447 4 0 
1447 4 0 
1447 4 0 
1423 4 0 1446 4 0 1424 4 0 1447 4 0 
1423 4 0 1446 4 0 1424 4 0 1447 4 0 
1423 4 0 1446 4 0 1424 4 0 1447 4 0 
0 0 0
0 0 0
0 0 0
0 0 0
0 0 0
