0
846 848 849 850 851 852 853 
7
6
1.907168E+01 -5.367716E+00 2.000000E+00
2.011675E+01 -5.597861E+00 2.000000E+00
2.070651E+01 -4.698444E+00 2.000000E+00
2.015146E+01 -3.544836E+00 2.000000E+00
1.959300E+01 -3.471916E+00 2.000000E+00
1.883217E+01 -4.333648E+00 2.000000E+00
1.974526E+01 -4.502403E+00 2.000000E+00
6 0 1
6 1 2
6 2 3
6 3 4
6 4 5
6 5 0
815 5 0 
815 5 0 
815 5 0 
806 0 0 
806 0 0 
806 0 0 
806 6 0 
806 6 0 
806 6 0 






839 3 0 
839 3 0 
839 3 0 
815 5 0 806 0 0 806 6 0 847 3 0 847 4 0 839 3 0 
815 5 0 806 0 0 806 6 0 847 3 0 847 4 0 839 3 0 
815 5 0 806 0 0 806 6 0 847 3 0 847 4 0 839 3 0 
0 0 0
0 0 0
0 0 0
0 0 0
0 0 0
0 0 0
0 0 0
