2
4595 4596 4597 4598 4599 4600 4601 
5
4
1.458113E+01 6.932400E+00 0.000000E+00
1.464458E+01 6.057468E+00 0.000000E+00
1.458113E+01 6.932400E+00 2.000000E+00
1.464458E+01 6.057468E+00 2.000000E+00
1.461285E+01 6.494934E+00 1.000000E+00
0 1 4
1 3 4
3 2 4
2 0 4
4595 5 0 
4595 5 0 
4595 5 0 
4404 3 0 
4404 3 0 
4404 3 0 
4596 5 0 
4596 5 0 
4596 5 0 
4405 3 0 
4405 3 0 
4405 3 0 
4595 5 0 4404 3 0 4596 5 0 4405 3 0 
4595 5 0 4404 3 0 4596 5 0 4405 3 0 
4595 5 0 4404 3 0 4596 5 0 4405 3 0 
0 0 0
0 0 0
0 0 0
0 0 0
0 0 0
