1
870 871 872 873 874 875 876 877 
8
7
2.338236E+01 -4.320773E+00 0.000000E+00
2.374267E+01 -4.605660E+00 0.000000E+00
2.503698E+01 -4.439388E+00 0.000000E+00
2.556738E+01 -3.779261E+00 0.000000E+00
2.540766E+01 -3.144706E+00 0.000000E+00
2.449019E+01 -2.781596E+00 0.000000E+00
2.344739E+01 -3.416297E+00 0.000000E+00
2.443923E+01 -3.783954E+00 0.000000E+00
1 0 7
2 1 7
3 2 7
4 3 7
5 4 7
6 5 7
0 6 7
797 4 0 
797 4 0 
797 4 0 
797 3 0 
797 3 0 
797 3 0 












861 3 0 
861 3 0 
861 3 0 
797 4 0 797 3 0 869 2 0 869 3 0 869 4 0 869 5 0 861 3 0 
797 4 0 797 3 0 869 2 0 869 3 0 869 4 0 869 5 0 861 3 0 
797 4 0 797 3 0 869 2 0 869 3 0 869 4 0 869 5 0 861 3 0 
0 0 0
0 0 0
0 0 0
0 0 0
0 0 0
0 0 0
0 0 0
0 0 0
