2
1078 1079 1080 1081 1082 1084 1085 1086 
5
4
6.101817E+00 -4.668527E+00 0.000000E+00
5.342437E+00 -4.546166E+00 0.000000E+00
6.101817E+00 -4.668527E+00 2.000000E+00
5.342437E+00 -4.546166E+00 2.000000E+00
5.722127E+00 -4.607346E+00 1.000000E+00
0 1 4
1 3 4
3 2 4
2 0 4
1078 3 0 
1078 3 0 
1078 3 0 
1078 4 0 
1078 4 0 
1078 4 0 
1079 3 0 
1079 3 0 
1079 3 0 
1079 4 0 
1079 4 0 
1079 4 0 
1078 3 0 1078 4 0 1079 3 0 1079 4 0 
1078 3 0 1078 4 0 1079 3 0 1079 4 0 
1078 3 0 1078 4 0 1079 3 0 1079 4 0 
0 0 0
0 0 0
0 0 0
0 0 0
0 0 0
