2
2178 2179 2180 2181 2182 2183 2185 
5
4
4.228280E+00 -4.827972E-02 0.000000E+00
3.620513E+00 -7.048420E-01 0.000000E+00
4.228280E+00 -4.827972E-02 2.000000E+00
3.620513E+00 -7.048420E-01 2.000000E+00
3.924397E+00 -3.765609E-01 1.000000E+00
0 1 4
1 3 4
3 2 4
2 0 4
2170 2 0 
2170 2 0 
2170 2 0 
1312 3 0 
1312 3 0 
1312 3 0 
2171 2 0 
2171 2 0 
2171 2 0 
1313 3 0 
1313 3 0 
1313 3 0 
2170 2 0 1312 3 0 2171 2 0 1313 3 0 
2170 2 0 1312 3 0 2171 2 0 1313 3 0 
2170 2 0 1312 3 0 2171 2 0 1313 3 0 
0 0 0
0 0 0
0 0 0
0 0 0
0 0 0
