2
5307 5308 5309 5310 5311 5312 
5
4
2.671251E+00 8.056058E+00 0.000000E+00
2.522848E+00 6.864700E+00 0.000000E+00
2.671251E+00 8.056058E+00 2.000000E+00
2.522848E+00 6.864700E+00 2.000000E+00
2.597049E+00 7.460379E+00 1.000000E+00
0 1 4
1 3 4
3 2 4
2 0 4
5299 2 0 
5299 2 0 
5299 2 0 
4658 4 0 
4658 4 0 
4658 4 0 
5300 2 0 
5300 2 0 
5300 2 0 
4659 4 0 
4659 4 0 
4659 4 0 
5299 2 0 4658 4 0 5300 2 0 4659 4 0 
5299 2 0 4658 4 0 5300 2 0 4659 4 0 
5299 2 0 4658 4 0 5300 2 0 4659 4 0 
0 0 0
0 0 0
0 0 0
0 0 0
0 0 0
