6
5134 5135 5136 5137 5139 5140 5141 
5
4
-2.746441E+01 7.915941E+00 0.000000E+00
-2.752473E+01 8.451404E+00 0.000000E+00
-2.746441E+01 7.915941E+00 2.000000E+00
-2.752473E+01 8.451404E+00 2.000000E+00
-2.749457E+01 8.183673E+00 1.000000E+00
0 1 4
1 3 4
3 2 4
2 0 4
5134 2 0 
5134 2 0 
5134 2 0 
5134 3 0 
5134 3 0 
5134 3 0 
5135 2 0 
5135 2 0 
5135 2 0 
5135 3 0 
5135 3 0 
5135 3 0 
5134 2 0 5134 3 0 5135 2 0 5135 3 0 
5134 2 0 5134 3 0 5135 2 0 5135 3 0 
5134 2 0 5134 3 0 5135 2 0 5135 3 0 
0 0 0
0 0 0
0 0 0
0 0 0
0 0 0
