2
5589 5590 5591 5592 5593 5595 5596 5597 
5
4
-5.848907E+01 6.112244E+00 0.000000E+00
-5.935756E+01 6.575516E+00 0.000000E+00
-5.848907E+01 6.112244E+00 2.000000E+00
-5.935756E+01 6.575516E+00 2.000000E+00
-5.892331E+01 6.343880E+00 1.000000E+00
0 1 4
1 3 4
3 2 4
2 0 4
5589 3 0 
5589 3 0 
5589 3 0 
5589 4 0 
5589 4 0 
5589 4 0 
5590 3 0 
5590 3 0 
5590 3 0 
5590 4 0 
5590 4 0 
5590 4 0 
5589 3 0 5589 4 0 5590 3 0 5590 4 0 
5589 3 0 5589 4 0 5590 3 0 5590 4 0 
5589 3 0 5589 4 0 5590 3 0 5590 4 0 
0 0 0
0 0 0
0 0 0
0 0 0
0 0 0
