1
3078 3079 3080 3081 3082 3083 
6
5
-1.233097E+01 6.844172E-01 0.000000E+00
-1.134294E+01 2.060257E-01 0.000000E+00
-1.066005E+01 7.981013E-01 0.000000E+00
-1.104273E+01 1.975580E+00 0.000000E+00
-1.215549E+01 1.924875E+00 0.000000E+00
-1.150644E+01 1.117800E+00 0.000000E+00
1 0 5
2 1 5
3 2 5
4 3 5
0 4 5
2424 4 0 
2424 4 0 
2424 4 0 
2416 5 0 
2416 5 0 
2416 5 0 
2416 4 0 
2416 4 0 
2416 4 0 



3068 4 0 
3068 4 0 
3068 4 0 
2424 4 0 2416 5 0 2416 4 0 3077 3 0 3068 4 0 
2424 4 0 2416 5 0 2416 4 0 3077 3 0 3068 4 0 
2424 4 0 2416 5 0 2416 4 0 3077 3 0 3068 4 0 
0 0 0
0 0 0
0 0 0
0 0 0
0 0 0
0 0 0
