2
1787 1788 1789 1790 1792 1793 1794 1795 
5
4
-5.548161E+01 -4.891034E+00 0.000000E+00
-5.478775E+01 -3.800990E+00 0.000000E+00
-5.548161E+01 -4.891034E+00 2.000000E+00
-5.478775E+01 -3.800990E+00 2.000000E+00
-5.513468E+01 -4.346012E+00 1.000000E+00
0 1 4
1 3 4
3 2 4
2 0 4
1773 4 0 
1773 4 0 
1773 4 0 
1781 3 0 
1781 3 0 
1781 3 0 
1774 4 0 
1774 4 0 
1774 4 0 
1782 3 0 
1782 3 0 
1782 3 0 
1773 4 0 1781 3 0 1774 4 0 1782 3 0 
1773 4 0 1781 3 0 1774 4 0 1782 3 0 
1773 4 0 1781 3 0 1774 4 0 1782 3 0 
0 0 0
0 0 0
0 0 0
0 0 0
0 0 0
