0
4018 4020 4021 4022 4023 4024 
6
5
3.822167E+01 3.453819E+00 2.000000E+00
3.893239E+01 3.313151E+00 2.000000E+00
3.973083E+01 4.208773E+00 2.000000E+00
3.944593E+01 5.027226E+00 2.000000E+00
3.817157E+01 4.878856E+00 2.000000E+00
3.890048E+01 4.176365E+00 2.000000E+00
5 0 1
5 1 2
5 2 3
5 3 4
5 4 0
3834 4 0 
3834 4 0 
3834 4 0 
3834 3 0 
3834 3 0 
3834 3 0 






4010 4 0 
4010 4 0 
4010 4 0 
3834 4 0 3834 3 0 4019 2 0 4019 3 0 4010 4 0 
3834 4 0 3834 3 0 4019 2 0 4019 3 0 4010 4 0 
3834 4 0 3834 3 0 4019 2 0 4019 3 0 4010 4 0 
0 0 0
0 0 0
0 0 0
0 0 0
0 0 0
0 0 0
