2
4106 4107 4108 4110 4111 4112 
5
4
5.517027E+01 1.074312E+00 0.000000E+00
5.608482E+01 1.758440E+00 0.000000E+00
5.517027E+01 1.074312E+00 2.000000E+00
5.608482E+01 1.758440E+00 2.000000E+00
5.562754E+01 1.416376E+00 1.000000E+00
0 1 4
1 3 4
3 2 4
2 0 4
3544 6 0 
3544 6 0 
3544 6 0 
3544 5 0 
3544 5 0 
3544 5 0 
3545 6 0 
3545 6 0 
3545 6 0 
3545 5 0 
3545 5 0 
3545 5 0 
3544 6 0 3544 5 0 3545 6 0 3545 5 0 
3544 6 0 3544 5 0 3545 6 0 3545 5 0 
3544 6 0 3544 5 0 3545 6 0 3545 5 0 
0 0 0
0 0 0
0 0 0
0 0 0
0 0 0
