2
5166 5167 5168 5169 5170 5172 5173 5174 
5
4
-2.160662E+01 6.724908E+00 0.000000E+00
-2.167910E+01 7.850383E+00 0.000000E+00
-2.160662E+01 6.724908E+00 2.000000E+00
-2.167910E+01 7.850383E+00 2.000000E+00
-2.164286E+01 7.287645E+00 1.000000E+00
0 1 4
1 3 4
3 2 4
2 0 4
5166 3 0 
5166 3 0 
5166 3 0 
5166 4 0 
5166 4 0 
5166 4 0 
5167 3 0 
5167 3 0 
5167 3 0 
5167 4 0 
5167 4 0 
5167 4 0 
5166 3 0 5166 4 0 5167 3 0 5167 4 0 
5166 3 0 5166 4 0 5167 3 0 5167 4 0 
5166 3 0 5166 4 0 5167 3 0 5167 4 0 
0 0 0
0 0 0
0 0 0
0 0 0
0 0 0
