2
5338 5339 5341 5342 5343 5344 5345 
5
4
-3.401946E+00 6.398136E+00 0.000000E+00
-2.634182E+00 6.044820E+00 0.000000E+00
-3.401946E+00 6.398136E+00 2.000000E+00
-2.634182E+00 6.044820E+00 2.000000E+00
-3.018064E+00 6.221478E+00 1.000000E+00
0 1 4
1 3 4
3 2 4
2 0 4
5268 4 0 
5268 4 0 
5268 4 0 
5268 3 0 
5268 3 0 
5268 3 0 
5269 4 0 
5269 4 0 
5269 4 0 
5269 3 0 
5269 3 0 
5269 3 0 
5268 4 0 5268 3 0 5269 4 0 5269 3 0 
5268 4 0 5268 3 0 5269 4 0 5269 3 0 
5268 4 0 5268 3 0 5269 4 0 5269 3 0 
0 0 0
0 0 0
0 0 0
0 0 0
0 0 0
