2
2713 2714 2716 2717 2718 2719 2720 
5
4
-4.896207E+01 -6.808125E-01 0.000000E+00
-4.792461E+01 -1.026528E-01 0.000000E+00
-4.896207E+01 -6.808125E-01 2.000000E+00
-4.792461E+01 -1.026528E-01 2.000000E+00
-4.844334E+01 -3.917327E-01 1.000000E+00
0 1 4
1 3 4
3 2 4
2 0 4
2657 3 0 
2657 3 0 
2657 3 0 
2665 5 0 
2665 5 0 
2665 5 0 
2658 3 0 
2658 3 0 
2658 3 0 
2666 5 0 
2666 5 0 
2666 5 0 
2657 3 0 2665 5 0 2658 3 0 2666 5 0 
2657 3 0 2665 5 0 2658 3 0 2666 5 0 
2657 3 0 2665 5 0 2658 3 0 2666 5 0 
0 0 0
0 0 0
0 0 0
0 0 0
0 0 0
