2
5683 5684 5686 5687 5688 5689 
5
4
-4.401768E+01 6.622378E+00 0.000000E+00
-4.289153E+01 6.148063E+00 0.000000E+00
-4.401768E+01 6.622378E+00 2.000000E+00
-4.289153E+01 6.148063E+00 2.000000E+00
-4.345461E+01 6.385221E+00 1.000000E+00
0 1 4
1 3 4
3 2 4
2 0 4
5668 2 0 
5668 2 0 
5668 2 0 
5482 6 0 
5482 6 0 
5482 6 0 
5669 2 0 
5669 2 0 
5669 2 0 
5483 6 0 
5483 6 0 
5483 6 0 
5668 2 0 5482 6 0 5669 2 0 5483 6 0 
5668 2 0 5482 6 0 5669 2 0 5483 6 0 
5668 2 0 5482 6 0 5669 2 0 5483 6 0 
0 0 0
0 0 0
0 0 0
0 0 0
0 0 0
