0
2602 2604 2605 2606 2607 2608 2609 
7
6
-4.635983E+01 -2.807816E+00 2.000000E+00
-4.592412E+01 -3.233729E+00 2.000000E+00
-4.443069E+01 -2.855457E+00 2.000000E+00
-4.421632E+01 -2.078499E+00 2.000000E+00
-4.501152E+01 -1.419361E+00 2.000000E+00
-4.611595E+01 -1.833128E+00 2.000000E+00
-4.534307E+01 -2.371332E+00 2.000000E+00
6 0 1
6 1 2
6 2 3
6 3 4
6 4 5
6 5 0
1888 4 0 
1888 4 0 
1888 4 0 
1888 3 0 
1888 3 0 
1888 3 0 
1897 3 0 
1897 3 0 
1897 3 0 
2594 6 0 
2594 6 0 
2594 6 0 






1888 4 0 1888 3 0 1897 3 0 2594 6 0 2603 4 0 2603 5 0 
1888 4 0 1888 3 0 1897 3 0 2594 6 0 2603 4 0 2603 5 0 
1888 4 0 1888 3 0 1897 3 0 2594 6 0 2603 4 0 2603 5 0 
0 0 0
0 0 0
0 0 0
0 0 0
0 0 0
0 0 0
0 0 0
