2
5582 5583 5584 5585 5587 5588 
5
4
-5.982116E+01 4.432821E+00 0.000000E+00
-6.017270E+01 5.422443E+00 0.000000E+00
-5.982116E+01 4.432821E+00 2.000000E+00
-6.017270E+01 5.422443E+00 2.000000E+00
-5.999693E+01 4.927632E+00 1.000000E+00
0 1 4
1 3 4
3 2 4
2 0 4
5574 4 0 
5574 4 0 
5574 4 0 
5582 3 0 
5582 3 0 
5582 3 0 
5575 4 0 
5575 4 0 
5575 4 0 
5583 3 0 
5583 3 0 
5583 3 0 
5574 4 0 5582 3 0 5575 4 0 5583 3 0 
5574 4 0 5582 3 0 5575 4 0 5583 3 0 
5574 4 0 5582 3 0 5575 4 0 5583 3 0 
0 0 0
0 0 0
0 0 0
0 0 0
0 0 0
