2
5403 5404 5405 5406 5408 5409 
5
4
-1.376882E+01 6.558117E+00 0.000000E+00
-1.408964E+01 7.450593E+00 0.000000E+00
-1.376882E+01 6.558117E+00 2.000000E+00
-1.408964E+01 7.450593E+00 2.000000E+00
-1.392923E+01 7.004355E+00 1.000000E+00
0 1 4
1 3 4
3 2 4
2 0 4
5395 5 0 
5395 5 0 
5395 5 0 
5403 3 0 
5403 3 0 
5403 3 0 
5396 5 0 
5396 5 0 
5396 5 0 
5404 3 0 
5404 3 0 
5404 3 0 
5395 5 0 5403 3 0 5396 5 0 5404 3 0 
5395 5 0 5403 3 0 5396 5 0 5404 3 0 
5395 5 0 5403 3 0 5396 5 0 5404 3 0 
0 0 0
0 0 0
0 0 0
0 0 0
0 0 0
