1
3619 3620 3621 3622 3623 3624 3625 
7
6
4.146960E+01 -2.944933E+00 0.000000E+00
4.270278E+01 -3.034134E+00 0.000000E+00
4.321519E+01 -2.174607E+00 0.000000E+00
4.276651E+01 -1.386327E+00 0.000000E+00
4.158262E+01 -1.219352E+00 0.000000E+00
4.100649E+01 -1.902319E+00 0.000000E+00
4.212387E+01 -2.110279E+00 0.000000E+00
1 0 6
2 1 6
3 2 6
4 3 6
5 4 6
0 5 6
3355 3 0 
3355 3 0 
3355 3 0 
3363 3 0 
3363 3 0 
3363 3 0 
3609 6 0 
3609 6 0 
3609 6 0 






3355 4 0 
3355 4 0 
3355 4 0 
3355 3 0 3363 3 0 3609 6 0 3618 3 0 3618 4 0 3355 4 0 
3355 3 0 3363 3 0 3609 6 0 3618 3 0 3618 4 0 3355 4 0 
3355 3 0 3363 3 0 3609 6 0 3618 3 0 3618 4 0 3355 4 0 
0 0 0
0 0 0
0 0 0
0 0 0
0 0 0
0 0 0
0 0 0
