2
5094 5095 5096 5098 5099 5100 5101 5102 
5
4
-3.609924E+01 6.134248E+00 0.000000E+00
-3.541269E+01 6.386786E+00 0.000000E+00
-3.609924E+01 6.134248E+00 2.000000E+00
-3.541269E+01 6.386786E+00 2.000000E+00
-3.575597E+01 6.260517E+00 1.000000E+00
0 1 4
1 3 4
3 2 4
2 0 4
4999 5 0 
4999 5 0 
4999 5 0 
4999 4 0 
4999 4 0 
4999 4 0 
5000 5 0 
5000 5 0 
5000 5 0 
5000 4 0 
5000 4 0 
5000 4 0 
4999 5 0 4999 4 0 5000 5 0 5000 4 0 
4999 5 0 4999 4 0 5000 5 0 5000 4 0 
4999 5 0 4999 4 0 5000 5 0 5000 4 0 
0 0 0
0 0 0
0 0 0
0 0 0
0 0 0
