1
5897 5898 5899 5900 5901 5902 5903 
7
6
5.475662E+01 4.759203E+00 0.000000E+00
5.557468E+01 4.535966E+00 0.000000E+00
5.640183E+01 5.155652E+00 0.000000E+00
5.641220E+01 6.088586E+00 0.000000E+00
5.546944E+01 6.572824E+00 0.000000E+00
5.451177E+01 5.799871E+00 0.000000E+00
5.552109E+01 5.485350E+00 0.000000E+00
1 0 6
2 1 6
3 2 6
4 3 6
5 4 6
0 5 6
4121 4 0 
4121 4 0 
4121 4 0 
4121 3 0 
4121 3 0 
4121 3 0 









5888 3 0 
5888 3 0 
5888 3 0 
4121 4 0 4121 3 0 5896 2 0 5896 3 0 5896 4 0 5888 3 0 
4121 4 0 4121 3 0 5896 2 0 5896 3 0 5896 4 0 5888 3 0 
4121 4 0 4121 3 0 5896 2 0 5896 3 0 5896 4 0 5888 3 0 
0 0 0
0 0 0
0 0 0
0 0 0
0 0 0
0 0 0
0 0 0
