1
3883 3884 3885 3886 3887 3888 3889 
7
6
2.799157E+01 6.556901E-01 0.000000E+00
2.883769E+01 -4.771365E-02 0.000000E+00
3.001573E+01 3.484045E-01 0.000000E+00
3.015259E+01 1.122180E+00 0.000000E+00
2.926772E+01 1.936193E+00 0.000000E+00
2.818875E+01 1.655830E+00 0.000000E+00
2.907568E+01 9.450972E-01 0.000000E+00
1 0 6
2 1 6
3 2 6
4 3 6
5 4 6
0 5 6
3292 4 0 
3292 4 0 
3292 4 0 
3292 3 0 
3292 3 0 
3292 3 0 
3300 4 0 
3300 4 0 
3300 4 0 
3873 6 0 
3873 6 0 
3873 6 0 






3292 4 0 3292 3 0 3300 4 0 3873 6 0 3882 4 0 3882 5 0 
3292 4 0 3292 3 0 3300 4 0 3873 6 0 3882 4 0 3882 5 0 
3292 4 0 3292 3 0 3300 4 0 3873 6 0 3882 4 0 3882 5 0 
0 0 0
0 0 0
0 0 0
0 0 0
0 0 0
0 0 0
0 0 0
