0
3764 3766 3767 3768 3769 3770 3771 
7
6
5.006795E+01 1.611915E-01 2.000000E+00
5.074478E+01 -5.974981E-01 2.000000E+00
5.175954E+01 -4.298282E-01 2.000000E+00
5.210963E+01 4.852328E-01 2.000000E+00
5.140637E+01 1.323498E+00 2.000000E+00
5.037977E+01 1.129990E+00 2.000000E+00
5.107801E+01 3.454311E-01 2.000000E+00
6 0 1
6 1 2
6 2 3
6 3 4
6 4 5
6 5 0
3757 4 0 
3757 4 0 
3757 4 0 
3571 5 0 
3571 5 0 
3571 5 0 
3563 0 0 
3563 0 0 
3563 0 0 
3563 5 0 
3563 5 0 
3563 5 0 






3757 4 0 3571 5 0 3563 0 0 3563 5 0 3765 4 0 3765 5 0 
3757 4 0 3571 5 0 3563 0 0 3563 5 0 3765 4 0 3765 5 0 
3757 4 0 3571 5 0 3563 0 0 3563 5 0 3765 4 0 3765 5 0 
0 0 0
0 0 0
0 0 0
0 0 0
0 0 0
0 0 0
0 0 0
