2
3346 3347 3349 3350 3351 3352 3353 3354 
5
4
3.734410E+01 -3.956219E+00 0.000000E+00
3.790904E+01 -4.631669E+00 0.000000E+00
3.734410E+01 -3.956219E+00 2.000000E+00
3.790904E+01 -4.631669E+00 2.000000E+00
3.762657E+01 -4.293944E+00 1.000000E+00
0 1 4
1 3 4
3 2 4
2 0 4
724 4 0 
724 4 0 
724 4 0 
717 4 0 
717 4 0 
717 4 0 
725 4 0 
725 4 0 
725 4 0 
718 4 0 
718 4 0 
718 4 0 
724 4 0 717 4 0 725 4 0 718 4 0 
724 4 0 717 4 0 725 4 0 718 4 0 
724 4 0 717 4 0 725 4 0 718 4 0 
0 0 0
0 0 0
0 0 0
0 0 0
0 0 0
