2
4153 4154 4155 4156 4157 4159 4160 
5
4
5.019492E+01 4.972386E+00 0.000000E+00
4.981678E+01 5.346831E+00 0.000000E+00
5.019492E+01 4.972386E+00 2.000000E+00
4.981678E+01 5.346831E+00 2.000000E+00
5.000585E+01 5.159609E+00 1.000000E+00
0 1 4
1 3 4
3 2 4
2 0 4
4145 5 0 
4145 5 0 
4145 5 0 
4153 4 0 
4153 4 0 
4153 4 0 
4146 5 0 
4146 5 0 
4146 5 0 
4154 4 0 
4154 4 0 
4154 4 0 
4145 5 0 4153 4 0 4146 5 0 4154 4 0 
4145 5 0 4153 4 0 4146 5 0 4154 4 0 
4145 5 0 4153 4 0 4146 5 0 4154 4 0 
0 0 0
0 0 0
0 0 0
0 0 0
0 0 0
