0
1031 1033 1034 1035 1036 1037 1038 
7
6
1.397349E+01 -4.985294E+00 2.000000E+00
1.453326E+01 -5.765803E+00 2.000000E+00
1.530008E+01 -5.708547E+00 2.000000E+00
1.594242E+01 -4.389218E+00 2.000000E+00
1.553793E+01 -3.794001E+00 2.000000E+00
1.434511E+01 -3.981337E+00 2.000000E+00
1.493872E+01 -4.770700E+00 2.000000E+00
6 0 1
6 1 2
6 2 3
6 3 4
6 4 5
6 5 0



357 5 0 
357 5 0 
357 5 0 
357 4 0 
357 4 0 
357 4 0 
831 5 0 
831 5 0 
831 5 0 
1023 0 0 
1023 0 0 
1023 0 0 



1032 0 0 357 5 0 357 4 0 831 5 0 1023 0 0 1032 5 0 
1032 0 0 357 5 0 357 4 0 831 5 0 1023 0 0 1032 5 0 
1032 0 0 357 5 0 357 4 0 831 5 0 1023 0 0 1032 5 0 
0 0 0
0 0 0
0 0 0
0 0 0
0 0 0
0 0 0
0 0 0
