1
5339 5340 5341 5342 5343 5344 5345 
7
6
-3.401946E+00 6.398136E+00 0.000000E+00
-2.634182E+00 6.044820E+00 0.000000E+00
-1.738933E+00 6.580170E+00 0.000000E+00
-1.687952E+00 7.402385E+00 0.000000E+00
-2.589882E+00 7.960047E+00 0.000000E+00
-3.475921E+00 7.428394E+00 0.000000E+00
-2.588136E+00 6.968992E+00 0.000000E+00
1 0 6
2 1 6
3 2 6
4 3 6
5 4 6
0 5 6
5268 4 0 
5268 4 0 
5268 4 0 
5268 3 0 
5268 3 0 
5268 3 0 
5276 3 0 
5276 3 0 
5276 3 0 
5283 4 0 
5283 4 0 
5283 4 0 






5268 4 0 5268 3 0 5276 3 0 5283 4 0 5338 4 0 5338 5 0 
5268 4 0 5268 3 0 5276 3 0 5283 4 0 5338 4 0 5338 5 0 
5268 4 0 5268 3 0 5276 3 0 5283 4 0 5338 4 0 5338 5 0 
0 0 0
0 0 0
0 0 0
0 0 0
0 0 0
0 0 0
0 0 0
