0
3690 3692 3693 3694 3695 3696 3697 
7
6
3.550544E+01 -4.813589E-01 2.000000E+00
3.643279E+01 -1.271554E+00 2.000000E+00
3.750236E+01 -7.822119E-01 2.000000E+00
3.755619E+01 3.043831E-01 2.000000E+00
3.672824E+01 7.774754E-01 2.000000E+00
3.567116E+01 2.673407E-01 2.000000E+00
3.656603E+01 -1.976542E-01 2.000000E+00
6 0 1
6 1 2
6 2 3
6 3 4
6 4 5
6 5 0
3666 5 0 
3666 5 0 
3666 5 0 
3658 4 0 
3658 4 0 
3658 4 0 
3658 3 0 
3658 3 0 
3658 3 0 






3683 2 0 
3683 2 0 
3683 2 0 
3666 5 0 3658 4 0 3658 3 0 3691 3 0 3691 4 0 3683 2 0 
3666 5 0 3658 4 0 3658 3 0 3691 3 0 3691 4 0 3683 2 0 
3666 5 0 3658 4 0 3658 3 0 3691 3 0 3691 4 0 3683 2 0 
0 0 0
0 0 0
0 0 0
0 0 0
0 0 0
0 0 0
0 0 0
