2
1152 1153 1155 1156 1157 1158 1159 
5
4
-6.171932E+00 -5.224210E+00 0.000000E+00
-5.154906E+00 -5.770262E+00 0.000000E+00
-6.171932E+00 -5.224210E+00 2.000000E+00
-5.154906E+00 -5.770262E+00 2.000000E+00
-5.663419E+00 -5.497236E+00 1.000000E+00
0 1 4
1 3 4
3 2 4
2 0 4
1136 4 0 
1136 4 0 
1136 4 0 
1127 6 0 
1127 6 0 
1127 6 0 
1137 4 0 
1137 4 0 
1137 4 0 
1128 6 0 
1128 6 0 
1128 6 0 
1136 4 0 1127 6 0 1137 4 0 1128 6 0 
1136 4 0 1127 6 0 1137 4 0 1128 6 0 
1136 4 0 1127 6 0 1137 4 0 1128 6 0 
0 0 0
0 0 0
0 0 0
0 0 0
0 0 0
