2
2855 2856 2857 2859 2860 2861 2862 
5
4
-5.074219E+01 1.426323E+00 0.000000E+00
-4.986104E+01 7.619979E-01 0.000000E+00
-5.074219E+01 1.426323E+00 2.000000E+00
-4.986104E+01 7.619979E-01 2.000000E+00
-5.030161E+01 1.094160E+00 1.000000E+00
0 1 4
1 3 4
3 2 4
2 0 4
2721 3 0 
2721 3 0 
2721 3 0 
2713 4 0 
2713 4 0 
2713 4 0 
2722 3 0 
2722 3 0 
2722 3 0 
2714 4 0 
2714 4 0 
2714 4 0 
2721 3 0 2713 4 0 2722 3 0 2714 4 0 
2721 3 0 2713 4 0 2722 3 0 2714 4 0 
2721 3 0 2713 4 0 2722 3 0 2714 4 0 
0 0 0
0 0 0
0 0 0
0 0 0
0 0 0
