2
1087 1088 1089 1090 1091 1092 1094 
5
4
3.479277E+00 -4.402044E+00 0.000000E+00
2.913265E+00 -4.781937E+00 0.000000E+00
3.479277E+00 -4.402044E+00 2.000000E+00
2.913265E+00 -4.781937E+00 2.000000E+00
3.196271E+00 -4.591990E+00 1.000000E+00
0 1 4
1 3 4
3 2 4
2 0 4
1087 4 0 
1087 4 0 
1087 4 0 
1087 5 0 
1087 5 0 
1087 5 0 
1088 4 0 
1088 4 0 
1088 4 0 
1088 5 0 
1088 5 0 
1088 5 0 
1087 4 0 1087 5 0 1088 4 0 1088 5 0 
1087 4 0 1087 5 0 1088 4 0 1088 5 0 
1087 4 0 1087 5 0 1088 4 0 1088 5 0 
0 0 0
0 0 0
0 0 0
0 0 0
0 0 0
