1
3955 3956 3957 3958 3959 3960 
6
5
2.649036E+01 2.017983E+00 0.000000E+00
2.768316E+01 2.137393E+00 0.000000E+00
2.776926E+01 3.235723E+00 0.000000E+00
2.657630E+01 3.734961E+00 0.000000E+00
2.600536E+01 3.146522E+00 0.000000E+00
2.690489E+01 2.854517E+00 0.000000E+00
1 0 5
2 1 5
3 2 5
4 3 5
0 4 5
3890 5 0 
3890 5 0 
3890 5 0 
3890 4 0 
3890 4 0 
3890 4 0 






3947 2 0 
3947 2 0 
3947 2 0 
3890 5 0 3890 4 0 3954 2 0 3954 3 0 3947 2 0 
3890 5 0 3890 4 0 3954 2 0 3954 3 0 3947 2 0 
3890 5 0 3890 4 0 3954 2 0 3954 3 0 3947 2 0 
0 0 0
0 0 0
0 0 0
0 0 0
0 0 0
0 0 0
