2
1637 1638 1639 1640 1641 1642 1643 
5
4
-4.064343E+01 -3.746101E+00 0.000000E+00
-4.056284E+01 -5.138318E+00 0.000000E+00
-4.064343E+01 -3.746101E+00 2.000000E+00
-4.056284E+01 -5.138318E+00 2.000000E+00
-4.060314E+01 -4.442209E+00 1.000000E+00
0 1 4
1 3 4
3 2 4
2 0 4
1637 5 0 
1637 5 0 
1637 5 0 
1637 0 0 
1637 0 0 
1637 0 0 
1638 5 0 
1638 5 0 
1638 5 0 
1638 0 0 
1638 0 0 
1638 0 0 
1637 5 0 1637 0 0 1638 5 0 1638 0 0 
1637 5 0 1637 0 0 1638 5 0 1638 0 0 
1637 5 0 1637 0 0 1638 5 0 1638 0 0 
0 0 0
0 0 0
0 0 0
0 0 0
0 0 0
