1
2576 2577 2578 2579 2580 2581 2582 2583 
8
7
-4.068105E+01 -1.493581E+00 0.000000E+00
-3.990272E+01 -2.137425E+00 0.000000E+00
-3.879667E+01 -1.880347E+00 0.000000E+00
-3.831653E+01 -9.800959E-01 0.000000E+00
-3.870651E+01 5.398234E-02 0.000000E+00
-3.937653E+01 2.489801E-01 0.000000E+00
-4.057192E+01 -5.391520E-01 0.000000E+00
-3.947885E+01 -9.610913E-01 0.000000E+00
1 0 7
2 1 7
3 2 7
4 3 7
5 4 7
6 5 7
0 6 7
1925 5 0 
1925 5 0 
1925 5 0 
1925 4 0 
1925 4 0 
1925 4 0 
1934 4 0 
1934 4 0 
1934 4 0 
2567 4 0 
2567 4 0 
2567 4 0 









1925 5 0 1925 4 0 1934 4 0 2567 4 0 2575 4 0 2575 5 0 2575 6 0 
1925 5 0 1925 4 0 1934 4 0 2567 4 0 2575 4 0 2575 5 0 2575 6 0 
1925 5 0 1925 4 0 1934 4 0 2567 4 0 2575 4 0 2575 5 0 2575 6 0 
0 0 0
0 0 0
0 0 0
0 0 0
0 0 0
0 0 0
0 0 0
0 0 0
