1
3827 3828 3829 3830 3831 3832 
6
5
4.051274E+01 1.056165E+00 0.000000E+00
4.120254E+01 2.053122E+00 0.000000E+00
4.051841E+01 2.776683E+00 0.000000E+00
3.945712E+01 2.487871E+00 0.000000E+00
3.927599E+01 1.716313E+00 0.000000E+00
4.019336E+01 2.018031E+00 0.000000E+00
1 0 5
2 1 5
3 2 5
4 3 5
0 4 5
3706 3 0 
3706 3 0 
3706 3 0 
3714 7 0 
3714 7 0 
3714 7 0 
3818 0 0 
3818 0 0 
3818 0 0 



3706 4 0 
3706 4 0 
3706 4 0 
3706 3 0 3714 7 0 3818 0 0 3826 3 0 3706 4 0 
3706 3 0 3714 7 0 3818 0 0 3826 3 0 3706 4 0 
3706 3 0 3714 7 0 3818 0 0 3826 3 0 3706 4 0 
0 0 0
0 0 0
0 0 0
0 0 0
0 0 0
0 0 0
