1
1007 1008 1009 1010 1011 1012 1013 1014 
8
7
1.905092E+01 -2.619799E+00 0.000000E+00
1.959300E+01 -3.471916E+00 0.000000E+00
2.015146E+01 -3.544836E+00 0.000000E+00
2.099141E+01 -2.743458E+00 0.000000E+00
2.089882E+01 -1.599968E+00 0.000000E+00
2.039955E+01 -1.357827E+00 0.000000E+00
1.924696E+01 -1.930177E+00 0.000000E+00
2.004745E+01 -2.466854E+00 0.000000E+00
1 0 7
2 1 7
3 2 7
4 3 7
5 4 7
6 5 7
0 6 7



846 4 0 
846 4 0 
846 4 0 
846 3 0 
846 3 0 
846 3 0 
854 3 0 
854 3 0 
854 3 0 
998 5 0 
998 5 0 
998 5 0 






1006 0 0 846 4 0 846 3 0 854 3 0 998 5 0 1006 5 0 1006 6 0 
1006 0 0 846 4 0 846 3 0 854 3 0 998 5 0 1006 5 0 1006 6 0 
1006 0 0 846 4 0 846 3 0 854 3 0 998 5 0 1006 5 0 1006 6 0 
0 0 0
0 0 0
0 0 0
0 0 0
0 0 0
0 0 0
0 0 0
0 0 0
