2
4234 4235 4237 4238 4239 4240 
5
4
3.295217E+01 4.862235E+00 0.000000E+00
3.364246E+01 4.241463E+00 0.000000E+00
3.295217E+01 4.862235E+00 2.000000E+00
3.364246E+01 4.241463E+00 2.000000E+00
3.329731E+01 4.551849E+00 1.000000E+00
0 1 4
1 3 4
3 2 4
2 0 4
4234 0 0 
4234 0 0 
4234 0 0 
3992 6 0 
3992 6 0 
3992 6 0 
4235 0 0 
4235 0 0 
4235 0 0 
3993 6 0 
3993 6 0 
3993 6 0 
4234 0 0 3992 6 0 4235 0 0 3993 6 0 
4234 0 0 3992 6 0 4235 0 0 3993 6 0 
4234 0 0 3992 6 0 4235 0 0 3993 6 0 
0 0 0
0 0 0
0 0 0
0 0 0
0 0 0
