2
3601 3602 3604 3605 3606 3607 3608 
5
4
4.436615E+01 -2.053041E+00 0.000000E+00
4.500714E+01 -2.695947E+00 0.000000E+00
4.436615E+01 -2.053041E+00 2.000000E+00
4.500714E+01 -2.695947E+00 2.000000E+00
4.468665E+01 -2.374494E+00 1.000000E+00
0 1 4
1 3 4
3 2 4
2 0 4
3601 0 0 
3601 0 0 
3601 0 0 
3386 4 0 
3386 4 0 
3386 4 0 
3602 0 0 
3602 0 0 
3602 0 0 
3387 4 0 
3387 4 0 
3387 4 0 
3601 0 0 3386 4 0 3602 0 0 3387 4 0 
3601 0 0 3386 4 0 3602 0 0 3387 4 0 
3601 0 0 3386 4 0 3602 0 0 3387 4 0 
0 0 0
0 0 0
0 0 0
0 0 0
0 0 0
