1
1881 1882 1883 1884 1885 1886 
6
5
-4.925281E+01 -4.908887E+00 0.000000E+00
-4.820643E+01 -5.238820E+00 0.000000E+00
-4.753430E+01 -4.482618E+00 0.000000E+00
-4.805352E+01 -3.412422E+00 0.000000E+00
-4.926237E+01 -3.667408E+00 0.000000E+00
-4.846189E+01 -4.342031E+00 0.000000E+00
1 0 5
2 1 5
3 2 5
4 3 5
0 4 5
1685 4 0 
1685 4 0 
1685 4 0 
1677 5 0 
1677 5 0 
1677 5 0 
1677 4 0 
1677 4 0 
1677 4 0 



1872 3 0 
1872 3 0 
1872 3 0 
1685 4 0 1677 5 0 1677 4 0 1880 3 0 1872 3 0 
1685 4 0 1677 5 0 1677 4 0 1880 3 0 1872 3 0 
1685 4 0 1677 5 0 1677 4 0 1880 3 0 1872 3 0 
0 0 0
0 0 0
0 0 0
0 0 0
0 0 0
0 0 0
