2
5614 5615 5616 5617 5619 5620 
5
4
-5.405806E+01 4.736907E+00 0.000000E+00
-5.431864E+01 6.061976E+00 0.000000E+00
-5.405806E+01 4.736907E+00 2.000000E+00
-5.431864E+01 6.061976E+00 2.000000E+00
-5.418835E+01 5.399442E+00 1.000000E+00
0 1 4
1 3 4
3 2 4
2 0 4
5548 5 0 
5548 5 0 
5548 5 0 
5614 3 0 
5614 3 0 
5614 3 0 
5549 5 0 
5549 5 0 
5549 5 0 
5615 3 0 
5615 3 0 
5615 3 0 
5548 5 0 5614 3 0 5549 5 0 5615 3 0 
5548 5 0 5614 3 0 5549 5 0 5615 3 0 
5548 5 0 5614 3 0 5549 5 0 5615 3 0 
0 0 0
0 0 0
0 0 0
0 0 0
0 0 0
