0
451 453 454 455 456 457 458 
7
6
3.231410E+01 -8.280835E+00 2.000000E+00
3.315162E+01 -8.079878E+00 2.000000E+00
3.334231E+01 -7.117157E+00 2.000000E+00
3.240782E+01 -6.486559E+00 2.000000E+00
3.159803E+01 -6.925443E+00 2.000000E+00
3.156868E+01 -7.649215E+00 2.000000E+00
3.239709E+01 -7.423181E+00 2.000000E+00
6 0 1
6 1 2
6 2 3
6 3 4
6 4 5
6 5 0












444 3 0 
444 3 0 
444 3 0 
444 2 0 
444 2 0 
444 2 0 
452 0 0 452 1 0 452 2 0 452 3 0 444 3 0 444 2 0 
452 0 0 452 1 0 452 2 0 452 3 0 444 3 0 444 2 0 
452 0 0 452 1 0 452 2 0 452 3 0 444 3 0 444 2 0 
0 0 0
0 0 0
0 0 0
0 0 0
0 0 0
0 0 0
0 0 0
