2
998 999 1001 1002 1003 1004 1005 
5
4
2.099141E+01 -2.743458E+00 0.000000E+00
2.184126E+01 -3.211627E+00 0.000000E+00
2.099141E+01 -2.743458E+00 2.000000E+00
2.184126E+01 -3.211627E+00 2.000000E+00
2.141633E+01 -2.977542E+00 1.000000E+00
0 1 4
1 3 4
3 2 4
2 0 4
854 3 0 
854 3 0 
854 3 0 
854 2 0 
854 2 0 
854 2 0 
855 3 0 
855 3 0 
855 3 0 
855 2 0 
855 2 0 
855 2 0 
854 3 0 854 2 0 855 3 0 855 2 0 
854 3 0 854 2 0 855 3 0 855 2 0 
854 3 0 854 2 0 855 3 0 855 2 0 
0 0 0
0 0 0
0 0 0
0 0 0
0 0 0
