2
2439 2440 2441 2443 2444 2445 2446 
5
4
-1.442415E+01 -2.813719E-01 0.000000E+00
-1.369506E+01 6.910217E-01 0.000000E+00
-1.442415E+01 -2.813719E-01 2.000000E+00
-1.369506E+01 6.910217E-01 2.000000E+00
-1.405960E+01 2.048249E-01 1.000000E+00
0 1 4
1 3 4
3 2 4
2 0 4
2079 3 0 
2079 3 0 
2079 3 0 
2432 4 0 
2432 4 0 
2432 4 0 
2080 3 0 
2080 3 0 
2080 3 0 
2433 4 0 
2433 4 0 
2433 4 0 
2079 3 0 2432 4 0 2080 3 0 2433 4 0 
2079 3 0 2432 4 0 2080 3 0 2433 4 0 
2079 3 0 2432 4 0 2080 3 0 2433 4 0 
0 0 0
0 0 0
0 0 0
0 0 0
0 0 0
