0
1367 1369 1370 1371 1372 1373 1374 
7
6
-8.490094E+00 -3.621567E+00 2.000000E+00
-7.832708E+00 -4.404849E+00 2.000000E+00
-6.949847E+00 -4.177721E+00 2.000000E+00
-6.569387E+00 -2.965640E+00 2.000000E+00
-7.034264E+00 -2.352587E+00 2.000000E+00
-8.067409E+00 -2.505822E+00 2.000000E+00
-7.490618E+00 -3.338031E+00 2.000000E+00
6 0 1
6 1 2
6 2 3
6 3 4
6 4 5
6 5 0



1144 6 0 
1144 6 0 
1144 6 0 
1144 5 0 
1144 5 0 
1144 5 0 
1361 4 0 
1361 4 0 
1361 4 0 






1368 0 0 1144 6 0 1144 5 0 1361 4 0 1368 4 0 1368 5 0 
1368 0 0 1144 6 0 1144 5 0 1361 4 0 1368 4 0 1368 5 0 
1368 0 0 1144 6 0 1144 5 0 1361 4 0 1368 4 0 1368 5 0 
0 0 0
0 0 0
0 0 0
0 0 0
0 0 0
0 0 0
0 0 0
