2
2567 2568 2569 2571 2572 2573 2574 
5
4
-3.703357E+01 -2.771072E+00 0.000000E+00
-3.660711E+01 -1.872937E+00 0.000000E+00
-3.703357E+01 -2.771072E+00 2.000000E+00
-3.660711E+01 -1.872937E+00 2.000000E+00
-3.682034E+01 -2.322005E+00 1.000000E+00
0 1 4
1 3 4
3 2 4
2 0 4
1942 3 0 
1942 3 0 
1942 3 0 
1965 5 0 
1965 5 0 
1965 5 0 
1943 3 0 
1943 3 0 
1943 3 0 
1966 5 0 
1966 5 0 
1966 5 0 
1942 3 0 1965 5 0 1943 3 0 1966 5 0 
1942 3 0 1965 5 0 1943 3 0 1966 5 0 
1942 3 0 1965 5 0 1943 3 0 1966 5 0 
0 0 0
0 0 0
0 0 0
0 0 0
0 0 0
