2
4748 4749 4751 4752 4753 4754 4755 4756 4757 
5
4
-1.698411E+01 2.894504E+00 0.000000E+00
-1.646425E+01 2.472840E+00 0.000000E+00
-1.698411E+01 2.894504E+00 2.000000E+00
-1.646425E+01 2.472840E+00 2.000000E+00
-1.672418E+01 2.683672E+00 1.000000E+00
0 1 4
1 3 4
3 2 4
2 0 4
3046 4 0 
3046 4 0 
3046 4 0 
3046 3 0 
3046 3 0 
3046 3 0 
3047 4 0 
3047 4 0 
3047 4 0 
3047 3 0 
3047 3 0 
3047 3 0 
3046 4 0 3046 3 0 3047 4 0 3047 3 0 
3046 4 0 3046 3 0 3047 4 0 3047 3 0 
3046 4 0 3046 3 0 3047 4 0 3047 3 0 
0 0 0
0 0 0
0 0 0
0 0 0
0 0 0
