2
580 581 582 583 584 586 587 588 
5
4
5.590304E+01 -6.777073E+00 0.000000E+00
5.541756E+01 -6.366954E+00 0.000000E+00
5.590304E+01 -6.777073E+00 2.000000E+00
5.541756E+01 -6.366954E+00 2.000000E+00
5.566030E+01 -6.572014E+00 1.000000E+00
0 1 4
1 3 4
3 2 4
2 0 4
580 3 0 
580 3 0 
580 3 0 
580 4 0 
580 4 0 
580 4 0 
581 3 0 
581 3 0 
581 3 0 
581 4 0 
581 4 0 
581 4 0 
580 3 0 580 4 0 581 3 0 581 4 0 
580 3 0 580 4 0 581 3 0 581 4 0 
580 3 0 580 4 0 581 3 0 581 4 0 
0 0 0
0 0 0
0 0 0
0 0 0
0 0 0
