2
2485 2486 2487 2489 2490 2491 2492 2493 
5
4
-2.387320E+01 -2.681110E+00 0.000000E+00
-2.299173E+01 -2.738577E+00 0.000000E+00
-2.387320E+01 -2.681110E+00 2.000000E+00
-2.299173E+01 -2.738577E+00 2.000000E+00
-2.343247E+01 -2.709843E+00 1.000000E+00
0 1 4
1 3 4
3 2 4
2 0 4
2030 2 0 
2030 2 0 
2030 2 0 
2038 3 0 
2038 3 0 
2038 3 0 
2031 2 0 
2031 2 0 
2031 2 0 
2039 3 0 
2039 3 0 
2039 3 0 
2030 2 0 2038 3 0 2031 2 0 2039 3 0 
2030 2 0 2038 3 0 2031 2 0 2039 3 0 
2030 2 0 2038 3 0 2031 2 0 2039 3 0 
0 0 0
0 0 0
0 0 0
0 0 0
0 0 0
