2
2129 2130 2131 2132 2133 2134 2135 2137 
5
4
-3.989185E+00 5.461652E-02 0.000000E+00
-5.036372E+00 -2.585974E-01 0.000000E+00
-3.989185E+00 5.461652E-02 2.000000E+00
-5.036372E+00 -2.585974E-01 2.000000E+00
-4.512779E+00 -1.019905E-01 1.000000E+00
0 1 4
1 3 4
3 2 4
2 0 4
2129 5 0 
2129 5 0 
2129 5 0 
2129 6 0 
2129 6 0 
2129 6 0 
2130 5 0 
2130 5 0 
2130 5 0 
2130 6 0 
2130 6 0 
2130 6 0 
2129 5 0 2129 6 0 2130 5 0 2130 6 0 
2129 5 0 2129 6 0 2130 5 0 2130 6 0 
2129 5 0 2129 6 0 2130 5 0 2130 6 0 
0 0 0
0 0 0
0 0 0
0 0 0
0 0 0
