1
174 175 176 177 178 179 
6
5
-1.852506E+01 -7.154388E+00 0.000000E+00
-1.818048E+01 -8.245307E+00 0.000000E+00
-1.710313E+01 -8.175241E+00 0.000000E+00
-1.678288E+01 -6.858085E+00 0.000000E+00
-1.749619E+01 -6.387369E+00 0.000000E+00
-1.761755E+01 -7.364078E+00 0.000000E+00
1 0 5
2 1 5
3 2 5
4 3 5
0 4 5
164 4 0 
164 4 0 
164 4 0 
164 3 0 
164 3 0 
164 3 0 









164 4 0 164 3 0 173 2 0 173 3 0 173 4 0 
164 4 0 164 3 0 173 2 0 173 3 0 173 4 0 
164 4 0 164 3 0 173 2 0 173 3 0 173 4 0 
0 0 0
0 0 0
0 0 0
0 0 0
0 0 0
0 0 0
