2
4681 4682 4683 4685 4686 4687 4688 4689 
5
4
-1.060529E+00 4.006114E+00 0.000000E+00
-3.530356E-01 3.947398E+00 0.000000E+00
-1.060529E+00 4.006114E+00 2.000000E+00
-3.530356E-01 3.947398E+00 2.000000E+00
-7.067822E-01 3.976756E+00 1.000000E+00
0 1 4
1 3 4
3 2 4
2 0 4
3132 5 0 
3132 5 0 
3132 5 0 
3132 4 0 
3132 4 0 
3132 4 0 
3133 5 0 
3133 5 0 
3133 5 0 
3133 4 0 
3133 4 0 
3133 4 0 
3132 5 0 3132 4 0 3133 5 0 3133 4 0 
3132 5 0 3132 4 0 3133 5 0 3133 4 0 
3132 5 0 3132 4 0 3133 5 0 3133 4 0 
0 0 0
0 0 0
0 0 0
0 0 0
0 0 0
