1
3364 3365 3366 3367 3368 3369 3370 
7
6
4.136420E+01 -4.809633E+00 0.000000E+00
4.247366E+01 -4.635302E+00 0.000000E+00
4.300098E+01 -3.644593E+00 0.000000E+00
4.270278E+01 -3.034134E+00 0.000000E+00
4.146960E+01 -2.944933E+00 0.000000E+00
4.079634E+01 -3.958684E+00 0.000000E+00
4.196793E+01 -3.837880E+00 0.000000E+00
1 0 6
2 1 6
3 2 6
4 3 6
5 4 6
0 5 6
700 4 0 
700 4 0 
700 4 0 
700 3 0 
700 3 0 
700 3 0 






3355 3 0 
3355 3 0 
3355 3 0 
708 5 0 
708 5 0 
708 5 0 
700 4 0 700 3 0 3363 2 0 3363 3 0 3355 3 0 708 5 0 
700 4 0 700 3 0 3363 2 0 3363 3 0 3355 3 0 708 5 0 
700 4 0 700 3 0 3363 2 0 3363 3 0 3355 3 0 708 5 0 
0 0 0
0 0 0
0 0 0
0 0 0
0 0 0
0 0 0
0 0 0
