2
2878 2879 2880 2881 2882 2884 2885 2886 
5
4
-4.437637E+01 2.493449E+00 0.000000E+00
-4.484353E+01 3.675580E+00 0.000000E+00
-4.437637E+01 2.493449E+00 2.000000E+00
-4.484353E+01 3.675580E+00 2.000000E+00
-4.460995E+01 3.084515E+00 1.000000E+00
0 1 4
1 3 4
3 2 4
2 0 4
2878 3 0 
2878 3 0 
2878 3 0 
2878 4 0 
2878 4 0 
2878 4 0 
2879 3 0 
2879 3 0 
2879 3 0 
2879 4 0 
2879 4 0 
2879 4 0 
2878 3 0 2878 4 0 2879 3 0 2879 4 0 
2878 3 0 2878 4 0 2879 3 0 2879 4 0 
2878 3 0 2878 4 0 2879 3 0 2879 4 0 
0 0 0
0 0 0
0 0 0
0 0 0
0 0 0
