0
789 791 792 793 794 795 796 
7
6
2.292006E+01 -6.379181E+00 2.000000E+00
2.322572E+01 -7.419184E+00 2.000000E+00
2.400795E+01 -7.544707E+00 2.000000E+00
2.475175E+01 -6.762398E+00 2.000000E+00
2.462057E+01 -6.056949E+00 2.000000E+00
2.371980E+01 -5.711287E+00 2.000000E+00
2.387431E+01 -6.645618E+00 2.000000E+00
6 0 1
6 1 2
6 2 3
6 3 4
6 4 5
6 5 0
397 3 0 
397 3 0 
397 3 0 
397 2 0 
397 2 0 
397 2 0 
405 4 0 
405 4 0 
405 4 0 
413 3 0 
413 3 0 
413 3 0 
782 5 0 
782 5 0 
782 5 0 



397 3 0 397 2 0 405 4 0 413 3 0 782 5 0 790 5 0 
397 3 0 397 2 0 405 4 0 413 3 0 782 5 0 790 5 0 
397 3 0 397 2 0 405 4 0 413 3 0 782 5 0 790 5 0 
0 0 0
0 0 0
0 0 0
0 0 0
0 0 0
0 0 0
0 0 0
