0
1478 1480 1481 1482 1483 1484 1485 
7
6
-1.317861E+01 -5.028362E+00 2.000000E+00
-1.231568E+01 -5.250771E+00 2.000000E+00
-1.157685E+01 -4.578337E+00 2.000000E+00
-1.179253E+01 -3.746701E+00 2.000000E+00
-1.328019E+01 -3.368121E+00 2.000000E+00
-1.366264E+01 -3.824989E+00 2.000000E+00
-1.263442E+01 -4.299547E+00 2.000000E+00
6 0 1
6 1 2
6 2 3
6 3 4
6 4 5
6 5 0
1399 4 0 
1399 4 0 
1399 4 0 
1391 5 0 
1391 5 0 
1391 5 0 
1391 4 0 
1391 4 0 
1391 4 0 






1472 3 0 
1472 3 0 
1472 3 0 
1399 4 0 1391 5 0 1391 4 0 1479 3 0 1479 4 0 1472 3 0 
1399 4 0 1391 5 0 1391 4 0 1479 3 0 1479 4 0 1472 3 0 
1399 4 0 1391 5 0 1391 4 0 1479 3 0 1479 4 0 1472 3 0 
0 0 0
0 0 0
0 0 0
0 0 0
0 0 0
0 0 0
0 0 0
