2
2129 2130 2132 2133 2134 2135 2136 2137 
5
4
-5.408757E+00 -1.199943E+00 0.000000E+00
-4.879618E+00 -2.007346E+00 0.000000E+00
-5.408757E+00 -1.199943E+00 2.000000E+00
-4.879618E+00 -2.007346E+00 2.000000E+00
-5.144188E+00 -1.603645E+00 1.000000E+00
0 1 4
1 3 4
3 2 4
2 0 4
2121 4 0 
2121 4 0 
2121 4 0 
1351 5 0 
1351 5 0 
1351 5 0 
2122 4 0 
2122 4 0 
2122 4 0 
1352 5 0 
1352 5 0 
1352 5 0 
2121 4 0 1351 5 0 2122 4 0 1352 5 0 
2121 4 0 1351 5 0 2122 4 0 1352 5 0 
2121 4 0 1351 5 0 2122 4 0 1352 5 0 
0 0 0
0 0 0
0 0 0
0 0 0
0 0 0
