0
5968 5970 5971 5972 5973 5974 5975 
7
6
5.362398E+01 6.109406E+00 2.000000E+00
5.451177E+01 5.799871E+00 2.000000E+00
5.546944E+01 6.572824E+00 2.000000E+00
5.530421E+01 7.617757E+00 2.000000E+00
5.443312E+01 7.872987E+00 2.000000E+00
5.347771E+01 7.020562E+00 2.000000E+00
5.447004E+01 6.832235E+00 2.000000E+00
6 0 1
6 1 2
6 2 3
6 3 4
6 4 5
6 5 0
5889 4 0 
5889 4 0 
5889 4 0 
5889 3 0 
5889 3 0 
5889 3 0 
5897 4 0 
5897 4 0 
5897 4 0 
5960 6 0 
5960 6 0 
5960 6 0 






5889 4 0 5889 3 0 5897 4 0 5960 6 0 5969 4 0 5969 5 0 
5889 4 0 5889 3 0 5897 4 0 5960 6 0 5969 4 0 5969 5 0 
5889 4 0 5889 3 0 5897 4 0 5960 6 0 5969 4 0 5969 5 0 
0 0 0
0 0 0
0 0 0
0 0 0
0 0 0
0 0 0
0 0 0
