2
1764 1765 1766 1767 1768 1769 1771 1772 
5
4
-5.613087E+01 -5.134005E+00 0.000000E+00
-5.688277E+01 -4.642145E+00 0.000000E+00
-5.613087E+01 -5.134005E+00 2.000000E+00
-5.688277E+01 -4.642145E+00 2.000000E+00
-5.650682E+01 -4.888075E+00 1.000000E+00
0 1 4
1 3 4
3 2 4
2 0 4
1764 4 0 
1764 4 0 
1764 4 0 
1764 5 0 
1764 5 0 
1764 5 0 
1765 4 0 
1765 4 0 
1765 4 0 
1765 5 0 
1765 5 0 
1765 5 0 
1764 4 0 1764 5 0 1765 4 0 1765 5 0 
1764 4 0 1764 5 0 1765 4 0 1765 5 0 
1764 4 0 1764 5 0 1765 4 0 1765 5 0 
0 0 0
0 0 0
0 0 0
0 0 0
0 0 0
