1
4059 4060 4061 4062 4063 4064 4065 
7
6
4.581564E+01 1.977672E+00 0.000000E+00
4.689120E+01 1.908805E+00 0.000000E+00
4.728216E+01 2.439825E+00 0.000000E+00
4.660695E+01 3.626918E+00 0.000000E+00
4.549425E+01 3.580510E+00 0.000000E+00
4.518357E+01 2.838253E+00 0.000000E+00
4.621229E+01 2.728664E+00 0.000000E+00
1 0 6
2 1 6
3 2 6
4 3 6
5 4 6
0 5 6
3789 4 0 
3789 4 0 
3789 4 0 
3780 6 0 
3780 6 0 
3780 6 0 
3780 5 0 
3780 5 0 
3780 5 0 



4049 3 0 
4049 3 0 
4049 3 0 
3796 4 0 
3796 4 0 
3796 4 0 
3789 4 0 3780 6 0 3780 5 0 4058 3 0 4049 3 0 3796 4 0 
3789 4 0 3780 6 0 3780 5 0 4058 3 0 4049 3 0 3796 4 0 
3789 4 0 3780 6 0 3780 5 0 4058 3 0 4049 3 0 3796 4 0 
0 0 0
0 0 0
0 0 0
0 0 0
0 0 0
0 0 0
0 0 0
