2
2471 2472 2473 2474 2475 2477 
5
4
-2.024631E+01 7.574770E-02 0.000000E+00
-2.130274E+01 2.647106E-01 0.000000E+00
-2.024631E+01 7.574770E-02 2.000000E+00
-2.130274E+01 2.647106E-01 2.000000E+00
-2.077453E+01 1.702292E-01 1.000000E+00
0 1 4
1 3 4
3 2 4
2 0 4
2463 5 0 
2463 5 0 
2463 5 0 
2471 4 0 
2471 4 0 
2471 4 0 
2464 5 0 
2464 5 0 
2464 5 0 
2472 4 0 
2472 4 0 
2472 4 0 
2463 5 0 2471 4 0 2464 5 0 2472 4 0 
2463 5 0 2471 4 0 2464 5 0 2472 4 0 
2463 5 0 2471 4 0 2464 5 0 2472 4 0 
0 0 0
0 0 0
0 0 0
0 0 0
0 0 0
