1
4325 4326 4327 4328 4329 4330 
6
5
1.605899E+01 2.396401E+00 0.000000E+00
1.703941E+01 1.920334E+00 0.000000E+00
1.777331E+01 2.562040E+00 0.000000E+00
1.716021E+01 3.825216E+00 0.000000E+00
1.605003E+01 3.493012E+00 0.000000E+00
1.681639E+01 2.839401E+00 0.000000E+00
1 0 5
2 1 5
3 2 5
4 3 5
0 4 5
3227 4 0 
3227 4 0 
3227 4 0 
3227 3 0 
3227 3 0 
3227 3 0 
3235 5 0 
3235 5 0 
3235 5 0 
4315 6 0 
4315 6 0 
4315 6 0 



3227 4 0 3227 3 0 3235 5 0 4315 6 0 4324 4 0 
3227 4 0 3227 3 0 3235 5 0 4315 6 0 4324 4 0 
3227 4 0 3227 3 0 3235 5 0 4315 6 0 4324 4 0 
0 0 0
0 0 0
0 0 0
0 0 0
0 0 0
0 0 0
