0
4944 4946 4947 4948 4949 4950 
6
5
-2.641641E+01 4.088845E+00 2.000000E+00
-2.593968E+01 3.457484E+00 2.000000E+00
-2.489898E+01 3.786104E+00 2.000000E+00
-2.508189E+01 5.274478E+00 2.000000E+00
-2.590369E+01 5.278013E+00 2.000000E+00
-2.564813E+01 4.376985E+00 2.000000E+00
5 0 1
5 1 2
5 2 3
5 3 4
5 4 0
4889 4 0 
4889 4 0 
4889 4 0 
4889 3 0 
4889 3 0 
4889 3 0 
4897 4 0 
4897 4 0 
4897 4 0 
4936 6 0 
4936 6 0 
4936 6 0 



4889 4 0 4889 3 0 4897 4 0 4936 6 0 4945 4 0 
4889 4 0 4889 3 0 4897 4 0 4936 6 0 4945 4 0 
4889 4 0 4889 3 0 4897 4 0 4936 6 0 4945 4 0 
0 0 0
0 0 0
0 0 0
0 0 0
0 0 0
0 0 0
