2
3005 3006 3007 3008 3009 3010 
5
4
-2.596855E+01 4.185585E-01 0.000000E+00
-2.655295E+01 -8.855118E-01 0.000000E+00
-2.596855E+01 4.185585E-01 2.000000E+00
-2.655295E+01 -8.855118E-01 2.000000E+00
-2.626075E+01 -2.334766E-01 1.000000E+00
0 1 4
1 3 4
3 2 4
2 0 4
2997 3 0 
2997 3 0 
2997 3 0 
2501 6 0 
2501 6 0 
2501 6 0 
2998 3 0 
2998 3 0 
2998 3 0 
2502 6 0 
2502 6 0 
2502 6 0 
2997 3 0 2501 6 0 2998 3 0 2502 6 0 
2997 3 0 2501 6 0 2998 3 0 2502 6 0 
2997 3 0 2501 6 0 2998 3 0 2502 6 0 
0 0 0
0 0 0
0 0 0
0 0 0
0 0 0
