2
4009 4010 4011 4012 4013 4014 4016 4017 
5
4
3.817157E+01 4.878856E+00 0.000000E+00
3.788974E+01 5.111660E+00 0.000000E+00
3.817157E+01 4.878856E+00 2.000000E+00
3.788974E+01 5.111660E+00 2.000000E+00
3.803065E+01 4.995258E+00 1.000000E+00
0 1 4
1 3 4
3 2 4
2 0 4
4009 4 0 
4009 4 0 
4009 4 0 
4009 5 0 
4009 5 0 
4009 5 0 
4010 4 0 
4010 4 0 
4010 4 0 
4010 5 0 
4010 5 0 
4010 5 0 
4009 4 0 4009 5 0 4010 4 0 4010 5 0 
4009 4 0 4009 5 0 4010 4 0 4010 5 0 
4009 4 0 4009 5 0 4010 4 0 4010 5 0 
0 0 0
0 0 0
0 0 0
0 0 0
0 0 0
