2
2344 2345 2346 2348 2349 2350 2351 2352 2353 
5
4
1.722005E+00 6.684921E-01 0.000000E+00
2.331410E+00 5.296028E-01 0.000000E+00
1.722005E+00 6.684921E-01 2.000000E+00
2.331410E+00 5.296028E-01 2.000000E+00
2.026707E+00 5.990475E-01 1.000000E+00
0 1 4
1 3 4
3 2 4
2 0 4
2161 6 0 
2161 6 0 
2161 6 0 
2161 5 0 
2161 5 0 
2161 5 0 
2162 6 0 
2162 6 0 
2162 6 0 
2162 5 0 
2162 5 0 
2162 5 0 
2161 6 0 2161 5 0 2162 6 0 2162 5 0 
2161 6 0 2161 5 0 2162 6 0 2162 5 0 
2161 6 0 2161 5 0 2162 6 0 2162 5 0 
0 0 0
0 0 0
0 0 0
0 0 0
0 0 0
