1
3971 3972 3973 3974 3975 3976 
6
5
2.926772E+01 1.936193E+00 0.000000E+00
3.015259E+01 1.122180E+00 0.000000E+00
3.104784E+01 1.630388E+00 0.000000E+00
3.082910E+01 2.966013E+00 0.000000E+00
2.981904E+01 3.146912E+00 0.000000E+00
3.022326E+01 2.160337E+00 0.000000E+00
1 0 5
2 1 5
3 2 5
4 3 5
0 4 5
3882 4 0 
3882 4 0 
3882 4 0 
3873 6 0 
3873 6 0 
3873 6 0 
3873 5 0 
3873 5 0 
3873 5 0 



3961 3 0 
3961 3 0 
3961 3 0 
3882 4 0 3873 6 0 3873 5 0 3970 3 0 3961 3 0 
3882 4 0 3873 6 0 3873 5 0 3970 3 0 3961 3 0 
3882 4 0 3873 6 0 3873 5 0 3970 3 0 3961 3 0 
0 0 0
0 0 0
0 0 0
0 0 0
0 0 0
0 0 0
