2
4018 4019 4020 4021 4022 4024 
5
4
3.944593E+01 5.027226E+00 0.000000E+00
3.817157E+01 4.878856E+00 0.000000E+00
3.944593E+01 5.027226E+00 2.000000E+00
3.817157E+01 4.878856E+00 2.000000E+00
3.880875E+01 4.953041E+00 1.000000E+00
0 1 4
1 3 4
3 2 4
2 0 4
4018 3 0 
4018 3 0 
4018 3 0 
4009 4 0 
4009 4 0 
4009 4 0 
4019 3 0 
4019 3 0 
4019 3 0 
4010 4 0 
4010 4 0 
4010 4 0 
4018 3 0 4009 4 0 4019 3 0 4010 4 0 
4018 3 0 4009 4 0 4019 3 0 4010 4 0 
4018 3 0 4009 4 0 4019 3 0 4010 4 0 
0 0 0
0 0 0
0 0 0
0 0 0
0 0 0
