2
4681 4682 4683 4684 4685 4686 4688 4689 
5
4
4.310589E-01 5.602595E+00 0.000000E+00
-1.244226E-01 6.062868E+00 0.000000E+00
4.310589E-01 5.602595E+00 2.000000E+00
-1.244226E-01 6.062868E+00 2.000000E+00
1.533182E-01 5.832732E+00 1.000000E+00
0 1 4
1 3 4
3 2 4
2 0 4
4667 4 0 
4667 4 0 
4667 4 0 
4681 5 0 
4681 5 0 
4681 5 0 
4668 4 0 
4668 4 0 
4668 4 0 
4682 5 0 
4682 5 0 
4682 5 0 
4667 4 0 4681 5 0 4668 4 0 4682 5 0 
4667 4 0 4681 5 0 4668 4 0 4682 5 0 
4667 4 0 4681 5 0 4668 4 0 4682 5 0 
0 0 0
0 0 0
0 0 0
0 0 0
0 0 0
