2
1669 1670 1671 1672 1673 1675 1676 
5
4
-4.486769E+01 -4.528443E+00 0.000000E+00
-4.596709E+01 -4.165770E+00 0.000000E+00
-4.486769E+01 -4.528443E+00 2.000000E+00
-4.596709E+01 -4.165770E+00 2.000000E+00
-4.541739E+01 -4.347106E+00 1.000000E+00
0 1 4
1 3 4
3 2 4
2 0 4
1669 3 0 
1669 3 0 
1669 3 0 
1669 4 0 
1669 4 0 
1669 4 0 
1670 3 0 
1670 3 0 
1670 3 0 
1670 4 0 
1670 4 0 
1670 4 0 
1669 3 0 1669 4 0 1670 3 0 1670 4 0 
1669 3 0 1669 4 0 1670 3 0 1670 4 0 
1669 3 0 1669 4 0 1670 3 0 1670 4 0 
0 0 0
0 0 0
0 0 0
0 0 0
0 0 0
