0
1312 1314 1315 1316 1317 1318 1319 
7
6
2.633809E+00 -2.536031E+00 2.000000E+00
3.276067E+00 -2.646555E+00 2.000000E+00
3.991293E+00 -1.711351E+00 2.000000E+00
3.620513E+00 -7.048420E-01 2.000000E+00
2.678921E+00 -5.405693E-01 2.000000E+00
2.138106E+00 -1.300339E+00 2.000000E+00
3.056452E+00 -1.573281E+00 2.000000E+00
6 0 1
6 1 2
6 2 3
6 3 4
6 4 5
6 5 0
1192 6 0 
1192 6 0 
1192 6 0 
1192 5 0 
1192 5 0 
1192 5 0 
1305 5 0 
1305 5 0 
1305 5 0 









1192 6 0 1192 5 0 1305 5 0 1313 3 0 1313 4 0 1313 5 0 
1192 6 0 1192 5 0 1305 5 0 1313 3 0 1313 4 0 1313 5 0 
1192 6 0 1192 5 0 1305 5 0 1313 3 0 1313 4 0 1313 5 0 
0 0 0
0 0 0
0 0 0
0 0 0
0 0 0
0 0 0
0 0 0
