2
4049 4050 4051 4052 4053 4054 4056 4057 
5
4
4.492493E+01 4.474851E+00 0.000000E+00
4.368105E+01 4.483477E+00 0.000000E+00
4.492493E+01 4.474851E+00 2.000000E+00
4.368105E+01 4.483477E+00 2.000000E+00
4.430299E+01 4.479164E+00 1.000000E+00
0 1 4
1 3 4
3 2 4
2 0 4
4049 4 0 
4049 4 0 
4049 4 0 
4040 3 0 
4040 3 0 
4040 3 0 
4050 4 0 
4050 4 0 
4050 4 0 
4041 3 0 
4041 3 0 
4041 3 0 
4049 4 0 4040 3 0 4050 4 0 4041 3 0 
4049 4 0 4040 3 0 4050 4 0 4041 3 0 
4049 4 0 4040 3 0 4050 4 0 4041 3 0 
0 0 0
0 0 0
0 0 0
0 0 0
0 0 0
