1
1774 1775 1776 1777 1778 1779 1780 
7
6
-5.606860E+01 -6.523951E+00 0.000000E+00
-5.510752E+01 -6.840329E+00 0.000000E+00
-5.428410E+01 -6.149993E+00 0.000000E+00
-5.435286E+01 -5.594942E+00 0.000000E+00
-5.548161E+01 -4.891034E+00 0.000000E+00
-5.613087E+01 -5.134005E+00 0.000000E+00
-5.523759E+01 -5.855709E+00 0.000000E+00
1 0 6
2 1 6
3 2 6
4 3 6
5 4 6
0 5 6
1724 5 0 
1724 5 0 
1724 5 0 
1717 4 0 
1717 4 0 
1717 4 0 
1708 0 0 
1708 0 0 
1708 0 0 
1708 6 0 
1708 6 0 
1708 6 0 



1764 4 0 
1764 4 0 
1764 4 0 
1724 5 0 1717 4 0 1708 0 0 1708 6 0 1773 4 0 1764 4 0 
1724 5 0 1717 4 0 1708 0 0 1708 6 0 1773 4 0 1764 4 0 
1724 5 0 1717 4 0 1708 0 0 1708 6 0 1773 4 0 1764 4 0 
0 0 0
0 0 0
0 0 0
0 0 0
0 0 0
0 0 0
0 0 0
