2
2534 2535 2536 2538 2539 2540 
5
4
-3.027259E+01 -1.777445E+00 0.000000E+00
-2.927226E+01 -6.932010E-01 0.000000E+00
-3.027259E+01 -1.777445E+00 2.000000E+00
-2.927226E+01 -6.932010E-01 2.000000E+00
-2.977242E+01 -1.235323E+00 1.000000E+00
0 1 4
1 3 4
3 2 4
2 0 4
2518 5 0 
2518 5 0 
2518 5 0 
2518 4 0 
2518 4 0 
2518 4 0 
2519 5 0 
2519 5 0 
2519 5 0 
2519 4 0 
2519 4 0 
2519 4 0 
2518 5 0 2518 4 0 2519 5 0 2519 4 0 
2518 5 0 2518 4 0 2519 5 0 2519 4 0 
2518 5 0 2518 4 0 2519 5 0 2519 4 0 
0 0 0
0 0 0
0 0 0
0 0 0
0 0 0
