2
3826 3827 3828 3829 3831 3832 
5
4
4.051841E+01 2.776683E+00 0.000000E+00
3.945712E+01 2.487871E+00 0.000000E+00
4.051841E+01 2.776683E+00 2.000000E+00
3.945712E+01 2.487871E+00 2.000000E+00
3.998776E+01 2.632277E+00 1.000000E+00
0 1 4
1 3 4
3 2 4
2 0 4
3818 0 0 
3818 0 0 
3818 0 0 
3826 3 0 
3826 3 0 
3826 3 0 
3819 0 0 
3819 0 0 
3819 0 0 
3827 3 0 
3827 3 0 
3827 3 0 
3818 0 0 3826 3 0 3819 0 0 3827 3 0 
3818 0 0 3826 3 0 3819 0 0 3827 3 0 
3818 0 0 3826 3 0 3819 0 0 3827 3 0 
0 0 0
0 0 0
0 0 0
0 0 0
0 0 0
