6
5730 5731 5732 5733 5734 5736 5737 
5
4
-5.115827E+01 6.945550E+00 0.000000E+00
-5.188877E+01 7.751436E+00 0.000000E+00
-5.115827E+01 6.945550E+00 2.000000E+00
-5.188877E+01 7.751436E+00 2.000000E+00
-5.152352E+01 7.348493E+00 1.000000E+00
0 1 4
1 3 4
3 2 4
2 0 4
5722 4 0 
5722 4 0 
5722 4 0 
5730 4 0 
5730 4 0 
5730 4 0 
5723 4 0 
5723 4 0 
5723 4 0 
5731 4 0 
5731 4 0 
5731 4 0 
5722 4 0 5730 4 0 5723 4 0 5731 4 0 
5722 4 0 5730 4 0 5723 4 0 5731 4 0 
5722 4 0 5730 4 0 5723 4 0 5731 4 0 
0 0 0
0 0 0
0 0 0
0 0 0
0 0 0
