1
2031 2032 2033 2034 2035 2036 2037 
7
6
-2.497001E+01 -3.943782E+00 0.000000E+00
-2.436517E+01 -3.870570E+00 0.000000E+00
-2.387320E+01 -2.681110E+00 0.000000E+00
-2.425183E+01 -2.172240E+00 0.000000E+00
-2.554403E+01 -2.263629E+00 0.000000E+00
-2.579164E+01 -2.755976E+00 0.000000E+00
-2.479931E+01 -2.947884E+00 0.000000E+00
1 0 6
2 1 6
3 2 6
4 3 6
5 4 6
0 5 6
1550 5 0 
1550 5 0 
1550 5 0 
1550 4 0 
1550 4 0 
1550 4 0 









2023 3 0 
2023 3 0 
2023 3 0 
1550 5 0 1550 4 0 2030 2 0 2030 3 0 2030 4 0 2023 3 0 
1550 5 0 1550 4 0 2030 2 0 2030 3 0 2030 4 0 2023 3 0 
1550 5 0 1550 4 0 2030 2 0 2030 3 0 2030 4 0 2023 3 0 
0 0 0
0 0 0
0 0 0
0 0 0
0 0 0
0 0 0
0 0 0
