2
5870 5871 5873 5874 5875 5876 5877 5878 5879 
5
4
4.981678E+01 5.346831E+00 0.000000E+00
5.019492E+01 4.972386E+00 0.000000E+00
4.981678E+01 5.346831E+00 2.000000E+00
5.019492E+01 4.972386E+00 2.000000E+00
5.000585E+01 5.159609E+00 1.000000E+00
0 1 4
1 3 4
3 2 4
2 0 4
4153 4 0 
4153 4 0 
4153 4 0 
4145 5 0 
4145 5 0 
4145 5 0 
4154 4 0 
4154 4 0 
4154 4 0 
4146 5 0 
4146 5 0 
4146 5 0 
4153 4 0 4145 5 0 4154 4 0 4146 5 0 
4153 4 0 4145 5 0 4154 4 0 4146 5 0 
4153 4 0 4145 5 0 4154 4 0 4146 5 0 
0 0 0
0 0 0
0 0 0
0 0 0
0 0 0
