2
4066 4067 4069 4070 4071 4072 4073 
5
4
4.728216E+01 2.439825E+00 0.000000E+00
4.814076E+01 2.465332E+00 0.000000E+00
4.728216E+01 2.439825E+00 2.000000E+00
4.814076E+01 2.465332E+00 2.000000E+00
4.771146E+01 2.452579E+00 1.000000E+00
0 1 4
1 3 4
3 2 4
2 0 4
3780 5 0 
3780 5 0 
3780 5 0 
3780 4 0 
3780 4 0 
3780 4 0 
3781 5 0 
3781 5 0 
3781 5 0 
3781 4 0 
3781 4 0 
3781 4 0 
3780 5 0 3780 4 0 3781 5 0 3781 4 0 
3780 5 0 3780 4 0 3781 5 0 3781 4 0 
3780 5 0 3780 4 0 3781 5 0 3781 4 0 
0 0 0
0 0 0
0 0 0
0 0 0
0 0 0
