2
2541 2542 2543 2544 2545 2546 2547 2549 
5
4
-3.210541E+01 2.755489E-01 0.000000E+00
-3.298071E+01 -3.698558E-01 0.000000E+00
-3.210541E+01 2.755489E-01 2.000000E+00
-3.298071E+01 -3.698558E-01 2.000000E+00
-3.254306E+01 -4.715341E-02 1.000000E+00
0 1 4
1 3 4
3 2 4
2 0 4
2541 5 0 
2541 5 0 
2541 5 0 
2541 6 0 
2541 6 0 
2541 6 0 
2542 5 0 
2542 5 0 
2542 5 0 
2542 6 0 
2542 6 0 
2542 6 0 
2541 5 0 2541 6 0 2542 5 0 2542 6 0 
2541 5 0 2541 6 0 2542 5 0 2542 6 0 
2541 5 0 2541 6 0 2542 5 0 2542 6 0 
0 0 0
0 0 0
0 0 0
0 0 0
0 0 0
