2
5801 5802 5803 5804 5806 5807 
5
4
3.733177E+01 6.851680E+00 0.000000E+00
3.725345E+01 8.142956E+00 0.000000E+00
3.733177E+01 6.851680E+00 2.000000E+00
3.725345E+01 8.142956E+00 2.000000E+00
3.729261E+01 7.497318E+00 1.000000E+00
0 1 4
1 3 4
3 2 4
2 0 4
4210 4 0 
4210 4 0 
4210 4 0 
5801 3 0 
5801 3 0 
5801 3 0 
4211 4 0 
4211 4 0 
4211 4 0 
5802 3 0 
5802 3 0 
5802 3 0 
4210 4 0 5801 3 0 4211 4 0 5802 3 0 
4210 4 0 5801 3 0 4211 4 0 5802 3 0 
4210 4 0 5801 3 0 4211 4 0 5802 3 0 
0 0 0
0 0 0
0 0 0
0 0 0
0 0 0
