1
3635 3636 3637 3638 3639 3640 
6
5
4.158262E+01 -1.219352E+00 0.000000E+00
4.276651E+01 -1.386327E+00 0.000000E+00
4.325410E+01 -4.215568E-01 0.000000E+00
4.248825E+01 4.480542E-01 0.000000E+00
4.139436E+01 -1.336282E-02 0.000000E+00
4.229717E+01 -5.185089E-01 0.000000E+00
1 0 5
2 1 5
3 2 5
4 3 5
0 4 5
3618 4 0 
3618 4 0 
3618 4 0 
3618 3 0 
3618 3 0 
3618 3 0 
3626 5 0 
3626 5 0 
3626 5 0 






3618 4 0 3618 3 0 3626 5 0 3634 3 0 3634 4 0 
3618 4 0 3618 3 0 3626 5 0 3634 3 0 3634 4 0 
3618 4 0 3618 3 0 3626 5 0 3634 3 0 3634 4 0 
0 0 0
0 0 0
0 0 0
0 0 0
0 0 0
0 0 0
