2
2432 2433 2434 2435 2436 2438 
5
4
-1.279071E+01 3.968170E-01 0.000000E+00
-1.369506E+01 6.910217E-01 0.000000E+00
-1.279071E+01 3.968170E-01 2.000000E+00
-1.369506E+01 6.910217E-01 2.000000E+00
-1.324288E+01 5.439193E-01 1.000000E+00
0 1 4
1 3 4
3 2 4
2 0 4
2424 5 0 
2424 5 0 
2424 5 0 
2432 4 0 
2432 4 0 
2432 4 0 
2425 5 0 
2425 5 0 
2425 5 0 
2433 4 0 
2433 4 0 
2433 4 0 
2424 5 0 2432 4 0 2425 5 0 2433 4 0 
2424 5 0 2432 4 0 2425 5 0 2433 4 0 
2424 5 0 2432 4 0 2425 5 0 2433 4 0 
0 0 0
0 0 0
0 0 0
0 0 0
0 0 0
