2
1942 1943 1944 1945 1946 1947 1948 
5
4
-3.824745E+01 -3.733453E+00 0.000000E+00
-3.736939E+01 -4.808579E+00 0.000000E+00
-3.824745E+01 -3.733453E+00 2.000000E+00
-3.736939E+01 -4.808579E+00 2.000000E+00
-3.780842E+01 -4.271016E+00 1.000000E+00
0 1 4
1 3 4
3 2 4
2 0 4
1630 3 0 
1630 3 0 
1630 3 0 
1621 6 0 
1621 6 0 
1621 6 0 
1631 3 0 
1631 3 0 
1631 3 0 
1622 6 0 
1622 6 0 
1622 6 0 
1630 3 0 1621 6 0 1631 3 0 1622 6 0 
1630 3 0 1621 6 0 1631 3 0 1622 6 0 
1630 3 0 1621 6 0 1631 3 0 1622 6 0 
0 0 0
0 0 0
0 0 0
0 0 0
0 0 0
