1
4539 4540 4541 4542 4543 4544 
6
5
2.797082E+01 6.707574E+00 0.000000E+00
2.903227E+01 6.677316E+00 0.000000E+00
2.933680E+01 7.910963E+00 0.000000E+00
2.853317E+01 8.360923E+00 0.000000E+00
2.769856E+01 7.681662E+00 0.000000E+00
2.851432E+01 7.467687E+00 0.000000E+00
1 0 5
2 1 5
3 2 5
4 3 5
0 4 5
4474 6 0 
4474 6 0 
4474 6 0 
4474 5 0 
4474 5 0 
4474 5 0 
4529 6 0 
4529 6 0 
4529 6 0 






4474 6 0 4474 5 0 4529 6 0 4538 3 0 4538 4 0 
4474 6 0 4474 5 0 4529 6 0 4538 3 0 4538 4 0 
4474 6 0 4474 5 0 4529 6 0 4538 3 0 4538 4 0 
0 0 0
0 0 0
0 0 0
0 0 0
0 0 0
0 0 0
