2
188 189 190 191 192 193 194 
5
4
-1.523600E+01 -7.164392E+00 0.000000E+00
-1.559040E+01 -8.148518E+00 0.000000E+00
-1.523600E+01 -7.164392E+00 2.000000E+00
-1.559040E+01 -8.148518E+00 2.000000E+00
-1.541320E+01 -7.656455E+00 1.000000E+00
0 1 4
1 3 4
3 2 4
2 0 4
180 3 0 
180 3 0 
180 3 0 
180 2 0 
180 2 0 
180 2 0 
181 3 0 
181 3 0 
181 3 0 
181 2 0 
181 2 0 
181 2 0 
180 3 0 180 2 0 181 3 0 181 2 0 
180 3 0 180 2 0 181 3 0 181 2 0 
180 3 0 180 2 0 181 3 0 181 2 0 
0 0 0
0 0 0
0 0 0
0 0 0
0 0 0
