1
83 84 85 86 87 88 
6
5
-3.643296E+01 -7.988699E+00 0.000000E+00
-3.553998E+01 -8.162090E+00 0.000000E+00
-3.494228E+01 -6.997747E+00 0.000000E+00
-3.579164E+01 -6.183721E+00 0.000000E+00
-3.666938E+01 -6.734378E+00 0.000000E+00
-3.587525E+01 -7.213327E+00 0.000000E+00
1 0 5
2 1 5
3 2 5
4 3 5
0 4 5
75 2 0 
75 2 0 
75 2 0 









75 3 0 
75 3 0 
75 3 0 
75 2 0 82 1 0 82 2 0 82 3 0 75 3 0 
75 2 0 82 1 0 82 2 0 82 3 0 75 3 0 
75 2 0 82 1 0 82 2 0 82 3 0 75 3 0 
0 0 0
0 0 0
0 0 0
0 0 0
0 0 0
0 0 0
