6
4579 4580 4581 4582 4583 4584 4586 
5
4
1.886671E+01 7.618309E+00 0.000000E+00
1.791941E+01 7.182083E+00 0.000000E+00
1.886671E+01 7.618309E+00 2.000000E+00
1.791941E+01 7.182083E+00 2.000000E+00
1.839306E+01 7.400196E+00 1.000000E+00
0 1 4
1 3 4
3 2 4
2 0 4
4579 4 0 
4579 4 0 
4579 4 0 
4579 5 0 
4579 5 0 
4579 5 0 
4580 4 0 
4580 4 0 
4580 4 0 
4580 5 0 
4580 5 0 
4580 5 0 
4579 4 0 4579 5 0 4580 4 0 4580 5 0 
4579 4 0 4579 5 0 4580 4 0 4580 5 0 
4579 4 0 4579 5 0 4580 4 0 4580 5 0 
0 0 0
0 0 0
0 0 0
0 0 0
0 0 0
