5
291 292 293 295 296 297 298 299 
5
4
2.671251E+00 -8.159285E+00 0.000000E+00
3.511724E+00 -7.982311E+00 0.000000E+00
2.671251E+00 -8.159285E+00 2.000000E+00
3.511724E+00 -7.982311E+00 2.000000E+00
3.091488E+00 -8.070798E+00 1.000000E+00
0 1 4
1 3 4
3 2 4
2 0 4
291 1 0 
291 1 0 
291 1 0 
291 2 0 
291 2 0 
291 2 0 
292 1 0 
292 1 0 
292 1 0 
292 2 0 
292 2 0 
292 2 0 
291 1 0 291 2 0 292 1 0 292 2 0 
291 1 0 291 2 0 292 1 0 292 2 0 
291 1 0 291 2 0 292 1 0 292 2 0 
0 0 0
0 0 0
0 0 0
0 0 0
0 0 0
