0
2665 2667 2668 2669 2670 2671 2672 
7
6
-4.896207E+01 -6.808125E-01 2.000000E+00
-4.896515E+01 -1.583193E+00 2.000000E+00
-4.806552E+01 -2.002595E+00 2.000000E+00
-4.693126E+01 -1.251061E+00 2.000000E+00
-4.693661E+01 -6.543102E-01 2.000000E+00
-4.792461E+01 -1.026528E-01 2.000000E+00
-4.796420E+01 -1.045771E+00 2.000000E+00
6 0 1
6 1 2
6 2 3
6 3 4
6 4 5
6 5 0
2658 3 0 
2658 3 0 
2658 3 0 
2618 5 0 
2618 5 0 
2618 5 0 
2611 4 0 
2611 4 0 
2611 4 0 
2611 3 0 
2611 3 0 
2611 3 0 






2658 3 0 2618 5 0 2611 4 0 2611 3 0 2666 4 0 2666 5 0 
2658 3 0 2618 5 0 2611 4 0 2611 3 0 2666 4 0 2666 5 0 
2658 3 0 2618 5 0 2611 4 0 2611 3 0 2666 4 0 2666 5 0 
0 0 0
0 0 0
0 0 0
0 0 0
0 0 0
0 0 0
0 0 0
