2
3195 3196 3197 3199 3200 3201 
5
4
1.003435E+01 7.091229E-01 0.000000E+00
1.072241E+01 1.808627E+00 0.000000E+00
1.003435E+01 7.091229E-01 2.000000E+00
1.072241E+01 1.808627E+00 2.000000E+00
1.037838E+01 1.258875E+00 1.000000E+00
0 1 4
1 3 4
3 2 4
2 0 4
2296 0 0 
2296 0 0 
2296 0 0 
2296 5 0 
2296 5 0 
2296 5 0 
2297 0 0 
2297 0 0 
2297 0 0 
2297 5 0 
2297 5 0 
2297 5 0 
2296 0 0 2296 5 0 2297 0 0 2297 5 0 
2296 0 0 2296 5 0 2297 0 0 2297 5 0 
2296 0 0 2296 5 0 2297 0 0 2297 5 0 
0 0 0
0 0 0
0 0 0
0 0 0
0 0 0
