1
3781 3782 3783 3784 3785 3786 3787 3788 
8
7
4.706438E+01 6.643377E-01 0.000000E+00
4.758100E+01 2.845322E-01 0.000000E+00
4.841804E+01 5.589607E-01 0.000000E+00
4.874656E+01 1.696368E+00 0.000000E+00
4.814076E+01 2.465332E+00 0.000000E+00
4.728216E+01 2.439825E+00 0.000000E+00
4.689120E+01 1.908805E+00 0.000000E+00
4.773202E+01 1.431166E+00 0.000000E+00
1 0 7
2 1 7
3 2 7
4 3 7
5 4 7
6 5 7
0 6 7
3740 4 0 
3740 4 0 
3740 4 0 
3740 3 0 
3740 3 0 
3740 3 0 
3748 4 0 
3748 4 0 
3748 4 0 
3772 5 0 
3772 5 0 
3772 5 0 









3740 4 0 3740 3 0 3748 4 0 3772 5 0 3780 4 0 3780 5 0 3780 6 0 
3740 4 0 3740 3 0 3748 4 0 3772 5 0 3780 4 0 3780 5 0 3780 6 0 
3740 4 0 3740 3 0 3748 4 0 3772 5 0 3780 4 0 3780 5 0 3780 6 0 
0 0 0
0 0 0
0 0 0
0 0 0
0 0 0
0 0 0
0 0 0
0 0 0
