2
4498 4499 4500 4501 4502 4503 4505 
5
4
3.312308E+01 6.368673E+00 0.000000E+00
3.216265E+01 6.346182E+00 0.000000E+00
3.312308E+01 6.368673E+00 2.000000E+00
3.216265E+01 6.346182E+00 2.000000E+00
3.264286E+01 6.357428E+00 1.000000E+00
0 1 4
1 3 4
3 2 4
2 0 4
4498 4 0 
4498 4 0 
4498 4 0 
4490 2 0 
4490 2 0 
4490 2 0 
4499 4 0 
4499 4 0 
4499 4 0 
4491 2 0 
4491 2 0 
4491 2 0 
4498 4 0 4490 2 0 4499 4 0 4491 2 0 
4498 4 0 4490 2 0 4499 4 0 4491 2 0 
4498 4 0 4490 2 0 4499 4 0 4491 2 0 
0 0 0
0 0 0
0 0 0
0 0 0
0 0 0
