1
3993 3994 3995 3996 3997 3998 3999 4000 
8
7
3.354192E+01 3.613200E+00 0.000000E+00
3.416102E+01 2.895785E+00 0.000000E+00
3.498606E+01 2.903065E+00 0.000000E+00
3.551420E+01 3.672629E+00 0.000000E+00
3.517935E+01 4.778775E+00 0.000000E+00
3.476732E+01 4.930713E+00 0.000000E+00
3.364246E+01 4.241463E+00 0.000000E+00
3.454176E+01 3.862233E+00 0.000000E+00
1 0 7
2 1 7
3 2 7
4 3 7
5 4 7
6 5 7
0 6 7
3985 3 0 
3985 3 0 
3985 3 0 
3857 5 0 
3857 5 0 
3857 5 0 
3857 4 0 
3857 4 0 
3857 4 0 












3985 3 0 3857 5 0 3857 4 0 3992 3 0 3992 4 0 3992 5 0 3992 6 0 
3985 3 0 3857 5 0 3857 4 0 3992 3 0 3992 4 0 3992 5 0 3992 6 0 
3985 3 0 3857 5 0 3857 4 0 3992 3 0 3992 4 0 3992 5 0 3992 6 0 
0 0 0
0 0 0
0 0 0
0 0 0
0 0 0
0 0 0
0 0 0
0 0 0
