2
2501 2502 2503 2504 2506 2507 2508 2509 2510 
5
4
-2.671899E+01 -3.065267E+00 0.000000E+00
-2.579164E+01 -2.755976E+00 0.000000E+00
-2.671899E+01 -3.065267E+00 2.000000E+00
-2.579164E+01 -2.755976E+00 2.000000E+00
-2.625532E+01 -2.910622E+00 1.000000E+00
0 1 4
1 3 4
3 2 4
2 0 4
2007 4 0 
2007 4 0 
2007 4 0 
2023 3 0 
2023 3 0 
2023 3 0 
2008 4 0 
2008 4 0 
2008 4 0 
2024 3 0 
2024 3 0 
2024 3 0 
2007 4 0 2023 3 0 2008 4 0 2024 3 0 
2007 4 0 2023 3 0 2008 4 0 2024 3 0 
2007 4 0 2023 3 0 2008 4 0 2024 3 0 
0 0 0
0 0 0
0 0 0
0 0 0
0 0 0
