2
4991 4992 4993 4994 4996 4997 4998 
5
4
-3.237815E+01 4.947982E+00 0.000000E+00
-3.251533E+01 5.410800E+00 0.000000E+00
-3.237815E+01 4.947982E+00 2.000000E+00
-3.251533E+01 5.410800E+00 2.000000E+00
-3.244674E+01 5.179391E+00 1.000000E+00
0 1 4
1 3 4
3 2 4
2 0 4
4856 4 0 
4856 4 0 
4856 4 0 
4982 0 0 
4982 0 0 
4982 0 0 
4857 4 0 
4857 4 0 
4857 4 0 
4983 0 0 
4983 0 0 
4983 0 0 
4856 4 0 4982 0 0 4857 4 0 4983 0 0 
4856 4 0 4982 0 0 4857 4 0 4983 0 0 
4856 4 0 4982 0 0 4857 4 0 4983 0 0 
0 0 0
0 0 0
0 0 0
0 0 0
0 0 0
