1
4636 4637 4638 4639 4640 4641 
6
5
6.821681E+00 4.858976E+00 0.000000E+00
8.016898E+00 4.714384E+00 0.000000E+00
8.517011E+00 5.605839E+00 0.000000E+00
7.779213E+00 6.441302E+00 0.000000E+00
6.620951E+00 5.870716E+00 0.000000E+00
7.551151E+00 5.498243E+00 0.000000E+00
1 0 5
2 1 5
3 2 5
4 3 5
0 4 5
4371 4 0 
4371 4 0 
4371 4 0 
4371 3 0 
4371 3 0 
4371 3 0 
4379 4 0 
4379 4 0 
4379 4 0 
4626 0 0 
4626 0 0 
4626 0 0 



4371 4 0 4371 3 0 4379 4 0 4626 0 0 4635 4 0 
4371 4 0 4371 3 0 4379 4 0 4626 0 0 4635 4 0 
4371 4 0 4371 3 0 4379 4 0 4626 0 0 4635 4 0 
0 0 0
0 0 0
0 0 0
0 0 0
0 0 0
0 0 0
