2
5007 5008 5009 5010 5012 5013 5014 
5
4
-3.527988E+01 3.324016E+00 0.000000E+00
-3.508027E+01 4.279002E+00 0.000000E+00
-3.527988E+01 3.324016E+00 2.000000E+00
-3.508027E+01 4.279002E+00 2.000000E+00
-3.518008E+01 3.801509E+00 1.000000E+00
0 1 4
1 3 4
3 2 4
2 0 4
2942 4 0 
2942 4 0 
2942 4 0 
4847 5 0 
4847 5 0 
4847 5 0 
2943 4 0 
2943 4 0 
2943 4 0 
4848 5 0 
4848 5 0 
4848 5 0 
2942 4 0 4847 5 0 2943 4 0 4848 5 0 
2942 4 0 4847 5 0 2943 4 0 4848 5 0 
2942 4 0 4847 5 0 2943 4 0 4848 5 0 
0 0 0
0 0 0
0 0 0
0 0 0
0 0 0
