2
2895 2896 2898 2899 2900 2901 2902 
5
4
-4.287612E+01 9.811255E-01 0.000000E+00
-4.222573E+01 2.475288E-03 0.000000E+00
-4.287612E+01 9.811255E-01 2.000000E+00
-4.222573E+01 2.475288E-03 2.000000E+00
-4.255092E+01 4.918004E-01 1.000000E+00
0 1 4
1 3 4
3 2 4
2 0 4
2689 3 0 
2689 3 0 
2689 3 0 
2584 6 0 
2584 6 0 
2584 6 0 
2690 3 0 
2690 3 0 
2690 3 0 
2585 6 0 
2585 6 0 
2585 6 0 
2689 3 0 2584 6 0 2690 3 0 2585 6 0 
2689 3 0 2584 6 0 2690 3 0 2585 6 0 
2689 3 0 2584 6 0 2690 3 0 2585 6 0 
0 0 0
0 0 0
0 0 0
0 0 0
0 0 0
