1
2171 2172 2173 2174 2175 2176 2177 
7
6
2.678921E+00 -5.405693E-01 0.000000E+00
3.620513E+00 -7.048420E-01 0.000000E+00
4.228280E+00 -4.827972E-02 0.000000E+00
4.067262E+00 9.407007E-01 0.000000E+00
3.324680E+00 1.323772E+00 0.000000E+00
2.331410E+00 5.296028E-01 0.000000E+00
3.375178E+00 2.500641E-01 0.000000E+00
1 0 6
2 1 6
3 2 6
4 3 6
5 4 6
0 5 6
1312 4 0 
1312 4 0 
1312 4 0 
1312 3 0 
1312 3 0 
1312 3 0 









2161 5 0 
2161 5 0 
2161 5 0 
1312 4 0 1312 3 0 2170 2 0 2170 3 0 2170 4 0 2161 5 0 
1312 4 0 1312 3 0 2170 2 0 2170 3 0 2170 4 0 2161 5 0 
1312 4 0 1312 3 0 2170 2 0 2170 3 0 2170 4 0 2161 5 0 
0 0 0
0 0 0
0 0 0
0 0 0
0 0 0
0 0 0
0 0 0
