2
4896 4897 4898 4900 4901 4902 4903 
5
4
-2.588601E+01 1.899757E+00 0.000000E+00
-2.470326E+01 2.145841E+00 0.000000E+00
-2.588601E+01 1.899757E+00 2.000000E+00
-2.470326E+01 2.145841E+00 2.000000E+00
-2.529464E+01 2.022799E+00 1.000000E+00
0 1 4
1 3 4
3 2 4
2 0 4
4798 5 0 
4798 5 0 
4798 5 0 
4798 4 0 
4798 4 0 
4798 4 0 
4799 5 0 
4799 5 0 
4799 5 0 
4799 4 0 
4799 4 0 
4799 4 0 
4798 5 0 4798 4 0 4799 5 0 4799 4 0 
4798 5 0 4798 4 0 4799 5 0 4799 4 0 
4798 5 0 4798 4 0 4799 5 0 4799 4 0 
0 0 0
0 0 0
0 0 0
0 0 0
0 0 0
