2
3553 3554 3555 3556 3557 3559 3560 3561 
5
4
5.569630E+01 -1.175992E+00 0.000000E+00
5.573100E+01 -3.323756E-01 0.000000E+00
5.569630E+01 -1.175992E+00 2.000000E+00
5.573100E+01 -3.323756E-01 2.000000E+00
5.571365E+01 -7.541837E-01 1.000000E+00
0 1 4
1 3 4
3 2 4
2 0 4
3482 3 0 
3482 3 0 
3482 3 0 
3489 5 0 
3489 5 0 
3489 5 0 
3483 3 0 
3483 3 0 
3483 3 0 
3490 5 0 
3490 5 0 
3490 5 0 
3482 3 0 3489 5 0 3483 3 0 3490 5 0 
3482 3 0 3489 5 0 3483 3 0 3490 5 0 
3482 3 0 3489 5 0 3483 3 0 3490 5 0 
0 0 0
0 0 0
0 0 0
0 0 0
0 0 0
