2
2471 2472 2473 2474 2476 2477 
5
4
-2.004654E+01 -1.147043E+00 0.000000E+00
-2.024631E+01 7.574770E-02 0.000000E+00
-2.004654E+01 -1.147043E+00 2.000000E+00
-2.024631E+01 7.574770E-02 2.000000E+00
-2.014643E+01 -5.356474E-01 1.000000E+00
0 1 4
1 3 4
3 2 4
2 0 4
2053 5 0 
2053 5 0 
2053 5 0 
2463 5 0 
2463 5 0 
2463 5 0 
2054 5 0 
2054 5 0 
2054 5 0 
2464 5 0 
2464 5 0 
2464 5 0 
2053 5 0 2463 5 0 2054 5 0 2464 5 0 
2053 5 0 2463 5 0 2054 5 0 2464 5 0 
2053 5 0 2463 5 0 2054 5 0 2464 5 0 
0 0 0
0 0 0
0 0 0
0 0 0
0 0 0
