2
3378 3379 3381 3382 3383 3384 3385 
5
4
4.426448E+01 -5.025378E+00 0.000000E+00
4.496660E+01 -5.427048E+00 0.000000E+00
4.426448E+01 -5.025378E+00 2.000000E+00
4.496660E+01 -5.427048E+00 2.000000E+00
4.461554E+01 -5.226213E+00 1.000000E+00
0 1 4
1 3 4
3 2 4
2 0 4
692 4 0 
692 4 0 
692 4 0 
685 4 0 
685 4 0 
685 4 0 
693 4 0 
693 4 0 
693 4 0 
686 4 0 
686 4 0 
686 4 0 
692 4 0 685 4 0 693 4 0 686 4 0 
692 4 0 685 4 0 693 4 0 686 4 0 
692 4 0 685 4 0 693 4 0 686 4 0 
0 0 0
0 0 0
0 0 0
0 0 0
0 0 0
