0
2760 2762 2763 2764 2765 2766 2767 
7
6
-5.812406E+01 -2.145257E+00 2.000000E+00
-5.717497E+01 -1.763094E+00 2.000000E+00
-5.700439E+01 -7.962041E-01 2.000000E+00
-5.745161E+01 -3.023286E-01 2.000000E+00
-5.847836E+01 -3.475564E-01 2.000000E+00
-5.897180E+01 -1.087034E+00 2.000000E+00
-5.786753E+01 -1.073579E+00 2.000000E+00
6 0 1
6 1 2
6 2 3
6 3 4
6 4 5
6 5 0
1828 4 0 
1828 4 0 
1828 4 0 
1838 4 0 
1838 4 0 
1838 4 0 
2754 4 0 
2754 4 0 
2754 4 0 






1828 5 0 
1828 5 0 
1828 5 0 
1828 4 0 1838 4 0 2754 4 0 2761 3 0 2761 4 0 1828 5 0 
1828 4 0 1838 4 0 2754 4 0 2761 3 0 2761 4 0 1828 5 0 
1828 4 0 1838 4 0 2754 4 0 2761 3 0 2761 4 0 1828 5 0 
0 0 0
0 0 0
0 0 0
0 0 0
0 0 0
0 0 0
0 0 0
