1
1 2 3 4 5 6 7 
7
6
-5.358555E+01 -7.869744E+00 0.000000E+00
-5.287304E+01 -8.695332E+00 0.000000E+00
-5.188877E+01 -8.463906E+00 0.000000E+00
-5.171786E+01 -7.558604E+00 0.000000E+00
-5.275873E+01 -6.636810E+00 0.000000E+00
-5.329221E+01 -6.796207E+00 0.000000E+00
-5.268603E+01 -7.670100E+00 0.000000E+00
1 0 6
2 1 6
3 2 6
4 3 6
5 4 6
0 5 6


















0 0 0 0 1 0 0 2 0 0 3 0 0 4 0 0 5 0 
0 0 0 0 1 0 0 2 0 0 3 0 0 4 0 0 5 0 
0 0 0 0 1 0 0 2 0 0 3 0 0 4 0 0 5 0 
0 0 0
0 0 0
0 0 0
0 0 0
0 0 0
0 0 0
0 0 0
