2
3535 3536 3537 3538 3539 3540 3542 3543 
5
4
5.938140E+01 2.415097E+00 0.000000E+00
5.874981E+01 2.946117E+00 0.000000E+00
5.938140E+01 2.415097E+00 2.000000E+00
5.874981E+01 2.946117E+00 2.000000E+00
5.906560E+01 2.680607E+00 1.000000E+00
0 1 4
1 3 4
3 2 4
2 0 4
3527 5 0 
3527 5 0 
3527 5 0 
3535 5 0 
3535 5 0 
3535 5 0 
3528 5 0 
3528 5 0 
3528 5 0 
3536 5 0 
3536 5 0 
3536 5 0 
3527 5 0 3535 5 0 3528 5 0 3536 5 0 
3527 5 0 3535 5 0 3528 5 0 3536 5 0 
3527 5 0 3535 5 0 3528 5 0 3536 5 0 
0 0 0
0 0 0
0 0 0
0 0 0
0 0 0
