2
1201 1202 1203 1204 1205 1207 
5
4
4.905903E+00 -3.410476E+00 0.000000E+00
3.716994E+00 -3.406325E+00 0.000000E+00
4.905903E+00 -3.410476E+00 2.000000E+00
3.716994E+00 -3.406325E+00 2.000000E+00
4.311449E+00 -3.408400E+00 1.000000E+00
0 1 4
1 3 4
3 2 4
2 0 4
1201 3 0 
1201 3 0 
1201 3 0 
1191 4 0 
1191 4 0 
1191 4 0 
1202 3 0 
1202 3 0 
1202 3 0 
1192 4 0 
1192 4 0 
1192 4 0 
1201 3 0 1191 4 0 1202 3 0 1192 4 0 
1201 3 0 1191 4 0 1202 3 0 1192 4 0 
1201 3 0 1191 4 0 1202 3 0 1192 4 0 
0 0 0
0 0 0
0 0 0
0 0 0
0 0 0
