1
2714 2715 2716 2717 2718 2719 2720 
7
6
-4.896207E+01 -6.808125E-01 0.000000E+00
-4.792461E+01 -1.026528E-01 0.000000E+00
-4.792817E+01 6.563241E-01 0.000000E+00
-4.887012E+01 1.231842E+00 0.000000E+00
-4.986104E+01 7.619979E-01 0.000000E+00
-4.993645E+01 -3.992461E-02 0.000000E+00
-4.891374E+01 3.044624E-01 0.000000E+00
1 0 6
2 1 6
3 2 6
4 3 6
5 4 6
0 5 6
2657 3 0 
2657 3 0 
2657 3 0 
2665 5 0 
2665 5 0 
2665 5 0 
2705 4 0 
2705 4 0 
2705 4 0 






2657 4 0 
2657 4 0 
2657 4 0 
2657 3 0 2665 5 0 2705 4 0 2713 3 0 2713 4 0 2657 4 0 
2657 3 0 2665 5 0 2705 4 0 2713 3 0 2713 4 0 2657 4 0 
2657 3 0 2665 5 0 2705 4 0 2713 3 0 2713 4 0 2657 4 0 
0 0 0
0 0 0
0 0 0
0 0 0
0 0 0
0 0 0
0 0 0
