1
5608 5609 5610 5611 5612 5613 
6
5
-5.700747E+01 4.374072E+00 0.000000E+00
-5.554095E+01 3.748322E+00 0.000000E+00
-5.510476E+01 4.412551E+00 0.000000E+00
-5.568073E+01 5.273716E+00 0.000000E+00
-5.676537E+01 5.235577E+00 0.000000E+00
-5.601986E+01 4.608848E+00 0.000000E+00
1 0 5
2 1 5
3 2 5
4 3 5
0 4 5
5557 4 0 
5557 4 0 
5557 4 0 
5548 0 0 
5548 0 0 
5548 0 0 
5548 6 0 
5548 6 0 
5548 6 0 



5598 3 0 
5598 3 0 
5598 3 0 
5557 4 0 5548 0 0 5548 6 0 5607 3 0 5598 3 0 
5557 4 0 5548 0 0 5548 6 0 5607 3 0 5598 3 0 
5557 4 0 5548 0 0 5548 6 0 5607 3 0 5598 3 0 
0 0 0
0 0 0
0 0 0
0 0 0
0 0 0
0 0 0
