0
3922 3924 3925 3926 3927 3928 3929 3930 
8
7
2.010994E+01 1.434730E+00 2.000000E+00
2.062138E+01 7.025557E-01 2.000000E+00
2.123334E+01 6.948307E-01 2.000000E+00
2.204930E+01 1.581169E+00 2.000000E+00
2.200779E+01 2.428361E+00 2.000000E+00
2.123480E+01 2.896547E+00 2.000000E+00
2.035447E+01 2.454581E+00 2.000000E+00
2.108729E+01 1.741825E+00 2.000000E+00
7 0 1
7 1 2
7 2 3
7 3 4
7 4 5
7 5 6
7 6 0
3245 3 0 
3245 3 0 
3245 3 0 
3245 2 0 
3245 2 0 
3245 2 0 
3253 4 0 
3253 4 0 
3253 4 0 
3916 3 0 
3916 3 0 
3916 3 0 









3245 3 0 3245 2 0 3253 4 0 3916 3 0 3923 4 0 3923 5 0 3923 6 0 
3245 3 0 3245 2 0 3253 4 0 3916 3 0 3923 4 0 3923 5 0 3923 6 0 
3245 3 0 3245 2 0 3253 4 0 3916 3 0 3923 4 0 3923 5 0 3923 6 0 
0 0 0
0 0 0
0 0 0
0 0 0
0 0 0
0 0 0
0 0 0
0 0 0
