2
5831 5832 5834 5835 5836 5837 5838 
5
4
4.143507E+01 7.115503E+00 0.000000E+00
4.206179E+01 6.447366E+00 0.000000E+00
4.143507E+01 7.115503E+00 2.000000E+00
4.206179E+01 6.447366E+00 2.000000E+00
4.174843E+01 6.781435E+00 1.000000E+00
0 1 4
1 3 4
3 2 4
2 0 4
4192 4 0 
4192 4 0 
4192 4 0 
4185 4 0 
4185 4 0 
4185 4 0 
4193 4 0 
4193 4 0 
4193 4 0 
4186 4 0 
4186 4 0 
4186 4 0 
4192 4 0 4185 4 0 4193 4 0 4186 4 0 
4192 4 0 4185 4 0 4193 4 0 4186 4 0 
4192 4 0 4185 4 0 4193 4 0 4186 4 0 
0 0 0
0 0 0
0 0 0
0 0 0
0 0 0
