2
3489 3490 3492 3493 3494 3495 3496 
5
4
5.569630E+01 -1.175992E+00 0.000000E+00
5.677073E+01 -1.879147E+00 0.000000E+00
5.569630E+01 -1.175992E+00 2.000000E+00
5.677073E+01 -1.879147E+00 2.000000E+00
5.623351E+01 -1.527570E+00 1.000000E+00
0 1 4
1 3 4
3 2 4
2 0 4
3482 3 0 
3482 3 0 
3482 3 0 
3474 5 0 
3474 5 0 
3474 5 0 
3483 3 0 
3483 3 0 
3483 3 0 
3475 5 0 
3475 5 0 
3475 5 0 
3482 3 0 3474 5 0 3483 3 0 3475 5 0 
3482 3 0 3474 5 0 3483 3 0 3475 5 0 
3482 3 0 3474 5 0 3483 3 0 3475 5 0 
0 0 0
0 0 0
0 0 0
0 0 0
0 0 0
