2
3882 3883 3884 3885 3886 3887 3889 
5
4
2.926772E+01 1.936193E+00 0.000000E+00
2.818875E+01 1.655830E+00 0.000000E+00
2.926772E+01 1.936193E+00 2.000000E+00
2.818875E+01 1.655830E+00 2.000000E+00
2.872824E+01 1.796011E+00 1.000000E+00
0 1 4
1 3 4
3 2 4
2 0 4
3882 4 0 
3882 4 0 
3882 4 0 
3882 5 0 
3882 5 0 
3882 5 0 
3883 4 0 
3883 4 0 
3883 4 0 
3883 5 0 
3883 5 0 
3883 5 0 
3882 4 0 3882 5 0 3883 4 0 3883 5 0 
3882 4 0 3882 5 0 3883 4 0 3883 5 0 
3882 4 0 3882 5 0 3883 4 0 3883 5 0 
0 0 0
0 0 0
0 0 0
0 0 0
0 0 0
