0
3285 3287 3288 3289 3290 3291 
6
5
2.625637E+01 -2.333809E+00 2.000000E+00
2.733177E+01 -2.535317E+00 2.000000E+00
2.786558E+01 -1.452750E+00 2.000000E+00
2.685747E+01 -6.494683E-01 2.000000E+00
2.598752E+01 -1.276960E+00 2.000000E+00
2.685974E+01 -1.649661E+00 2.000000E+00
5 0 1
5 1 2
5 2 3
5 3 4
5 4 0
975 5 0 
975 5 0 
975 5 0 
965 0 0 
965 0 0 
965 0 0 
965 7 0 
965 7 0 
965 7 0 
3277 2 0 
3277 2 0 
3277 2 0 
983 4 0 
983 4 0 
983 4 0 
975 5 0 965 0 0 965 7 0 3277 2 0 983 4 0 
975 5 0 965 0 0 965 7 0 3277 2 0 983 4 0 
975 5 0 965 0 0 965 7 0 3277 2 0 983 4 0 
0 0 0
0 0 0
0 0 0
0 0 0
0 0 0
0 0 0
