2
5888 5889 5891 5892 5893 5894 5895 
5
4
5.316460E+01 4.143490E+00 0.000000E+00
5.402644E+01 3.953138E+00 0.000000E+00
5.316460E+01 4.143490E+00 2.000000E+00
5.402644E+01 3.953138E+00 2.000000E+00
5.359552E+01 4.048314E+00 1.000000E+00
0 1 4
1 3 4
3 2 4
2 0 4
4129 5 0 
4129 5 0 
4129 5 0 
4121 5 0 
4121 5 0 
4121 5 0 
4130 5 0 
4130 5 0 
4130 5 0 
4122 5 0 
4122 5 0 
4122 5 0 
4129 5 0 4121 5 0 4130 5 0 4122 5 0 
4129 5 0 4121 5 0 4130 5 0 4122 5 0 
4129 5 0 4121 5 0 4130 5 0 4122 5 0 
0 0 0
0 0 0
0 0 0
0 0 0
0 0 0
