2
1383 1384 1385 1387 1388 1389 
5
4
-9.644902E+00 -6.430373E+00 0.000000E+00
-9.011125E+00 -5.614887E+00 0.000000E+00
-9.644902E+00 -6.430373E+00 2.000000E+00
-9.011125E+00 -5.614887E+00 2.000000E+00
-9.328014E+00 -6.022630E+00 1.000000E+00
0 1 4
1 3 4
3 2 4
2 0 4
213 2 0 
213 2 0 
213 2 0 
220 5 0 
220 5 0 
220 5 0 
214 2 0 
214 2 0 
214 2 0 
221 5 0 
221 5 0 
221 5 0 
213 2 0 220 5 0 214 2 0 221 5 0 
213 2 0 220 5 0 214 2 0 221 5 0 
213 2 0 220 5 0 214 2 0 221 5 0 
0 0 0
0 0 0
0 0 0
0 0 0
0 0 0
