6
5417 5418 5419 5420 5421 5422 5423 5424 5426 
5
4
-1.818048E+01 7.970036E+00 0.000000E+00
-1.868624E+01 7.291715E+00 0.000000E+00
-1.818048E+01 7.970036E+00 2.000000E+00
-1.868624E+01 7.291715E+00 2.000000E+00
-1.843336E+01 7.630875E+00 1.000000E+00
0 1 4
1 3 4
3 2 4
2 0 4
5417 6 0 
5417 6 0 
5417 6 0 
5183 3 0 
5183 3 0 
5183 3 0 
5418 6 0 
5418 6 0 
5418 6 0 
5184 3 0 
5184 3 0 
5184 3 0 
5417 6 0 5183 3 0 5418 6 0 5184 3 0 
5417 6 0 5183 3 0 5418 6 0 5184 3 0 
5417 6 0 5183 3 0 5418 6 0 5184 3 0 
0 0 0
0 0 0
0 0 0
0 0 0
0 0 0
