2
3323 3324 3325 3326 3328 3329 3330 
5
4
3.436809E+01 -2.000795E+00 0.000000E+00
3.401136E+01 -1.279566E+00 0.000000E+00
3.436809E+01 -2.000795E+00 2.000000E+00
3.401136E+01 -1.279566E+00 2.000000E+00
3.418973E+01 -1.640180E+00 1.000000E+00
0 1 4
1 3 4
3 2 4
2 0 4
3323 2 0 
3323 2 0 
3323 2 0 
3323 3 0 
3323 3 0 
3323 3 0 
3324 2 0 
3324 2 0 
3324 2 0 
3324 3 0 
3324 3 0 
3324 3 0 
3323 2 0 3323 3 0 3324 2 0 3324 3 0 
3323 2 0 3323 3 0 3324 2 0 3324 3 0 
3323 2 0 3323 3 0 3324 2 0 3324 3 0 
0 0 0
0 0 0
0 0 0
0 0 0
0 0 0
