2
643 644 645 646 647 648 649 651 
5
4
5.362430E+01 -3.197909E+00 0.000000E+00
5.302304E+01 -3.480445E+00 0.000000E+00
5.362430E+01 -3.197909E+00 2.000000E+00
5.302304E+01 -3.480445E+00 2.000000E+00
5.332367E+01 -3.339177E+00 1.000000E+00
0 1 4
1 3 4
3 2 4
2 0 4
643 5 0 
643 5 0 
643 5 0 
643 6 0 
643 6 0 
643 6 0 
644 5 0 
644 5 0 
644 5 0 
644 6 0 
644 6 0 
644 6 0 
643 5 0 643 6 0 644 5 0 644 6 0 
643 5 0 643 6 0 644 5 0 644 6 0 
643 5 0 643 6 0 644 5 0 644 6 0 
0 0 0
0 0 0
0 0 0
0 0 0
0 0 0
