2
4074 4075 4076 4078 4079 4080 4081 
5
4
4.874656E+01 1.696368E+00 0.000000E+00
4.973310E+01 1.882877E+00 0.000000E+00
4.874656E+01 1.696368E+00 2.000000E+00
4.973310E+01 1.882877E+00 2.000000E+00
4.923983E+01 1.789623E+00 1.000000E+00
0 1 4
1 3 4
3 2 4
2 0 4
3772 5 0 
3772 5 0 
3772 5 0 
3772 4 0 
3772 4 0 
3772 4 0 
3773 5 0 
3773 5 0 
3773 5 0 
3773 4 0 
3773 4 0 
3773 4 0 
3772 5 0 3772 4 0 3773 5 0 3773 4 0 
3772 5 0 3772 4 0 3773 5 0 3773 4 0 
3772 5 0 3772 4 0 3773 5 0 3773 4 0 
0 0 0
0 0 0
0 0 0
0 0 0
0 0 0
