1
123 124 125 126 127 128 129 
7
6
-2.872483E+01 -7.341853E+00 0.000000E+00
-2.752473E+01 -7.763939E+00 0.000000E+00
-2.697471E+01 -7.164133E+00 0.000000E+00
-2.743247E+01 -6.020838E+00 0.000000E+00
-2.829626E+01 -5.867781E+00 0.000000E+00
-2.889039E+01 -6.479894E+00 0.000000E+00
-2.797390E+01 -6.773073E+00 0.000000E+00
1 0 6
2 1 6
3 2 6
4 3 6
5 4 6
0 5 6
114 2 0 
114 2 0 
114 2 0 












114 3 0 
114 3 0 
114 3 0 
114 2 0 122 1 0 122 2 0 122 3 0 122 4 0 114 3 0 
114 2 0 122 1 0 122 2 0 122 3 0 122 4 0 114 3 0 
114 2 0 122 1 0 122 2 0 122 3 0 122 4 0 114 3 0 
0 0 0
0 0 0
0 0 0
0 0 0
0 0 0
0 0 0
0 0 0
