2
5371 5372 5373 5374 5375 5377 5378 
5
4
-8.314758E+00 6.864636E+00 0.000000E+00
-9.038886E+00 7.297326E+00 0.000000E+00
-8.314758E+00 6.864636E+00 2.000000E+00
-9.038886E+00 7.297326E+00 2.000000E+00
-8.676822E+00 7.080981E+00 1.000000E+00
0 1 4
1 3 4
3 2 4
2 0 4
5364 4 0 
5364 4 0 
5364 4 0 
5371 4 0 
5371 4 0 
5371 4 0 
5365 4 0 
5365 4 0 
5365 4 0 
5372 4 0 
5372 4 0 
5372 4 0 
5364 4 0 5371 4 0 5365 4 0 5372 4 0 
5364 4 0 5371 4 0 5365 4 0 5372 4 0 
5364 4 0 5371 4 0 5365 4 0 5372 4 0 
0 0 0
0 0 0
0 0 0
0 0 0
0 0 0
