2
3210 3211 3212 3213 3214 3215 3216 3218 3219 
5
4
1.408766E+01 2.867278E+00 0.000000E+00
1.332676E+01 3.196109E+00 0.000000E+00
1.408766E+01 2.867278E+00 2.000000E+00
1.332676E+01 3.196109E+00 2.000000E+00
1.370721E+01 3.031693E+00 1.000000E+00
0 1 4
1 3 4
3 2 4
2 0 4
3210 5 0 
3210 5 0 
3210 5 0 
3210 6 0 
3210 6 0 
3210 6 0 
3211 5 0 
3211 5 0 
3211 5 0 
3211 6 0 
3211 6 0 
3211 6 0 
3210 5 0 3210 6 0 3211 5 0 3211 6 0 
3210 5 0 3210 6 0 3211 5 0 3211 6 0 
3210 5 0 3210 6 0 3211 5 0 3211 6 0 
0 0 0
0 0 0
0 0 0
0 0 0
0 0 0
