2
1031 1032 1033 1034 1035 1037 1038 
5
4
1.594242E+01 -4.389218E+00 0.000000E+00
1.553793E+01 -3.794001E+00 0.000000E+00
1.594242E+01 -4.389218E+00 2.000000E+00
1.553793E+01 -3.794001E+00 2.000000E+00
1.574018E+01 -4.091609E+00 1.000000E+00
0 1 4
1 3 4
3 2 4
2 0 4
830 5 0 
830 5 0 
830 5 0 
1022 0 0 
1022 0 0 
1022 0 0 
831 5 0 
831 5 0 
831 5 0 
1023 0 0 
1023 0 0 
1023 0 0 
830 5 0 1022 0 0 831 5 0 1023 0 0 
830 5 0 1022 0 0 831 5 0 1023 0 0 
830 5 0 1022 0 0 831 5 0 1023 0 0 
0 0 0
0 0 0
0 0 0
0 0 0
0 0 0
