1
3309 3310 3311 3312 3313 3314 
6
5
2.936128E+01 -2.513313E+00 0.000000E+00
3.071072E+01 -2.755522E+00 0.000000E+00
3.118794E+01 -2.091406E+00 0.000000E+00
3.050495E+01 -1.154393E+00 0.000000E+00
2.920805E+01 -1.621583E+00 0.000000E+00
3.019459E+01 -2.027243E+00 0.000000E+00
1 0 5
2 1 5
3 2 5
4 3 5
0 4 5
957 4 0 
957 4 0 
957 4 0 
948 6 0 
948 6 0 
948 6 0 
948 5 0 
948 5 0 
948 5 0 
3300 2 0 
3300 2 0 
3300 2 0 
964 5 0 
964 5 0 
964 5 0 
957 4 0 948 6 0 948 5 0 3300 2 0 964 5 0 
957 4 0 948 6 0 948 5 0 3300 2 0 964 5 0 
957 4 0 948 6 0 948 5 0 3300 2 0 964 5 0 
0 0 0
0 0 0
0 0 0
0 0 0
0 0 0
0 0 0
