2
1740 1741 1742 1743 1744 1746 
5
4
-5.795639E+01 -6.052312E+00 0.000000E+00
-5.914919E+01 -6.459447E+00 0.000000E+00
-5.795639E+01 -6.052312E+00 2.000000E+00
-5.914919E+01 -6.459447E+00 2.000000E+00
-5.855279E+01 -6.255879E+00 1.000000E+00
0 1 4
1 3 4
3 2 4
2 0 4
1740 3 0 
1740 3 0 
1740 3 0 
1740 4 0 
1740 4 0 
1740 4 0 
1741 3 0 
1741 3 0 
1741 3 0 
1741 4 0 
1741 4 0 
1741 4 0 
1740 3 0 1740 4 0 1741 3 0 1741 4 0 
1740 3 0 1740 4 0 1741 3 0 1741 4 0 
1740 3 0 1740 4 0 1741 3 0 1741 4 0 
0 0 0
0 0 0
0 0 0
0 0 0
0 0 0
