2
1175 1176 1177 1178 1179 1180 1182 
5
4
-6.394115E-01 -2.460484E+00 0.000000E+00
-1.635593E+00 -2.866256E+00 0.000000E+00
-6.394115E-01 -2.460484E+00 2.000000E+00
-1.635593E+00 -2.866256E+00 2.000000E+00
-1.137502E+00 -2.663370E+00 1.000000E+00
0 1 4
1 3 4
3 2 4
2 0 4
1175 4 0 
1175 4 0 
1175 4 0 
1175 5 0 
1175 5 0 
1175 5 0 
1176 4 0 
1176 4 0 
1176 4 0 
1176 5 0 
1176 5 0 
1176 5 0 
1175 4 0 1175 5 0 1176 4 0 1176 5 0 
1175 4 0 1175 5 0 1176 4 0 1176 5 0 
1175 4 0 1175 5 0 1176 4 0 1176 5 0 
0 0 0
0 0 0
0 0 0
0 0 0
0 0 0
