2
4807 4808 4809 4810 4811 4812 4813 
5
4
-2.742679E+01 2.403422E+00 0.000000E+00
-2.799871E+01 1.312818E+00 0.000000E+00
-2.742679E+01 2.403422E+00 2.000000E+00
-2.799871E+01 1.312818E+00 2.000000E+00
-2.771275E+01 1.858120E+00 1.000000E+00
0 1 4
1 3 4
3 2 4
2 0 4
4807 5 0 
4807 5 0 
4807 5 0 
2980 5 0 
2980 5 0 
2980 5 0 
4808 5 0 
4808 5 0 
4808 5 0 
2981 5 0 
2981 5 0 
2981 5 0 
4807 5 0 2980 5 0 4808 5 0 2981 5 0 
4807 5 0 2980 5 0 4808 5 0 2981 5 0 
4807 5 0 2980 5 0 4808 5 0 2981 5 0 
0 0 0
0 0 0
0 0 0
0 0 0
0 0 0
