2
139 140 141 142 143 144 146 
5
4
-2.412162E+01 -7.287791E+00 0.000000E+00
-2.526691E+01 -7.679149E+00 0.000000E+00
-2.412162E+01 -7.287791E+00 2.000000E+00
-2.526691E+01 -7.679149E+00 2.000000E+00
-2.469426E+01 -7.483470E+00 1.000000E+00
0 1 4
1 3 4
3 2 4
2 0 4
139 4 0 
139 4 0 
139 4 0 
130 3 0 
130 3 0 
130 3 0 
140 4 0 
140 4 0 
140 4 0 
131 3 0 
131 3 0 
131 3 0 
139 4 0 130 3 0 140 4 0 131 3 0 
139 4 0 130 3 0 140 4 0 131 3 0 
139 4 0 130 3 0 140 4 0 131 3 0 
0 0 0
0 0 0
0 0 0
0 0 0
0 0 0
