0
1958 1960 1961 1962 1963 1964 
6
5
-3.534507E+01 -3.525832E+00 2.000000E+00
-3.439631E+01 -4.273959E+00 2.000000E+00
-3.337507E+01 -3.509211E+00 2.000000E+00
-3.384677E+01 -2.539663E+00 2.000000E+00
-3.504330E+01 -2.653754E+00 2.000000E+00
-3.440130E+01 -3.300484E+00 2.000000E+00
5 0 1
5 1 2
5 2 3
5 3 4
5 4 0
1951 4 0 
1951 4 0 
1951 4 0 
1605 6 0 
1605 6 0 
1605 6 0 
1605 5 0 
1605 5 0 
1605 5 0 






1951 4 0 1605 6 0 1605 5 0 1959 3 0 1959 4 0 
1951 4 0 1605 6 0 1605 5 0 1959 3 0 1959 4 0 
1951 4 0 1605 6 0 1605 5 0 1959 3 0 1959 4 0 
0 0 0
0 0 0
0 0 0
0 0 0
0 0 0
0 0 0
