2
4315 4316 4318 4319 4320 4321 4322 4323 
5
4
1.777331E+01 2.562040E+00 0.000000E+00
1.846198E+01 2.404930E+00 0.000000E+00
1.777331E+01 2.562040E+00 2.000000E+00
1.846198E+01 2.404930E+00 2.000000E+00
1.811765E+01 2.483485E+00 1.000000E+00
0 1 4
1 3 4
3 2 4
2 0 4
3235 5 0 
3235 5 0 
3235 5 0 
3235 4 0 
3235 4 0 
3235 4 0 
3236 5 0 
3236 5 0 
3236 5 0 
3236 4 0 
3236 4 0 
3236 4 0 
3235 5 0 3235 4 0 3236 5 0 3236 4 0 
3235 5 0 3235 4 0 3236 5 0 3236 4 0 
3235 5 0 3235 4 0 3236 5 0 3236 4 0 
0 0 0
0 0 0
0 0 0
0 0 0
0 0 0
