0
4129 4131 4132 4133 4134 4135 4136 4137 
8
7
5.272111E+01 2.451938E+00 2.000000E+00
5.346361E+01 1.782893E+00 2.000000E+00
5.412568E+01 1.950057E+00 2.000000E+00
5.453074E+01 2.892169E+00 2.000000E+00
5.402644E+01 3.953138E+00 2.000000E+00
5.316460E+01 4.143490E+00 2.000000E+00
5.271186E+01 3.731215E+00 2.000000E+00
5.353486E+01 2.986414E+00 2.000000E+00
7 0 1
7 1 2
7 2 3
7 3 4
7 4 5
7 5 6
7 6 0
4091 4 0 
4091 4 0 
4091 4 0 
4091 3 0 
4091 3 0 
4091 3 0 
4099 3 0 
4099 3 0 
4099 3 0 
4107 4 0 
4107 4 0 
4107 4 0 
4122 5 0 
4122 5 0 
4122 5 0 






4091 4 0 4091 3 0 4099 3 0 4107 4 0 4122 5 0 4130 5 0 4130 6 0 
4091 4 0 4091 3 0 4099 3 0 4107 4 0 4122 5 0 4130 5 0 4130 6 0 
4091 4 0 4091 3 0 4099 3 0 4107 4 0 4122 5 0 4130 5 0 4130 6 0 
0 0 0
0 0 0
0 0 0
0 0 0
0 0 0
0 0 0
0 0 0
0 0 0
