6
5778 5779 5780 5781 5782 5784 5785 
5
4
-5.953414E+01 8.057566E+00 0.000000E+00
-6.053301E+01 8.315909E+00 0.000000E+00
-5.953414E+01 8.057566E+00 2.000000E+00
-6.053301E+01 8.315909E+00 2.000000E+00
-6.003358E+01 8.186737E+00 1.000000E+00
0 1 4
1 3 4
3 2 4
2 0 4
5769 6 0 
5769 6 0 
5769 6 0 
5778 4 0 
5778 4 0 
5778 4 0 
5770 6 0 
5770 6 0 
5770 6 0 
5779 4 0 
5779 4 0 
5779 4 0 
5769 6 0 5778 4 0 5770 6 0 5779 4 0 
5769 6 0 5778 4 0 5770 6 0 5779 4 0 
5769 6 0 5778 4 0 5770 6 0 5779 4 0 
0 0 0
0 0 0
0 0 0
0 0 0
0 0 0
