2
3506 3507 3508 3509 3510 3511 
5
4
5.998931E+01 -1.020993E+00 0.000000E+00
5.941934E+01 -2.075580E+00 0.000000E+00
5.998931E+01 -1.020993E+00 2.000000E+00
5.941934E+01 -2.075580E+00 2.000000E+00
5.970432E+01 -1.548286E+00 1.000000E+00
0 1 4
1 3 4
3 2 4
2 0 4
3497 3 0 
3497 3 0 
3497 3 0 
3466 4 0 
3466 4 0 
3466 4 0 
3498 3 0 
3498 3 0 
3498 3 0 
3467 4 0 
3467 4 0 
3467 4 0 
3497 3 0 3466 4 0 3498 3 0 3467 4 0 
3497 3 0 3466 4 0 3498 3 0 3467 4 0 
3497 3 0 3466 4 0 3498 3 0 3467 4 0 
0 0 0
0 0 0
0 0 0
0 0 0
0 0 0
