6
5458 5459 5460 5461 5462 5464 
5
4
-3.272613E+01 8.345777E+00 0.000000E+00
-3.365559E+01 8.549977E+00 0.000000E+00
-3.272613E+01 8.345777E+00 2.000000E+00
-3.365559E+01 8.549977E+00 2.000000E+00
-3.319086E+01 8.447877E+00 1.000000E+00
0 1 4
1 3 4
3 2 4
2 0 4
5118 5 0 
5118 5 0 
5118 5 0 
5458 4 0 
5458 4 0 
5458 4 0 
5119 5 0 
5119 5 0 
5119 5 0 
5459 4 0 
5459 4 0 
5459 4 0 
5118 5 0 5458 4 0 5119 5 0 5459 4 0 
5118 5 0 5458 4 0 5119 5 0 5459 4 0 
5118 5 0 5458 4 0 5119 5 0 5459 4 0 
0 0 0
0 0 0
0 0 0
0 0 0
0 0 0
