1
2267 2268 2269 2270 2271 2272 
6
5
1.609611E+01 -7.026692E-01 0.000000E+00
1.708270E+01 -8.848794E-01 0.000000E+00
1.766937E+01 4.137491E-01 0.000000E+00
1.703989E+01 9.794456E-01 0.000000E+00
1.600738E+01 4.467781E-01 0.000000E+00
1.677909E+01 5.048485E-02 0.000000E+00
1 0 5
2 1 5
3 2 5
4 3 5
0 4 5
2234 5 0 
2234 5 0 
2234 5 0 
2234 4 0 
2234 4 0 
2234 4 0 
2258 5 0 
2258 5 0 
2258 5 0 






2234 5 0 2234 4 0 2258 5 0 2266 3 0 2266 4 0 
2234 5 0 2234 4 0 2258 5 0 2266 3 0 2266 4 0 
2234 5 0 2234 4 0 2258 5 0 2266 3 0 2266 4 0 
0 0 0
0 0 0
0 0 0
0 0 0
0 0 0
0 0 0
