0
4919 4921 4922 4923 4924 4925 4926 
7
6
-2.181531E+01 3.229399E+00 2.000000E+00
-2.112794E+01 2.922540E+00 2.000000E+00
-2.021291E+01 3.609779E+00 2.000000E+00
-2.045809E+01 4.778029E+00 2.000000E+00
-2.155424E+01 4.995671E+00 2.000000E+00
-2.204411E+01 4.443442E+00 2.000000E+00
-2.120210E+01 3.996477E+00 2.000000E+00
6 0 1
6 1 2
6 2 3
6 3 4
6 4 5
6 5 0
4783 5 0 
4783 5 0 
4783 5 0 
4776 4 0 
4776 4 0 
4776 4 0 
4767 0 0 
4767 0 0 
4767 0 0 
4767 6 0 
4767 6 0 
4767 6 0 



4913 3 0 
4913 3 0 
4913 3 0 
4783 5 0 4776 4 0 4767 0 0 4767 6 0 4920 4 0 4913 3 0 
4783 5 0 4776 4 0 4767 0 0 4767 6 0 4920 4 0 4913 3 0 
4783 5 0 4776 4 0 4767 0 0 4767 6 0 4920 4 0 4913 3 0 
0 0 0
0 0 0
0 0 0
0 0 0
0 0 0
0 0 0
0 0 0
