2
3899 3900 3901 3903 3904 3905 3906 
5
4
2.492931E+01 3.809616E-01 0.000000E+00
2.593060E+01 8.169128E-01 0.000000E+00
2.492931E+01 3.809616E-01 2.000000E+00
2.593060E+01 8.169128E-01 2.000000E+00
2.542995E+01 5.989372E-01 1.000000E+00
0 1 4
1 3 4
3 2 4
2 0 4
3276 5 0 
3276 5 0 
3276 5 0 
3276 4 0 
3276 4 0 
3276 4 0 
3277 5 0 
3277 5 0 
3277 5 0 
3277 4 0 
3277 4 0 
3277 4 0 
3276 5 0 3276 4 0 3277 5 0 3277 4 0 
3276 5 0 3276 4 0 3277 5 0 3277 4 0 
3276 5 0 3276 4 0 3277 5 0 3277 4 0 
0 0 0
0 0 0
0 0 0
0 0 0
0 0 0
