0
1502 1504 1505 1506 1507 1508 1509 1510 1511 
9
8
-1.530184E+01 -3.555619E+00 2.000000E+00
-1.472389E+01 -3.964651E+00 2.000000E+00
-1.366264E+01 -3.824989E+00 2.000000E+00
-1.328019E+01 -3.368121E+00 2.000000E+00
-1.334210E+01 -2.602660E+00 2.000000E+00
-1.410076E+01 -1.939063E+00 2.000000E+00
-1.530668E+01 -2.047349E+00 2.000000E+00
-1.554944E+01 -2.403649E+00 2.000000E+00
-1.440844E+01 -2.963263E+00 2.000000E+00
8 0 1
8 1 2
8 2 3
8 3 4
8 4 5
8 5 6
8 6 7
8 7 0
1464 4 0 
1464 4 0 
1464 4 0 
1464 3 0 
1464 3 0 
1464 3 0 
1472 3 0 
1472 3 0 
1472 3 0 
1479 4 0 
1479 4 0 
1479 4 0 
1496 3 0 
1496 3 0 
1496 3 0 









1464 4 0 1464 3 0 1472 3 0 1479 4 0 1496 3 0 1503 5 0 1503 6 0 1503 7 0 
1464 4 0 1464 3 0 1472 3 0 1479 4 0 1496 3 0 1503 5 0 1503 6 0 1503 7 0 
1464 4 0 1464 3 0 1472 3 0 1479 4 0 1496 3 0 1503 5 0 1503 6 0 1503 7 0 
0 0 0
0 0 0
0 0 0
0 0 0
0 0 0
0 0 0
0 0 0
0 0 0
0 0 0
