2
5086 5087 5088 5089 5091 5092 5093 
5
4
-3.619994E+01 5.085780E+00 0.000000E+00
-3.609924E+01 6.134248E+00 0.000000E+00
-3.619994E+01 5.085780E+00 2.000000E+00
-3.609924E+01 6.134248E+00 2.000000E+00
-3.614959E+01 5.610014E+00 1.000000E+00
0 1 4
1 3 4
3 2 4
2 0 4
4999 0 0 
4999 0 0 
4999 0 0 
4999 5 0 
4999 5 0 
4999 5 0 
5000 0 0 
5000 0 0 
5000 0 0 
5000 5 0 
5000 5 0 
5000 5 0 
4999 0 0 4999 5 0 5000 0 0 5000 5 0 
4999 0 0 4999 5 0 5000 0 0 5000 5 0 
4999 0 0 4999 5 0 5000 0 0 5000 5 0 
0 0 0
0 0 0
0 0 0
0 0 0
0 0 0
