2
5198 5199 5201 5202 5203 5204 
5
4
-1.778726E+01 4.519394E+00 0.000000E+00
-1.693368E+01 3.914513E+00 0.000000E+00
-1.778726E+01 4.519394E+00 2.000000E+00
-1.693368E+01 3.914513E+00 2.000000E+00
-1.736047E+01 4.216954E+00 1.000000E+00
0 1 4
1 3 4
3 2 4
2 0 4
4758 4 0 
4758 4 0 
4758 4 0 
4748 7 0 
4748 7 0 
4748 7 0 
4759 4 0 
4759 4 0 
4759 4 0 
4749 7 0 
4749 7 0 
4749 7 0 
4758 4 0 4748 7 0 4759 4 0 4749 7 0 
4758 4 0 4748 7 0 4759 4 0 4749 7 0 
4758 4 0 4748 7 0 4759 4 0 4749 7 0 
0 0 0
0 0 0
0 0 0
0 0 0
0 0 0
