0
2990 2992 2993 2994 2995 2996 
6
5
-2.853576E+01 -1.801460E+00 2.000000E+00
-2.751906E+01 -1.939014E+00 2.000000E+00
-2.699903E+01 -9.841400E-01 2.000000E+00
-2.784872E+01 -1.589635E-01 2.000000E+00
-2.884742E+01 -7.849718E-01 2.000000E+00
-2.795000E+01 -1.133710E+00 2.000000E+00
5 0 1
5 1 2
5 2 3
5 3 4
5 4 0
2512 4 0 
2512 4 0 
2512 4 0 
2502 0 0 
2502 0 0 
2502 0 0 
2502 7 0 
2502 7 0 
2502 7 0 
2981 3 0 
2981 3 0 
2981 3 0 
2519 3 0 
2519 3 0 
2519 3 0 
2512 4 0 2502 0 0 2502 7 0 2981 3 0 2519 3 0 
2512 4 0 2502 0 0 2502 7 0 2981 3 0 2519 3 0 
2512 4 0 2502 0 0 2502 7 0 2981 3 0 2519 3 0 
0 0 0
0 0 0
0 0 0
0 0 0
0 0 0
0 0 0
