0
5808 5810 5811 5812 5813 5814 5815 
7
6
3.733177E+01 6.851680E+00 2.000000E+00
3.801460E+01 6.434151E+00 2.000000E+00
3.875224E+01 6.847918E+00 2.000000E+00
3.887110E+01 8.202564E+00 2.000000E+00
3.817335E+01 8.732222E+00 2.000000E+00
3.725345E+01 8.142956E+00 2.000000E+00
3.806608E+01 7.535248E+00 2.000000E+00
6 0 1
6 1 2
6 2 3
6 3 4
6 4 5
6 5 0
4211 4 0 
4211 4 0 
4211 4 0 
4202 6 0 
4202 6 0 
4202 6 0 
4202 5 0 
4202 5 0 
4202 5 0 






5802 3 0 
5802 3 0 
5802 3 0 
4211 4 0 4202 6 0 4202 5 0 5809 3 0 5809 4 0 5802 3 0 
4211 4 0 4202 6 0 4202 5 0 5809 3 0 5809 4 0 5802 3 0 
4211 4 0 4202 6 0 4202 5 0 5809 3 0 5809 4 0 5802 3 0 
0 0 0
0 0 0
0 0 0
0 0 0
0 0 0
0 0 0
0 0 0
