2
5660 5661 5662 5664 5665 5666 5667 
5
4
-4.620335E+01 5.069597E+00 0.000000E+00
-4.547463E+01 5.827989E+00 0.000000E+00
-4.620335E+01 5.069597E+00 2.000000E+00
-4.547463E+01 5.827989E+00 2.000000E+00
-4.583899E+01 5.448793E+00 1.000000E+00
0 1 4
1 3 4
3 2 4
2 0 4
5498 6 0 
5498 6 0 
5498 6 0 
5498 5 0 
5498 5 0 
5498 5 0 
5499 6 0 
5499 6 0 
5499 6 0 
5499 5 0 
5499 5 0 
5499 5 0 
5498 6 0 5498 5 0 5499 6 0 5499 5 0 
5498 6 0 5498 5 0 5499 6 0 5499 5 0 
5498 6 0 5498 5 0 5499 6 0 5499 5 0 
0 0 0
0 0 0
0 0 0
0 0 0
0 0 0
