0
4514 4516 4517 4518 4519 4520 4521 
7
6
3.184401E+01 6.897812E+00 2.000000E+00
3.216265E+01 6.346182E+00 2.000000E+00
3.312308E+01 6.368673E+00 2.000000E+00
3.366694E+01 7.552944E+00 2.000000E+00
3.315162E+01 8.135464E+00 2.000000E+00
3.231410E+01 7.934508E+00 2.000000E+00
3.271040E+01 7.205931E+00 2.000000E+00
6 0 1
6 1 2
6 2 3
6 3 4
6 4 5
6 5 0
4491 3 0 
4491 3 0 
4491 3 0 
4491 2 0 
4491 2 0 
4491 2 0 
4499 4 0 
4499 4 0 
4499 4 0 
4507 5 0 
4507 5 0 
4507 5 0 






4491 3 0 4491 2 0 4499 4 0 4507 5 0 4515 4 0 4515 5 0 
4491 3 0 4491 2 0 4499 4 0 4507 5 0 4515 4 0 4515 5 0 
4491 3 0 4491 2 0 4499 4 0 4507 5 0 4515 4 0 4515 5 0 
0 0 0
0 0 0
0 0 0
0 0 0
0 0 0
0 0 0
0 0 0
