1
4920 4921 4922 4923 4924 4925 4926 
7
6
-2.181531E+01 3.229399E+00 0.000000E+00
-2.112794E+01 2.922540E+00 0.000000E+00
-2.021291E+01 3.609779E+00 0.000000E+00
-2.045809E+01 4.778029E+00 0.000000E+00
-2.155424E+01 4.995671E+00 0.000000E+00
-2.204411E+01 4.443442E+00 0.000000E+00
-2.120210E+01 3.996477E+00 0.000000E+00
1 0 6
2 1 6
3 2 6
4 3 6
5 4 6
0 5 6
4782 5 0 
4782 5 0 
4782 5 0 
4775 4 0 
4775 4 0 
4775 4 0 
4766 0 0 
4766 0 0 
4766 0 0 
4766 6 0 
4766 6 0 
4766 6 0 



4912 3 0 
4912 3 0 
4912 3 0 
4782 5 0 4775 4 0 4766 0 0 4766 6 0 4919 4 0 4912 3 0 
4782 5 0 4775 4 0 4766 0 0 4766 6 0 4919 4 0 4912 3 0 
4782 5 0 4775 4 0 4766 0 0 4766 6 0 4919 4 0 4912 3 0 
0 0 0
0 0 0
0 0 0
0 0 0
0 0 0
0 0 0
0 0 0
