2
4201 4202 4203 4204 4205 4206 4207 4209 
5
4
3.875224E+01 6.847918E+00 0.000000E+00
3.801460E+01 6.434151E+00 0.000000E+00
3.875224E+01 6.847918E+00 2.000000E+00
3.801460E+01 6.434151E+00 2.000000E+00
3.838342E+01 6.641034E+00 1.000000E+00
0 1 4
1 3 4
3 2 4
2 0 4
4201 5 0 
4201 5 0 
4201 5 0 
4201 6 0 
4201 6 0 
4201 6 0 
4202 5 0 
4202 5 0 
4202 5 0 
4202 6 0 
4202 6 0 
4202 6 0 
4201 5 0 4201 6 0 4202 5 0 4202 6 0 
4201 5 0 4201 6 0 4202 5 0 4202 6 0 
4201 5 0 4201 6 0 4202 5 0 4202 6 0 
0 0 0
0 0 0
0 0 0
0 0 0
0 0 0
