6
5094 5095 5096 5097 5098 5099 5101 5102 
5
4
-3.553998E+01 8.053253E+00 0.000000E+00
-3.643296E+01 8.226643E+00 0.000000E+00
-3.553998E+01 8.053253E+00 2.000000E+00
-3.643296E+01 8.226643E+00 2.000000E+00
-3.598647E+01 8.139948E+00 1.000000E+00
0 1 4
1 3 4
3 2 4
2 0 4
5094 4 0 
5094 4 0 
5094 4 0 
5094 5 0 
5094 5 0 
5094 5 0 
5095 4 0 
5095 4 0 
5095 4 0 
5095 5 0 
5095 5 0 
5095 5 0 
5094 4 0 5094 5 0 5095 4 0 5095 5 0 
5094 4 0 5094 5 0 5095 4 0 5095 5 0 
5094 4 0 5094 5 0 5095 4 0 5095 5 0 
0 0 0
0 0 0
0 0 0
0 0 0
0 0 0
