1
4865 4866 4867 4868 4869 4870 4871 
7
6
-3.167100E+01 4.715081E+00 0.000000E+00
-3.146490E+01 3.794342E+00 0.000000E+00
-3.057370E+01 3.554711E+00 0.000000E+00
-2.990255E+01 4.215989E+00 0.000000E+00
-3.004589E+01 5.344431E+00 0.000000E+00
-3.052376E+01 5.599125E+00 0.000000E+00
-3.069697E+01 4.537280E+00 0.000000E+00
1 0 6
2 1 6
3 2 6
4 3 6
5 4 6
0 5 6
4856 3 0 
4856 3 0 
4856 3 0 
4831 4 0 
4831 4 0 
4831 4 0 
4831 3 0 
4831 3 0 
4831 3 0 









4856 3 0 4831 4 0 4831 3 0 4864 3 0 4864 4 0 4864 5 0 
4856 3 0 4831 4 0 4831 3 0 4864 3 0 4864 4 0 4864 5 0 
4856 3 0 4831 4 0 4831 3 0 4864 3 0 4864 4 0 4864 5 0 
0 0 0
0 0 0
0 0 0
0 0 0
0 0 0
0 0 0
0 0 0
