1
5864 5865 5866 5867 5868 5869 
6
5
4.844382E+01 5.015227E+00 0.000000E+00
4.981678E+01 5.346831E+00 0.000000E+00
4.971851E+01 6.502806E+00 0.000000E+00
4.864554E+01 6.659122E+00 0.000000E+00
4.801558E+01 5.773294E+00 0.000000E+00
4.892805E+01 5.859456E+00 0.000000E+00
1 0 5
2 1 5
3 2 5
4 3 5
0 4 5
4153 5 0 
4153 5 0 
4153 5 0 
4153 4 0 
4153 4 0 
4153 4 0 



5856 2 0 
5856 2 0 
5856 2 0 
4161 3 0 
4161 3 0 
4161 3 0 
4153 5 0 4153 4 0 5863 2 0 5856 2 0 4161 3 0 
4153 5 0 4153 4 0 5863 2 0 5856 2 0 4161 3 0 
4153 5 0 4153 4 0 5863 2 0 5856 2 0 4161 3 0 
0 0 0
0 0 0
0 0 0
0 0 0
0 0 0
0 0 0
