5
203 204 205 207 208 209 210 211 212 
5
4
-1.212505E+01 -9.032335E+00 0.000000E+00
-1.145599E+01 -9.227730E+00 0.000000E+00
-1.212505E+01 -9.032335E+00 2.000000E+00
-1.145599E+01 -9.227730E+00 2.000000E+00
-1.179052E+01 -9.130033E+00 1.000000E+00
0 1 4
1 3 4
3 2 4
2 0 4
203 1 0 
203 1 0 
203 1 0 
203 2 0 
203 2 0 
203 2 0 
204 1 0 
204 1 0 
204 1 0 
204 2 0 
204 2 0 
204 2 0 
203 1 0 203 2 0 204 1 0 204 2 0 
203 1 0 203 2 0 204 1 0 204 2 0 
203 1 0 203 2 0 204 1 0 204 2 0 
0 0 0
0 0 0
0 0 0
0 0 0
0 0 0
