2
4354 4355 4356 4357 4359 4360 4361 
5
4
1.148085E+01 3.507006E+00 0.000000E+00
1.188017E+01 4.482407E+00 0.000000E+00
1.148085E+01 3.507006E+00 2.000000E+00
1.188017E+01 4.482407E+00 2.000000E+00
1.168051E+01 3.994706E+00 1.000000E+00
0 1 4
1 3 4
3 2 4
2 0 4
3202 3 0 
3202 3 0 
3202 3 0 
4347 4 0 
4347 4 0 
4347 4 0 
3203 3 0 
3203 3 0 
3203 3 0 
4348 4 0 
4348 4 0 
4348 4 0 
3202 3 0 4347 4 0 3203 3 0 4348 4 0 
3202 3 0 4347 4 0 3203 3 0 4348 4 0 
3202 3 0 4347 4 0 3203 3 0 4348 4 0 
0 0 0
0 0 0
0 0 0
0 0 0
0 0 0
