2
3657 3658 3659 3661 3662 3663 3664 
5
4
3.834702E+01 -2.520286E+00 0.000000E+00
3.837896E+01 -1.370933E+00 0.000000E+00
3.834702E+01 -2.520286E+00 2.000000E+00
3.837896E+01 -1.370933E+00 2.000000E+00
3.836299E+01 -1.945609E+00 1.000000E+00
0 1 4
1 3 4
3 2 4
2 0 4
3346 5 0 
3346 5 0 
3346 5 0 
3650 4 0 
3650 4 0 
3650 4 0 
3347 5 0 
3347 5 0 
3347 5 0 
3651 4 0 
3651 4 0 
3651 4 0 
3346 5 0 3650 4 0 3347 5 0 3651 4 0 
3346 5 0 3650 4 0 3347 5 0 3651 4 0 
3346 5 0 3650 4 0 3347 5 0 3651 4 0 
0 0 0
0 0 0
0 0 0
0 0 0
0 0 0
