2
4444 4445 4446 4447 4448 4450 
5
4
2.256365E+01 6.247318E+00 0.000000E+00
2.170148E+01 5.862738E+00 0.000000E+00
2.256365E+01 6.247318E+00 2.000000E+00
2.170148E+01 5.862738E+00 2.000000E+00
2.213256E+01 6.055028E+00 1.000000E+00
0 1 4
1 3 4
3 2 4
2 0 4
4444 3 0 
4444 3 0 
4444 3 0 
4436 3 0 
4436 3 0 
4436 3 0 
4445 3 0 
4445 3 0 
4445 3 0 
4437 3 0 
4437 3 0 
4437 3 0 
4444 3 0 4436 3 0 4445 3 0 4437 3 0 
4444 3 0 4436 3 0 4445 3 0 4437 3 0 
4444 3 0 4436 3 0 4445 3 0 4437 3 0 
0 0 0
0 0 0
0 0 0
0 0 0
0 0 0
