2
2030 2031 2033 2034 2035 2036 2037 
5
4
-2.497001E+01 -3.943782E+00 0.000000E+00
-2.436517E+01 -3.870570E+00 0.000000E+00
-2.497001E+01 -3.943782E+00 2.000000E+00
-2.436517E+01 -3.870570E+00 2.000000E+00
-2.466759E+01 -3.907176E+00 1.000000E+00
0 1 4
1 3 4
3 2 4
2 0 4
1550 5 0 
1550 5 0 
1550 5 0 
1550 4 0 
1550 4 0 
1550 4 0 
1551 5 0 
1551 5 0 
1551 5 0 
1551 4 0 
1551 4 0 
1551 4 0 
1550 5 0 1550 4 0 1551 5 0 1551 4 0 
1550 5 0 1550 4 0 1551 5 0 1551 4 0 
1550 5 0 1550 4 0 1551 5 0 1551 4 0 
0 0 0
0 0 0
0 0 0
0 0 0
0 0 0
