2
3553 3554 3555 3557 3558 3559 3560 3561 
5
4
5.395542E+01 -1.886785E+00 0.000000E+00
5.492801E+01 -1.887531E+00 0.000000E+00
5.395542E+01 -1.886785E+00 2.000000E+00
5.492801E+01 -1.887531E+00 2.000000E+00
5.444172E+01 -1.887158E+00 1.000000E+00
0 1 4
1 3 4
3 2 4
2 0 4
3425 4 0 
3425 4 0 
3425 4 0 
3434 3 0 
3434 3 0 
3434 3 0 
3426 4 0 
3426 4 0 
3426 4 0 
3435 3 0 
3435 3 0 
3435 3 0 
3425 4 0 3434 3 0 3426 4 0 3435 3 0 
3425 4 0 3434 3 0 3426 4 0 3435 3 0 
3425 4 0 3434 3 0 3426 4 0 3435 3 0 
0 0 0
0 0 0
0 0 0
0 0 0
0 0 0
