1
5638 5639 5640 5641 5642 5643 5644 
7
6
-5.148079E+01 4.313427E+00 0.000000E+00
-5.122297E+01 3.712795E+00 0.000000E+00
-4.979813E+01 3.548825E+00 0.000000E+00
-4.938139E+01 4.132334E+00 0.000000E+00
-4.994877E+01 5.159090E+00 0.000000E+00
-5.086640E+01 5.170700E+00 0.000000E+00
-5.044974E+01 4.339528E+00 0.000000E+00
1 0 6
2 1 6
3 2 6
4 3 6
5 4 6
0 5 6
5539 4 0 
5539 4 0 
5539 4 0 
5532 4 0 
5532 4 0 
5532 4 0 
5523 6 0 
5523 6 0 
5523 6 0 
5523 5 0 
5523 5 0 
5523 5 0 



5630 2 0 
5630 2 0 
5630 2 0 
5539 4 0 5532 4 0 5523 6 0 5523 5 0 5637 4 0 5630 2 0 
5539 4 0 5532 4 0 5523 6 0 5523 5 0 5637 4 0 5630 2 0 
5539 4 0 5532 4 0 5523 6 0 5523 5 0 5637 4 0 5630 2 0 
0 0 0
0 0 0
0 0 0
0 0 0
0 0 0
0 0 0
0 0 0
