2
1845 1846 1847 1848 1850 1851 1852 1853 
5
4
-5.485310E+01 -3.351890E+00 0.000000E+00
-5.384953E+01 -2.611546E+00 0.000000E+00
-5.485310E+01 -3.351890E+00 2.000000E+00
-5.384953E+01 -2.611546E+00 2.000000E+00
-5.435132E+01 -2.981718E+00 1.000000E+00
0 1 4
1 3 4
3 2 4
2 0 4
1787 4 0 
1787 4 0 
1787 4 0 
1845 3 0 
1845 3 0 
1845 3 0 
1788 4 0 
1788 4 0 
1788 4 0 
1846 3 0 
1846 3 0 
1846 3 0 
1787 4 0 1845 3 0 1788 4 0 1846 3 0 
1787 4 0 1845 3 0 1788 4 0 1846 3 0 
1787 4 0 1845 3 0 1788 4 0 1846 3 0 
0 0 0
0 0 0
0 0 0
0 0 0
0 0 0
