2
5589 5590 5591 5592 5594 5595 5596 5597 
5
4
-5.843718E+01 4.564554E+00 0.000000E+00
-5.848907E+01 6.112244E+00 0.000000E+00
-5.843718E+01 4.564554E+00 2.000000E+00
-5.848907E+01 6.112244E+00 2.000000E+00
-5.846312E+01 5.338399E+00 1.000000E+00
0 1 4
1 3 4
3 2 4
2 0 4
5565 5 0 
5565 5 0 
5565 5 0 
5589 3 0 
5589 3 0 
5589 3 0 
5566 5 0 
5566 5 0 
5566 5 0 
5590 3 0 
5590 3 0 
5590 3 0 
5565 5 0 5589 3 0 5566 5 0 5590 3 0 
5565 5 0 5589 3 0 5566 5 0 5590 3 0 
5565 5 0 5589 3 0 5566 5 0 5590 3 0 
0 0 0
0 0 0
0 0 0
0 0 0
0 0 0
