1
886 887 888 889 890 891 892 
7
6
2.536988E+01 -5.371997E+00 0.000000E+00
2.621243E+01 -5.655328E+00 0.000000E+00
2.689201E+01 -5.106455E+00 0.000000E+00
2.669516E+01 -4.095914E+00 0.000000E+00
2.556738E+01 -3.779261E+00 0.000000E+00
2.503698E+01 -4.439388E+00 0.000000E+00
2.596230E+01 -4.741391E+00 0.000000E+00
1 0 6
2 1 6
3 2 6
4 3 6
5 4 6
0 5 6
781 4 0 
781 4 0 
781 4 0 
773 5 0 
773 5 0 
773 5 0 
773 4 0 
773 4 0 
773 4 0 



869 3 0 
869 3 0 
869 3 0 
869 2 0 
869 2 0 
869 2 0 
781 4 0 773 5 0 773 4 0 885 3 0 869 3 0 869 2 0 
781 4 0 773 5 0 773 4 0 885 3 0 869 3 0 869 2 0 
781 4 0 773 5 0 773 4 0 885 3 0 869 3 0 869 2 0 
0 0 0
0 0 0
0 0 0
0 0 0
0 0 0
0 0 0
0 0 0
