2
1872 1873 1874 1875 1876 1877 1878 
5
4
-5.096223E+01 -3.780169E+00 0.000000E+00
-5.076375E+01 -5.146053E+00 0.000000E+00
-5.096223E+01 -3.780169E+00 2.000000E+00
-5.076375E+01 -5.146053E+00 2.000000E+00
-5.086299E+01 -4.463111E+00 1.000000E+00
0 1 4
1 3 4
3 2 4
2 0 4
1863 4 0 
1863 4 0 
1863 4 0 
1693 4 0 
1693 4 0 
1693 4 0 
1864 4 0 
1864 4 0 
1864 4 0 
1694 4 0 
1694 4 0 
1694 4 0 
1863 4 0 1693 4 0 1864 4 0 1694 4 0 
1863 4 0 1693 4 0 1864 4 0 1694 4 0 
1863 4 0 1693 4 0 1864 4 0 1694 4 0 
0 0 0
0 0 0
0 0 0
0 0 0
0 0 0
