1
4284 4285 4286 4287 4288 4289 4290 
7
6
2.281012E+01 4.324956E+00 0.000000E+00
2.325864E+01 3.685618E+00 0.000000E+00
2.449149E+01 3.879975E+00 0.000000E+00
2.475142E+01 4.637215E+00 0.000000E+00
2.402725E+01 5.498412E+00 0.000000E+00
2.331507E+01 5.407314E+00 0.000000E+00
2.377567E+01 4.572248E+00 0.000000E+00
1 0 6
2 1 6
3 2 6
4 3 6
5 4 6
0 5 6



3939 5 0 
3939 5 0 
3939 5 0 
3939 4 0 
3939 4 0 
3939 4 0 
4274 5 0 
4274 5 0 
4274 5 0 






4283 0 0 3939 5 0 3939 4 0 4274 5 0 4283 4 0 4283 5 0 
4283 0 0 3939 5 0 3939 4 0 4274 5 0 4283 4 0 4283 5 0 
4283 0 0 3939 5 0 3939 4 0 4274 5 0 4283 4 0 4283 5 0 
0 0 0
0 0 0
0 0 0
0 0 0
0 0 0
0 0 0
0 0 0
