2
3276 3277 3279 3280 3281 3282 3283 3284 
5
4
2.529772E+01 -1.117492E+00 0.000000E+00
2.598752E+01 -1.276960E+00 0.000000E+00
2.529772E+01 -1.117492E+00 2.000000E+00
2.598752E+01 -1.276960E+00 2.000000E+00
2.564262E+01 -1.197226E+00 1.000000E+00
0 1 4
1 3 4
3 2 4
2 0 4
982 5 0 
982 5 0 
982 5 0 
982 4 0 
982 4 0 
982 4 0 
983 5 0 
983 5 0 
983 5 0 
983 4 0 
983 4 0 
983 4 0 
982 5 0 982 4 0 983 5 0 983 4 0 
982 5 0 982 4 0 983 5 0 983 4 0 
982 5 0 982 4 0 983 5 0 983 4 0 
0 0 0
0 0 0
0 0 0
0 0 0
0 0 0
