2
5291 5292 5293 5294 5295 5296 5297 
5
4
6.144237E-02 7.120530E+00 0.000000E+00
-1.244226E-01 6.062868E+00 0.000000E+00
6.144237E-02 7.120530E+00 2.000000E+00
-1.244226E-01 6.062868E+00 2.000000E+00
-3.149011E-02 6.591699E+00 1.000000E+00
0 1 4
1 3 4
3 2 4
2 0 4
5283 2 0 
5283 2 0 
5283 2 0 
4681 5 0 
4681 5 0 
4681 5 0 
5284 2 0 
5284 2 0 
5284 2 0 
4682 5 0 
4682 5 0 
4682 5 0 
5283 2 0 4681 5 0 5284 2 0 4682 5 0 
5283 2 0 4681 5 0 5284 2 0 4682 5 0 
5283 2 0 4681 5 0 5284 2 0 4682 5 0 
0 0 0
0 0 0
0 0 0
0 0 0
0 0 0
