1
1654 1655 1656 1657 1658 1659 1660 1661 
8
7
-4.341772E+01 -6.674657E+00 0.000000E+00
-4.288601E+01 -6.955263E+00 0.000000E+00
-4.168121E+01 -6.306633E+00 0.000000E+00
-4.155295E+01 -5.569532E+00 0.000000E+00
-4.219702E+01 -4.858068E+00 0.000000E+00
-4.297714E+01 -4.849182E+00 0.000000E+00
-4.356982E+01 -5.529254E+00 0.000000E+00
-4.261170E+01 -5.820370E+00 0.000000E+00
1 0 7
2 1 7
3 2 7
4 3 7
5 4 7
6 5 7
0 6 7
41 5 0 
41 5 0 
41 5 0 
41 4 0 
41 4 0 
41 4 0 
51 3 0 
51 3 0 
51 3 0 
1645 4 0 
1645 4 0 
1645 4 0 









41 5 0 41 4 0 51 3 0 1645 4 0 1653 4 0 1653 5 0 1653 6 0 
41 5 0 41 4 0 51 3 0 1645 4 0 1653 4 0 1653 5 0 1653 6 0 
41 5 0 41 4 0 51 3 0 1645 4 0 1653 4 0 1653 5 0 1653 6 0 
0 0 0
0 0 0
0 0 0
0 0 0
0 0 0
0 0 0
0 0 0
0 0 0
