0
8 10 11 12 13 14 15 16 
8
7
-5.188877E+01 -8.463906E+00 2.000000E+00
-5.115827E+01 -9.269793E+00 2.000000E+00
-5.026983E+01 -9.181873E+00 2.000000E+00
-4.979634E+01 -8.421649E+00 2.000000E+00
-5.018503E+01 -7.381840E+00 2.000000E+00
-5.100633E+01 -7.127665E+00 2.000000E+00
-5.171786E+01 -7.558604E+00 2.000000E+00
-5.086035E+01 -8.200761E+00 2.000000E+00
7 0 1
7 1 2
7 2 3
7 3 4
7 4 5
7 5 6
7 6 0
1 2 0 
1 2 0 
1 2 0 















1 3 0 
1 3 0 
1 3 0 
1 2 0 9 1 0 9 2 0 9 3 0 9 4 0 9 5 0 1 3 0 
1 2 0 9 1 0 9 2 0 9 3 0 9 4 0 9 5 0 1 3 0 
1 2 0 9 1 0 9 2 0 9 3 0 9 4 0 9 5 0 1 3 0 
0 0 0
0 0 0
0 0 0
0 0 0
0 0 0
0 0 0
0 0 0
0 0 0
