2
4466 4467 4469 4470 4471 4472 4473 
5
4
2.567456E+01 4.978516E+00 0.000000E+00
2.647236E+01 4.532723E+00 0.000000E+00
2.567456E+01 4.978516E+00 2.000000E+00
2.647236E+01 4.532723E+00 2.000000E+00
2.607346E+01 4.755619E+00 1.000000E+00
0 1 4
1 3 4
3 2 4
2 0 4
4274 4 0 
4274 4 0 
4274 4 0 
4266 0 0 
4266 0 0 
4266 0 0 
4275 4 0 
4275 4 0 
4275 4 0 
4267 0 0 
4267 0 0 
4267 0 0 
4274 4 0 4266 0 0 4275 4 0 4267 0 0 
4274 4 0 4266 0 0 4275 4 0 4267 0 0 
4274 4 0 4266 0 0 4275 4 0 4267 0 0 
0 0 0
0 0 0
0 0 0
0 0 0
0 0 0
