0
4058 4060 4061 4062 4063 4064 4065 
7
6
4.581564E+01 1.977672E+00 2.000000E+00
4.689120E+01 1.908805E+00 2.000000E+00
4.728216E+01 2.439825E+00 2.000000E+00
4.660695E+01 3.626918E+00 2.000000E+00
4.549425E+01 3.580510E+00 2.000000E+00
4.518357E+01 2.838253E+00 2.000000E+00
4.621229E+01 2.728664E+00 2.000000E+00
6 0 1
6 1 2
6 2 3
6 3 4
6 4 5
6 5 0
3790 4 0 
3790 4 0 
3790 4 0 
3781 6 0 
3781 6 0 
3781 6 0 
3781 5 0 
3781 5 0 
3781 5 0 



4050 3 0 
4050 3 0 
4050 3 0 
3797 4 0 
3797 4 0 
3797 4 0 
3790 4 0 3781 6 0 3781 5 0 4059 3 0 4050 3 0 3797 4 0 
3790 4 0 3781 6 0 3781 5 0 4059 3 0 4050 3 0 3797 4 0 
3790 4 0 3781 6 0 3781 5 0 4059 3 0 4050 3 0 3797 4 0 
0 0 0
0 0 0
0 0 0
0 0 0
0 0 0
0 0 0
0 0 0
