2
3915 3916 3917 3918 3920 3921 
5
4
2.309243E+01 9.782522E-01 0.000000E+00
2.204930E+01 1.581169E+00 0.000000E+00
2.309243E+01 9.782522E-01 2.000000E+00
2.204930E+01 1.581169E+00 2.000000E+00
2.257087E+01 1.279711E+00 1.000000E+00
0 1 4
1 3 4
3 2 4
2 0 4
3907 5 0 
3907 5 0 
3907 5 0 
3915 3 0 
3915 3 0 
3915 3 0 
3908 5 0 
3908 5 0 
3908 5 0 
3916 3 0 
3916 3 0 
3916 3 0 
3907 5 0 3915 3 0 3908 5 0 3916 3 0 
3907 5 0 3915 3 0 3908 5 0 3916 3 0 
3907 5 0 3915 3 0 3908 5 0 3916 3 0 
0 0 0
0 0 0
0 0 0
0 0 0
0 0 0
