5
1733 1734 1735 1737 1738 1739 
5
4
-5.768397E+01 -8.589656E+00 0.000000E+00
-5.648647E+01 -8.152020E+00 0.000000E+00
-5.768397E+01 -8.589656E+00 2.000000E+00
-5.648647E+01 -8.152020E+00 2.000000E+00
-5.708522E+01 -8.370838E+00 1.000000E+00
0 1 4
1 3 4
3 2 4
2 0 4
1733 1 0 
1733 1 0 
1733 1 0 
1724 0 0 
1724 0 0 
1724 0 0 
1734 1 0 
1734 1 0 
1734 1 0 
1725 0 0 
1725 0 0 
1725 0 0 
1733 1 0 1724 0 0 1734 1 0 1725 0 0 
1733 1 0 1724 0 0 1734 1 0 1725 0 0 
1733 1 0 1724 0 0 1734 1 0 1725 0 0 
0 0 0
0 0 0
0 0 0
0 0 0
0 0 0
