2
3117 3118 3119 3120 3122 
5
4
-2.869532E+00 1.551575E+00 0.000000E+00
-3.683802E+00 2.508173E+00 0.000000E+00
-2.869532E+00 1.551575E+00 2.000000E+00
-3.683802E+00 2.508173E+00 2.000000E+00
-3.276667E+00 2.029874E+00 1.000000E+00
0 1 4
1 3 4
3 2 4
2 0 4
2370 5 0 
2370 5 0 
2370 5 0 
3109 2 0 
3109 2 0 
3109 2 0 
2371 5 0 
2371 5 0 
2371 5 0 
3110 2 0 
3110 2 0 
3110 2 0 
2370 5 0 3109 2 0 2371 5 0 3110 2 0 
2370 5 0 3109 2 0 2371 5 0 3110 2 0 
2370 5 0 3109 2 0 2371 5 0 3110 2 0 
0 0 0
0 0 0
0 0 0
0 0 0
0 0 0
