2
1693 1694 1695 1696 1697 1698 1700 
5
4
-5.076375E+01 -5.146053E+00 0.000000E+00
-5.132756E+01 -5.692526E+00 0.000000E+00
-5.076375E+01 -5.146053E+00 2.000000E+00
-5.132756E+01 -5.692526E+00 2.000000E+00
-5.104566E+01 -5.419289E+00 1.000000E+00
0 1 4
1 3 4
3 2 4
2 0 4
1693 4 0 
1693 4 0 
1693 4 0 
1693 5 0 
1693 5 0 
1693 5 0 
1694 4 0 
1694 4 0 
1694 4 0 
1694 5 0 
1694 5 0 
1694 5 0 
1693 4 0 1693 5 0 1694 4 0 1694 5 0 
1693 4 0 1693 5 0 1694 4 0 1694 5 0 
1693 4 0 1693 5 0 1694 4 0 1694 5 0 
0 0 0
0 0 0
0 0 0
0 0 0
0 0 0
