2
3458 3459 3461 3462 3463 3464 3465 
5
4
5.836032E+01 -5.067781E+00 0.000000E+00
5.896612E+01 -5.693418E+00 0.000000E+00
5.836032E+01 -5.067781E+00 2.000000E+00
5.896612E+01 -5.693418E+00 2.000000E+00
5.866322E+01 -5.380599E+00 1.000000E+00
0 1 4
1 3 4
3 2 4
2 0 4
620 4 0 
620 4 0 
620 4 0 
612 5 0 
612 5 0 
612 5 0 
621 4 0 
621 4 0 
621 4 0 
613 5 0 
613 5 0 
613 5 0 
620 4 0 612 5 0 621 4 0 613 5 0 
620 4 0 612 5 0 621 4 0 613 5 0 
620 4 0 612 5 0 621 4 0 613 5 0 
0 0 0
0 0 0
0 0 0
0 0 0
0 0 0
