1
2642 2643 2644 2645 2646 2647 2648 
7
6
-5.384953E+01 -2.611546E+00 0.000000E+00
-5.311773E+01 -2.921372E+00 0.000000E+00
-5.194277E+01 -2.355587E+00 0.000000E+00
-5.179797E+01 -1.765575E+00 0.000000E+00
-5.284013E+01 -1.027344E+00 0.000000E+00
-5.389964E+01 -1.620814E+00 0.000000E+00
-5.290796E+01 -2.050373E+00 0.000000E+00
1 0 6
2 1 6
3 2 6
4 3 6
5 4 6
0 5 6
1845 3 0 
1845 3 0 
1845 3 0 
1854 3 0 
1854 3 0 
1854 3 0 
2626 6 0 
2626 6 0 
2626 6 0 
2626 5 0 
2626 5 0 
2626 5 0 



1845 4 0 
1845 4 0 
1845 4 0 
1845 3 0 1854 3 0 2626 6 0 2626 5 0 2641 4 0 1845 4 0 
1845 3 0 1854 3 0 2626 6 0 2626 5 0 2641 4 0 1845 4 0 
1845 3 0 1854 3 0 2626 6 0 2626 5 0 2641 4 0 1845 4 0 
0 0 0
0 0 0
0 0 0
0 0 0
0 0 0
0 0 0
0 0 0
