0
692 694 695 696 697 698 699 
7
6
4.319329E+01 -6.240977E+00 2.000000E+00
4.440912E+01 -7.073408E+00 2.000000E+00
4.506876E+01 -6.628848E+00 2.000000E+00
4.496660E+01 -5.427048E+00 2.000000E+00
4.426448E+01 -5.025378E+00 2.000000E+00
4.330810E+01 -5.480867E+00 2.000000E+00
4.420173E+01 -5.979421E+00 2.000000E+00
6 0 1
6 1 2
6 2 3
6 3 4
6 4 5
6 5 0
508 4 0 
508 4 0 
508 4 0 
508 3 0 
508 3 0 
508 3 0 
517 5 0 
517 5 0 
517 5 0 
686 4 0 
686 4 0 
686 4 0 






508 4 0 508 3 0 517 5 0 686 4 0 693 4 0 693 5 0 
508 4 0 508 3 0 517 5 0 686 4 0 693 4 0 693 5 0 
508 4 0 508 3 0 517 5 0 686 4 0 693 4 0 693 5 0 
0 0 0
0 0 0
0 0 0
0 0 0
0 0 0
0 0 0
0 0 0
