2
653 654 656 657 658 659 660 661 
9
8
1.871421E+01 -2.452622E+01 0.000000E+00
1.901709E+01 -2.492858E+01 0.000000E+00
1.931998E+01 -2.533094E+01 0.000000E+00
1.871421E+01 -2.452622E+01 7.425000E-01
1.901709E+01 -2.492858E+01 7.425000E-01
1.931998E+01 -2.533094E+01 7.425000E-01
1.871421E+01 -2.452622E+01 1.485000E+00
1.901709E+01 -2.492858E+01 1.485000E+00
1.931998E+01 -2.533094E+01 1.485000E+00
0 1 4
0 4 3
3 4 6
4 7 6
1 2 4
2 5 4
4 5 8
4 8 7
644 4 0 
644 4 0 
644 4 0 
644 3 0 
644 3 0 
644 3 0 
320 9 0 
320 9 0 
320 9 0 
649 5 0 
649 5 0 
649 5 0 
649 4 0 
649 4 0 
649 4 0 
325 5 0 
325 5 0 
325 5 0 
645 4 0 
645 4 0 
645 4 0 
645 3 0 
645 3 0 
645 3 0 
321 9 0 
321 9 0 
321 9 0 
0 0 0
0 0 0
0 0 0
0 0 0
0 0 0
0 0 0
0 0 0
0 0 0
0 0 0
