2
6433 6434 6435 6436 6437 6439 6440 6441 
9
8
1.906963E+01 7.650486E+00 0.000000E+00
1.857663E+01 8.071677E+00 0.000000E+00
1.808364E+01 8.492867E+00 0.000000E+00
1.906963E+01 7.650486E+00 7.425000E-01
1.857663E+01 8.071677E+00 7.425000E-01
1.808364E+01 8.492867E+00 7.425000E-01
1.906963E+01 7.650486E+00 1.485000E+00
1.857663E+01 8.071677E+00 1.485000E+00
1.808364E+01 8.492867E+00 1.485000E+00
0 1 4
0 4 3
3 4 6
4 7 6
1 2 4
2 5 4
4 5 8
4 8 7
6433 2 0 
6433 2 0 
6433 2 0 
6433 14 0 
6433 14 0 
6433 14 0 
6433 15 0 
6433 15 0 
6433 15 0 
6437 3 0 
6437 3 0 
6437 3 0 






6434 2 0 
6434 2 0 
6434 2 0 
6434 14 0 
6434 14 0 
6434 14 0 
6434 15 0 
6434 15 0 
6434 15 0 
0 0 0
0 0 0
0 0 0
0 0 0
0 0 0
0 0 0
0 0 0
0 0 0
0 0 0
