2
4711 4712 4713 4715 4716 4717 4718 4719 4720 
9
8
2.874032E-01 -3.385366E+00 0.000000E+00
7.938444E-01 -3.098486E+00 0.000000E+00
1.300286E+00 -2.811607E+00 0.000000E+00
2.874032E-01 -3.385366E+00 7.425000E-01
7.938444E-01 -3.098486E+00 7.425000E-01
1.300286E+00 -2.811607E+00 7.425000E-01
2.874032E-01 -3.385366E+00 1.485000E+00
7.938444E-01 -3.098486E+00 1.485000E+00
1.300286E+00 -2.811607E+00 1.485000E+00
0 1 4
0 4 3
3 4 6
4 7 6
1 2 4
2 5 4
4 5 8
4 8 7
4371 1 0 
4371 1 0 
4371 1 0 
4371 0 0 
4371 0 0 
4371 0 0 
4371 9 0 
4371 9 0 
4371 9 0 
4377 5 0 
4377 5 0 
4377 5 0 
4377 4 0 
4377 4 0 
4377 4 0 
4376 5 0 
4376 5 0 
4376 5 0 
4372 1 0 
4372 1 0 
4372 1 0 
4372 0 0 
4372 0 0 
4372 0 0 
4372 9 0 
4372 9 0 
4372 9 0 
0 0 0
0 0 0
0 0 0
0 0 0
0 0 0
0 0 0
0 0 0
0 0 0
0 0 0
