2
2824 2825 2826 2827 2828 2829 
9
8
-9.861613E+00 -1.205077E+01 0.000000E+00
-9.811632E+00 -1.261281E+01 0.000000E+00
-9.761652E+00 -1.317486E+01 0.000000E+00
-9.861613E+00 -1.205077E+01 7.425000E-01
-9.811632E+00 -1.261281E+01 7.425000E-01
-9.761652E+00 -1.317486E+01 7.425000E-01
-9.861613E+00 -1.205077E+01 1.485000E+00
-9.811632E+00 -1.261281E+01 1.485000E+00
-9.761652E+00 -1.317486E+01 1.485000E+00
0 1 4
0 4 3
3 4 6
4 7 6
1 2 4
2 5 4
4 5 8
4 8 7
2816 9 0 
2816 9 0 
2816 9 0 
2816 8 0 
2816 8 0 
2816 8 0 
2591 4 0 
2591 4 0 
2591 4 0 
2820 5 0 
2820 5 0 
2820 5 0 
2820 4 0 
2820 4 0 
2820 4 0 
2597 5 0 
2597 5 0 
2597 5 0 
2817 9 0 
2817 9 0 
2817 9 0 
2817 8 0 
2817 8 0 
2817 8 0 
2592 4 0 
2592 4 0 
2592 4 0 
0 0 0
0 0 0
0 0 0
0 0 0
0 0 0
0 0 0
0 0 0
0 0 0
0 0 0
