2
1387 1388 1390 1391 1392 1393 1394 
6
4
-1.804651E+01 -1.697507E+01 0.000000E+00
-1.730211E+01 -1.729384E+01 0.000000E+00
-1.804651E+01 -1.697507E+01 7.425000E-01
-1.730211E+01 -1.729384E+01 7.425000E-01
-1.804651E+01 -1.697507E+01 1.485000E+00
-1.730211E+01 -1.729384E+01 1.485000E+00
0 1 3
0 3 2
2 3 5
2 5 4
1285 12 0 
1285 12 0 
1285 12 0 
1285 13 0 
1285 13 0 
1285 13 0 
1291 3 0 
1291 3 0 
1291 3 0 
1290 5 0 
1290 5 0 
1290 5 0 
1286 12 0 
1286 12 0 
1286 12 0 
1286 13 0 
1286 13 0 
1286 13 0 
0 0 0
0 0 0
0 0 0
0 0 0
0 0 0
0 0 0
