2
2212 2213 2214 2215 2216 2217 2218 
9
8
2.240377E+01 -1.385031E+01 0.000000E+00
2.247722E+01 -1.445185E+01 0.000000E+00
2.255067E+01 -1.505340E+01 0.000000E+00
2.240377E+01 -1.385031E+01 7.425000E-01
2.247722E+01 -1.445185E+01 7.425000E-01
2.255067E+01 -1.505340E+01 7.425000E-01
2.240377E+01 -1.385031E+01 1.485000E+00
2.247722E+01 -1.445185E+01 1.485000E+00
2.255067E+01 -1.505340E+01 1.485000E+00
0 1 4
0 4 3
3 4 6
4 7 6
1 2 4
2 5 4
4 5 8
4 8 7
2212 5 0 
2212 5 0 
2212 5 0 
2212 2 0 
2212 2 0 
2212 2 0 
2154 12 0 
2154 12 0 
2154 12 0 
2218 5 0 
2218 5 0 
2218 5 0 



2160 3 0 
2160 3 0 
2160 3 0 
2213 5 0 
2213 5 0 
2213 5 0 
2213 2 0 
2213 2 0 
2213 2 0 
2155 12 0 
2155 12 0 
2155 12 0 
0 0 0
0 0 0
0 0 0
0 0 0
0 0 0
0 0 0
0 0 0
0 0 0
0 0 0
