2
6725 6726 6727 6728 6729 6730 6731 
9
8
-1.695091E+01 1.148776E+01 0.000000E+00
-1.705338E+01 1.095497E+01 0.000000E+00
-1.715585E+01 1.042219E+01 0.000000E+00
-1.695091E+01 1.148776E+01 7.425000E-01
-1.705338E+01 1.095497E+01 7.425000E-01
-1.715585E+01 1.042219E+01 7.425000E-01
-1.695091E+01 1.148776E+01 1.485000E+00
-1.705338E+01 1.095497E+01 1.485000E+00
-1.715585E+01 1.042219E+01 1.485000E+00
0 1 4
0 4 3
3 4 6
4 7 6
1 2 4
2 5 4
4 5 8
4 8 7
6725 10 0 
6725 10 0 
6725 10 0 
6725 11 0 
6725 11 0 
6725 11 0 
6235 14 0 
6235 14 0 
6235 14 0 
6731 5 0 
6731 5 0 
6731 5 0 



6240 5 0 
6240 5 0 
6240 5 0 
6726 10 0 
6726 10 0 
6726 10 0 
6726 11 0 
6726 11 0 
6726 11 0 
6236 14 0 
6236 14 0 
6236 14 0 
0 0 0
0 0 0
0 0 0
0 0 0
0 0 0
0 0 0
0 0 0
0 0 0
0 0 0
