2
6773 6774 6775 6776 6778 6779 6780 6781 6782 
9
8
-2.529348E+01 1.026995E+01 0.000000E+00
-2.481427E+01 1.068113E+01 0.000000E+00
-2.433506E+01 1.109231E+01 0.000000E+00
-2.529348E+01 1.026995E+01 7.425000E-01
-2.481427E+01 1.068113E+01 7.425000E-01
-2.433506E+01 1.109231E+01 7.425000E-01
-2.529348E+01 1.026995E+01 1.485000E+00
-2.481427E+01 1.068113E+01 1.485000E+00
-2.433506E+01 1.109231E+01 1.485000E+00
0 1 4
0 4 3
3 4 6
4 7 6
1 2 4
2 5 4
4 5 8
4 8 7
6166 7 0 
6166 7 0 
6166 7 0 
6182 8 0 
6182 8 0 
6182 8 0 
6182 11 0 
6182 11 0 
6182 11 0 
6172 3 0 
6172 3 0 
6172 3 0 
6189 4 0 
6189 4 0 
6189 4 0 
6188 3 0 
6188 3 0 
6188 3 0 
6167 7 0 
6167 7 0 
6167 7 0 
6183 8 0 
6183 8 0 
6183 8 0 
6183 11 0 
6183 11 0 
6183 11 0 
0 0 0
0 0 0
0 0 0
0 0 0
0 0 0
0 0 0
0 0 0
0 0 0
0 0 0
