2
7620 7621 7622 7624 7625 7626 7627 
9
8
1.313455E+00 1.372237E+01 0.000000E+00
1.864035E+00 1.378270E+01 0.000000E+00
2.414616E+00 1.384303E+01 0.000000E+00
1.313455E+00 1.372237E+01 7.425000E-01
1.864035E+00 1.378270E+01 7.425000E-01
2.414616E+00 1.384303E+01 7.425000E-01
1.313455E+00 1.372237E+01 1.485000E+00
1.864035E+00 1.378270E+01 1.485000E+00
2.414616E+00 1.384303E+01 1.485000E+00
0 1 4
0 4 3
3 4 6
4 7 6
1 2 4
2 5 4
4 5 8
4 8 7
7244 2 0 
7244 2 0 
7244 2 0 
7244 8 0 
7244 8 0 
7244 8 0 
7236 10 0 
7236 10 0 
7236 10 0 
7249 5 0 
7249 5 0 
7249 5 0 
7249 4 0 
7249 4 0 
7249 4 0 
7242 3 0 
7242 3 0 
7242 3 0 
7245 2 0 
7245 2 0 
7245 2 0 
7245 8 0 
7245 8 0 
7245 8 0 
7237 10 0 
7237 10 0 
7237 10 0 
0 0 0
0 0 0
0 0 0
0 0 0
0 0 0
0 0 0
0 0 0
0 0 0
0 0 0
