2
2467 2468 2470 2471 2472 2473 2474 
9
8
1.236643E+01 -1.391922E+01 0.000000E+00
1.289935E+01 -1.411470E+01 0.000000E+00
1.343228E+01 -1.431018E+01 0.000000E+00
1.236643E+01 -1.391922E+01 7.425000E-01
1.289935E+01 -1.411470E+01 7.425000E-01
1.343228E+01 -1.431018E+01 7.425000E-01
1.236643E+01 -1.391922E+01 1.485000E+00
1.289935E+01 -1.411470E+01 1.485000E+00
1.343228E+01 -1.431018E+01 1.485000E+00
0 1 4
0 4 3
3 4 6
4 7 6
1 2 4
2 5 4
4 5 8
4 8 7
2292 9 0 
2292 9 0 
2292 9 0 
2292 12 0 
2292 12 0 
2292 12 0 
2292 13 0 
2292 13 0 
2292 13 0 
2297 5 0 
2297 5 0 
2297 5 0 
2297 4 0 
2297 4 0 
2297 4 0 
2296 5 0 
2296 5 0 
2296 5 0 
2293 9 0 
2293 9 0 
2293 9 0 
2293 12 0 
2293 12 0 
2293 12 0 
2293 13 0 
2293 13 0 
2293 13 0 
0 0 0
0 0 0
0 0 0
0 0 0
0 0 0
0 0 0
0 0 0
0 0 0
0 0 0
