2
8205 8206 8207 8208 8209 8211 8212 
9
8
-1.571283E+01 1.761942E+01 0.000000E+00
-1.631606E+01 1.771355E+01 0.000000E+00
-1.691929E+01 1.780767E+01 0.000000E+00
-1.571283E+01 1.761942E+01 7.425000E-01
-1.631606E+01 1.771355E+01 7.425000E-01
-1.691929E+01 1.780767E+01 7.425000E-01
-1.571283E+01 1.761942E+01 1.485000E+00
-1.631606E+01 1.771355E+01 1.485000E+00
-1.691929E+01 1.780767E+01 1.485000E+00
0 1 4
0 4 3
3 4 6
4 7 6
1 2 4
2 5 4
4 5 8
4 8 7
8197 1 0 
8197 1 0 
8197 1 0 
8205 0 0 
8205 0 0 
8205 0 0 
8205 1 0 
8205 1 0 
8205 1 0 
8199 2 0 
8199 2 0 
8199 2 0 






8198 1 0 
8198 1 0 
8198 1 0 
8206 0 0 
8206 0 0 
8206 0 0 
8206 1 0 
8206 1 0 
8206 1 0 
0 0 0
0 0 0
0 0 0
0 0 0
0 0 0
0 0 0
0 0 0
0 0 0
0 0 0
