0
2566 2568 2569 2570 2571 2572 
12
12
-5.600984E+00 -1.443977E+01 1.485000E+00
-5.367263E+00 -1.488268E+01 1.485000E+00
-4.895495E+00 -1.467135E+01 1.485000E+00
-4.312251E+00 -1.442239E+01 1.485000E+00
-4.062620E+00 -1.386353E+01 1.485000E+00
-4.571100E+00 -1.352544E+01 1.485000E+00
-5.086042E+00 -1.398260E+01 1.485000E+00
-3.554140E+00 -1.420163E+01 1.485000E+00
-5.133542E+00 -1.532560E+01 1.485000E+00
-4.471553E+00 -1.524717E+01 1.485000E+00
-3.809564E+00 -1.516874E+01 1.485000E+00
-3.681852E+00 -1.468519E+01 1.485000E+00
0 1 2
3 4 5
6 0 2
7 4 3
2 1 8
9 3 2
9 10 3
3 6 2
11 7 3
11 3 10
8 9 2
6 3 5
1935 10 0 
1935 10 0 
1935 10 0 
1935 11 0 
1935 11 0 
1935 11 0 















2558 12 0 
2558 12 0 
2558 12 0 
1935 9 0 
1935 9 0 
1935 9 0 
1943 7 0 
1943 7 0 
1943 7 0 
1943 6 0 
1943 6 0 
1943 6 0 
2558 10 0 
2558 10 0 
2558 10 0 
0 0 0
0 0 0
0 0 0
0 0 0
0 0 0
0 0 0
0 0 0
0 0 0
0 0 0
0 0 0
0 0 0
0 0 0
