2
7509 7510 7511 7512 7513 7514 7515 
9
8
-1.857866E+01 1.754094E+01 0.000000E+00
-1.897948E+01 1.717410E+01 0.000000E+00
-1.938029E+01 1.680725E+01 0.000000E+00
-1.857866E+01 1.754094E+01 7.425000E-01
-1.897948E+01 1.717410E+01 7.425000E-01
-1.938029E+01 1.680725E+01 7.425000E-01
-1.857866E+01 1.754094E+01 1.485000E+00
-1.897948E+01 1.717410E+01 1.485000E+00
-1.938029E+01 1.680725E+01 1.485000E+00
0 1 4
0 4 3
3 4 6
4 7 6
1 2 4
2 5 4
4 5 8
4 8 7
7509 11 0 
7509 11 0 
7509 11 0 
7509 10 0 
7509 10 0 
7509 10 0 
7501 13 0 
7501 13 0 
7501 13 0 
7515 5 0 
7515 5 0 
7515 5 0 



7505 5 0 
7505 5 0 
7505 5 0 
7510 11 0 
7510 11 0 
7510 11 0 
7510 10 0 
7510 10 0 
7510 10 0 
7502 13 0 
7502 13 0 
7502 13 0 
0 0 0
0 0 0
0 0 0
0 0 0
0 0 0
0 0 0
0 0 0
0 0 0
0 0 0
