2
9356 9357 9358 9359 9360 9362 9363 9364 
6
4
-4.815920E-01 2.550459E+01 0.000000E+00
-6.255554E-01 2.599767E+01 0.000000E+00
-4.815920E-01 2.550459E+01 7.425000E-01
-6.255554E-01 2.599767E+01 7.425000E-01
-4.815920E-01 2.550459E+01 1.485000E+00
-6.255554E-01 2.599767E+01 1.485000E+00
0 1 3
0 3 2
2 3 5
2 5 4
9229 8 0 
9229 8 0 
9229 8 0 
9346 2 0 
9346 2 0 
9346 2 0 
9233 5 0 
9233 5 0 
9233 5 0 
9354 5 0 
9354 5 0 
9354 5 0 
9230 8 0 
9230 8 0 
9230 8 0 
9347 2 0 
9347 2 0 
9347 2 0 
0 0 0
0 0 0
0 0 0
0 0 0
0 0 0
0 0 0
