6
9372 9373 9374 9375 9376 9378 9379 
9
8
-3.706198E+00 2.802138E+01 0.000000E+00
-4.281278E+00 2.807975E+01 0.000000E+00
-4.856358E+00 2.813812E+01 0.000000E+00
-3.706198E+00 2.802138E+01 7.425000E-01
-4.281278E+00 2.807975E+01 7.425000E-01
-4.856358E+00 2.813812E+01 7.425000E-01
-3.706198E+00 2.802138E+01 1.485000E+00
-4.281278E+00 2.807975E+01 1.485000E+00
-4.856358E+00 2.813812E+01 1.485000E+00
0 1 4
0 4 3
3 4 6
4 7 6
1 2 4
2 5 4
4 5 8
4 8 7
137 12 0 
137 12 5.675002e+01 
137 12 0 
137 11 0 
137 11 5.675002e+01 
137 11 0 
129 12 0 
129 12 5.675002e+01 
129 12 0 
139 5 0 
139 5 5.675002e+01 
139 5 0 
139 4 0 
139 4 5.675002e+01 
139 4 0 
133 3 0 
133 3 5.675002e+01 
133 3 0 
138 12 0 
138 12 5.675002e+01 
138 12 0 
138 11 0 
138 11 5.675002e+01 
138 11 0 
130 12 0 
130 12 5.675002e+01 
130 12 0 
0 0 0
0 0 0
0 0 0
0 0 0
0 0 0
0 0 0
0 0 0
0 0 0
0 0 0
