2
574 575 576 577 578 580 
9
8
6.511675E+00 -2.446834E+01 0.000000E+00
5.956401E+00 -2.434268E+01 0.000000E+00
5.401126E+00 -2.421702E+01 0.000000E+00
6.511675E+00 -2.446834E+01 7.425000E-01
5.956401E+00 -2.434268E+01 7.425000E-01
5.401126E+00 -2.421702E+01 7.425000E-01
6.511675E+00 -2.446834E+01 1.485000E+00
5.956401E+00 -2.434268E+01 1.485000E+00
5.401126E+00 -2.421702E+01 1.485000E+00
0 1 4
0 4 3
3 4 6
4 7 6
1 2 4
2 5 4
4 5 8
4 8 7
399 14 0 
399 14 0 
399 14 0 
574 7 0 
574 7 0 
574 7 0 
565 2 0 
565 2 0 
565 2 0 
406 3 0 
406 3 0 
406 3 0 



569 5 0 
569 5 0 
569 5 0 
400 14 0 
400 14 0 
400 14 0 
575 7 0 
575 7 0 
575 7 0 
566 2 0 
566 2 0 
566 2 0 
0 0 0
0 0 0
0 0 0
0 0 0
0 0 0
0 0 0
0 0 0
0 0 0
0 0 0
