1
8815 8816 8817 8818 8819 8820 8821 
14
16
1.348419E+01 2.500438E+01 0.000000E+00
1.327879E+01 2.543828E+01 0.000000E+00
1.281303E+01 2.503433E+01 0.000000E+00
1.212241E+01 2.503357E+01 0.000000E+00
1.244458E+01 2.451668E+01 0.000000E+00
1.310465E+01 2.454514E+01 0.000000E+00
1.212475E+01 2.398548E+01 0.000000E+00
1.283820E+01 2.404257E+01 0.000000E+00
1.330952E+01 2.365746E+01 0.000000E+00
1.349956E+01 2.411397E+01 0.000000E+00
1.368960E+01 2.457049E+01 0.000000E+00
1.248893E+01 2.348737E+01 0.000000E+00
1.176057E+01 2.448358E+01 0.000000E+00
1.248426E+01 2.558356E+01 0.000000E+00
2 1 0
2 4 3
2 0 5
7 6 4
2 5 4
9 8 7
5 0 10
5 10 9
11 6 7
8 11 7
5 9 7
12 4 6
7 4 5
4 12 3
1 2 13
13 2 3


















8595 9 0 
8595 9 0 
8595 9 0 



8604 9 0 
8604 9 0 
8604 9 0 
8806 12 0 
8806 12 0 
8806 12 0 
8806 8 0 
8806 8 0 
8806 8 0 
8595 8 0 
8595 8 0 
8595 8 0 
8595 14 0 
8595 14 0 
8595 14 0 



1 1 1
1 1 1
1 1 1
1 1 1
1 1 1
1 1 1
1 1 1
1 1 1
1 1 1
1 1 1
1 1 1
1 1 1
1 1 1
1 1 1
