1
3808 3809 3810 3811 3812 3813 3814 
14
16
-5.047330E+00 -6.979806E+00 0.000000E+00
-5.682250E+00 -7.129910E+00 0.000000E+00
-5.263691E+00 -7.587185E+00 0.000000E+00
-3.688281E+00 -8.061843E+00 0.000000E+00
-3.568976E+00 -7.680904E+00 0.000000E+00
-4.191936E+00 -7.746247E+00 0.000000E+00
-4.327343E+00 -8.282049E+00 0.000000E+00
-3.990694E+00 -7.255303E+00 0.000000E+00
-4.412411E+00 -6.829702E+00 0.000000E+00
-4.624150E+00 -7.402520E+00 0.000000E+00
-5.833691E+00 -7.964557E+00 0.000000E+00
-5.400048E+00 -8.233406E+00 0.000000E+00
-4.966405E+00 -8.502255E+00 0.000000E+00
-4.808096E+00 -7.947008E+00 0.000000E+00
2 1 0
5 4 3
3 6 5
9 8 7
1 2 10
10 2 11
5 7 4
9 2 0
13 12 11
2 13 11
13 6 12
2 9 13
5 6 13
7 5 9
5 13 9
0 8 9



3798 15 0 
3798 15 0 
3798 15 0 



3559 14 0 
3559 14 0 
3559 14 0 
3559 13 0 
3559 13 0 
3559 13 0 



3568 5 0 
3568 5 0 
3568 5 0 









3574 5 0 
3574 5 0 
3574 5 0 
3574 14 0 
3574 14 0 
3574 14 0 
3568 3 0 
3568 3 0 
3568 3 0 



0 0 0
0 0 0
0 0 0
0 0 0
0 0 0
0 0 0
0 0 0
0 0 0
0 0 0
0 0 0
0 0 0
0 0 0
0 0 0
0 0 0
