3
7452 7453 7455 7456 7457 7458 7459 7460 
6
4
-2.923372E+01 1.620065E+01 0.000000E+00
-2.848883E+01 1.571434E+01 0.000000E+00
-2.923372E+01 1.620065E+01 7.425000E-01
-2.848883E+01 1.571434E+01 7.425000E-01
-2.923372E+01 1.620065E+01 1.485000E+00
-2.848883E+01 1.571434E+01 1.485000E+00
0 1 3
0 3 2
2 3 5
2 5 4
7452 12 0 
7452 12 0 
7452 12 0 
7422 0 0 
7422 0 0 
7422 0 0 



7427 5 0 
7427 5 0 
7427 5 0 
7453 12 0 
7453 12 0 
7453 12 0 
7423 0 0 
7423 0 0 
7423 0 0 
0 0 0
0 0 0
0 0 0
0 0 0
0 0 0
0 0 0
