2
2517 2518 2519 2520 2521 2522 2523 2524 2525 
6
4
2.999822E+00 -1.400394E+01 0.000000E+00
3.002141E+00 -1.457829E+01 0.000000E+00
2.999822E+00 -1.400394E+01 7.425000E-01
3.002141E+00 -1.457829E+01 7.425000E-01
2.999822E+00 -1.400394E+01 1.485000E+00
3.002141E+00 -1.457829E+01 1.485000E+00
0 1 3
0 3 2
2 3 5
2 5 4
2517 5 0 
2517 5 0 
2517 5 0 
2517 11 0 
2517 11 0 
2517 11 0 
2525 5 0 
2525 5 0 
2525 5 0 
2519 3 0 
2519 3 0 
2519 3 0 
2518 5 0 
2518 5 0 
2518 5 0 
2518 11 0 
2518 11 0 
2518 11 0 
0 0 0
0 0 0
0 0 0
0 0 0
0 0 0
0 0 0
