2
3985 3986 3987 3988 3989 3991 
9
8
2.389305E+01 -5.665922E+00 0.000000E+00
2.345835E+01 -5.694840E+00 0.000000E+00
2.302364E+01 -5.723758E+00 0.000000E+00
2.389305E+01 -5.665922E+00 7.425000E-01
2.345835E+01 -5.694840E+00 7.425000E-01
2.302364E+01 -5.723758E+00 7.425000E-01
2.389305E+01 -5.665922E+00 1.485000E+00
2.345835E+01 -5.694840E+00 1.485000E+00
2.302364E+01 -5.723758E+00 1.485000E+00
0 1 4
0 4 3
3 4 6
4 7 6
1 2 4
2 5 4
4 5 8
4 8 7
3985 12 0 
3985 12 0 
3985 12 0 
3985 11 0 
3985 11 0 
3985 11 0 
3978 8 0 
3978 8 0 
3978 8 0 
3989 5 0 
3989 5 0 
3989 5 0 



3981 5 0 
3981 5 0 
3981 5 0 
3986 12 0 
3986 12 0 
3986 12 0 
3986 11 0 
3986 11 0 
3986 11 0 
3979 8 0 
3979 8 0 
3979 8 0 
0 0 0
0 0 0
0 0 0
0 0 0
0 0 0
0 0 0
0 0 0
0 0 0
0 0 0
