2
2778 2779 2781 2782 2783 2784 2785 
6
4
-1.769774E+01 -1.314279E+01 0.000000E+00
-1.712132E+01 -1.278818E+01 0.000000E+00
-1.769774E+01 -1.314279E+01 7.425000E-01
-1.712132E+01 -1.278818E+01 7.425000E-01
-1.769774E+01 -1.314279E+01 1.485000E+00
-1.712132E+01 -1.278818E+01 1.485000E+00
0 1 3
0 3 2
2 3 5
2 5 4
2625 3 0 
2625 3 0 
2625 3 0 
2625 5 0 
2625 5 0 
2625 5 0 
2632 3 0 
2632 3 0 
2632 3 0 
2631 5 0 
2631 5 0 
2631 5 0 
2626 3 0 
2626 3 0 
2626 3 0 
2626 5 0 
2626 5 0 
2626 5 0 
0 0 0
0 0 0
0 0 0
0 0 0
0 0 0
0 0 0
