2
1783 1784 1785 1786 1788 1789 1790 
9
8
3.450271E+00 -1.925869E+01 0.000000E+00
3.499311E+00 -1.857444E+01 0.000000E+00
3.548352E+00 -1.789020E+01 0.000000E+00
3.450271E+00 -1.925869E+01 7.425000E-01
3.499311E+00 -1.857444E+01 7.425000E-01
3.548352E+00 -1.789020E+01 7.425000E-01
3.450271E+00 -1.925869E+01 1.485000E+00
3.499311E+00 -1.857444E+01 1.485000E+00
3.548352E+00 -1.789020E+01 1.485000E+00
0 1 4
0 4 3
3 4 6
4 7 6
1 2 4
2 5 4
4 5 8
4 8 7
1500 6 0 
1500 6 0 
1500 6 0 
1775 5 0 
1775 5 0 
1775 5 0 
1775 12 0 
1775 12 0 
1775 12 0 
1505 5 0 
1505 5 0 
1505 5 0 
1782 4 0 
1782 4 0 
1782 4 0 
1781 3 0 
1781 3 0 
1781 3 0 
1501 6 0 
1501 6 0 
1501 6 0 
1776 5 0 
1776 5 0 
1776 5 0 
1776 12 0 
1776 12 0 
1776 12 0 
0 0 0
0 0 0
0 0 0
0 0 0
0 0 0
0 0 0
0 0 0
0 0 0
0 0 0
