3
7422 7423 7424 7425 7426 7427 
12
12
-2.848883E+01 1.571434E+01 0.000000E+00
-2.848389E+01 1.501737E+01 0.000000E+00
-2.848142E+01 1.466888E+01 0.000000E+00
-2.847894E+01 1.432040E+01 0.000000E+00
-2.848883E+01 1.571434E+01 7.425000E-01
-2.848389E+01 1.501737E+01 7.425000E-01
-2.848142E+01 1.466888E+01 7.425000E-01
-2.847894E+01 1.432040E+01 7.425000E-01
-2.848883E+01 1.571434E+01 1.485000E+00
-2.848389E+01 1.501737E+01 1.485000E+00
-2.848142E+01 1.466888E+01 1.485000E+00
-2.847894E+01 1.432040E+01 1.485000E+00
0 1 5
0 5 4
4 5 8
5 9 8
1 2 5
2 6 5
5 6 9
6 10 9
2 3 6
3 7 6
6 7 11
6 11 10
7422 0 0 
7422 0 0 
7422 0 0 
7422 4 0 
7422 4 0 
7422 4 0 
7422 5 0 
7422 5 0 
7422 5 0 
7413 1 0 
7413 1 0 
7413 1 0 
7427 5 0 
7427 5 0 
7427 5 0 






7419 5 0 
7419 5 0 
7419 5 0 
7423 0 0 
7423 0 0 
7423 0 0 
7423 4 0 
7423 4 0 
7423 4 0 
7423 5 0 
7423 5 0 
7423 5 0 
7414 1 0 
7414 1 0 
7414 1 0 
0 0 0
0 0 0
0 0 0
0 0 0
0 0 0
0 0 0
0 0 0
0 0 0
0 0 0
0 0 0
0 0 0
0 0 0
