2
5535 5536 5537 5538 5539 5540 5541 
9
8
-2.131709E+00 3.733000E+00 0.000000E+00
-1.878977E+00 3.157125E+00 0.000000E+00
-1.626245E+00 2.581250E+00 0.000000E+00
-2.131709E+00 3.733000E+00 7.425000E-01
-1.878977E+00 3.157125E+00 7.425000E-01
-1.626245E+00 2.581250E+00 7.425000E-01
-2.131709E+00 3.733000E+00 1.485000E+00
-1.878977E+00 3.157125E+00 1.485000E+00
-1.626245E+00 2.581250E+00 1.485000E+00
0 1 4
0 4 3
3 4 6
4 7 6
1 2 4
2 5 4
4 5 8
4 8 7
5102 7 0 
5102 7 0 
5102 7 0 
5102 6 0 
5102 6 0 
5102 6 0 
5102 9 0 
5102 9 0 
5102 9 0 
5106 5 0 
5106 5 0 
5106 5 0 
5106 4 0 
5106 4 0 
5106 4 0 
5105 5 0 
5105 5 0 
5105 5 0 
5103 7 0 
5103 7 0 
5103 7 0 
5103 6 0 
5103 6 0 
5103 6 0 
5103 9 0 
5103 9 0 
5103 9 0 
0 0 0
0 0 0
0 0 0
0 0 0
0 0 0
0 0 0
0 0 0
0 0 0
0 0 0
