2
3204 3205 3207 3208 3209 3210 
6
4
1.324025E+01 -1.255299E+01 0.000000E+00
1.404423E+01 -1.284387E+01 0.000000E+00
1.324025E+01 -1.255299E+01 7.425000E-01
1.404423E+01 -1.284387E+01 7.425000E-01
1.324025E+01 -1.255299E+01 1.485000E+00
1.404423E+01 -1.284387E+01 1.485000E+00
0 1 3
0 3 2
2 3 5
2 5 4
2467 6 0 
2467 6 0 
2467 6 0 
2459 7 0 
2459 7 0 
2459 7 0 
2472 3 0 
2472 3 0 
2472 3 0 
2465 5 0 
2465 5 0 
2465 5 0 
2468 6 0 
2468 6 0 
2468 6 0 
2460 7 0 
2460 7 0 
2460 7 0 
0 0 0
0 0 0
0 0 0
0 0 0
0 0 0
0 0 0
