1
775 776 777 778 779 780 
12
13
-3.655261E+00 -2.135479E+01 0.000000E+00
-3.487159E+00 -2.188098E+01 0.000000E+00
-3.028797E+00 -2.160425E+01 0.000000E+00
-3.659915E+00 -2.240504E+01 0.000000E+00
-3.048514E+00 -2.222460E+01 0.000000E+00
-3.997033E+00 -2.300938E+01 0.000000E+00
-4.387295E+00 -2.236340E+01 0.000000E+00
-3.532632E+00 -2.292717E+01 0.000000E+00
-3.068230E+00 -2.284496E+01 0.000000E+00
-4.067456E+00 -2.180164E+01 0.000000E+00
-4.281724E+00 -2.110533E+01 0.000000E+00
-4.777557E+00 -2.171742E+01 0.000000E+00
2 1 0
4 3 1
6 3 5
3 8 7
9 1 3
9 11 10
4 8 3
3 7 5
10 0 9
11 9 6
9 3 6
4 1 2
1 9 0






765 16 0 
765 16 0 
765 16 0 



765 9 0 
765 9 0 
765 9 0 
526 16 0 
526 16 0 
526 16 0 



526 15 0 
526 15 0 
526 15 0 
526 14 0 
526 14 0 
526 14 0 









1 1 1
1 1 1
1 1 1
1 1 1
1 1 1
1 1 1
1 1 1
1 1 1
1 1 1
1 1 1
1 1 1
1 1 1
