2
3118 3119 3121 3122 3123 3124 
9
8
4.442100E+00 -1.321356E+01 0.000000E+00
4.735140E+00 -1.360798E+01 0.000000E+00
5.028181E+00 -1.400240E+01 0.000000E+00
4.442100E+00 -1.321356E+01 7.425000E-01
4.735140E+00 -1.360798E+01 7.425000E-01
5.028181E+00 -1.400240E+01 7.425000E-01
4.442100E+00 -1.321356E+01 1.485000E+00
4.735140E+00 -1.360798E+01 1.485000E+00
5.028181E+00 -1.400240E+01 1.485000E+00
0 1 4
0 4 3
3 4 6
4 7 6
1 2 4
2 5 4
4 5 8
4 8 7
2517 15 0 
2517 15 0 
2517 15 0 
2517 1 0 
2517 1 0 
2517 1 0 
2510 6 0 
2510 6 0 
2510 6 0 
2523 5 0 
2523 5 0 
2523 5 0 
2523 4 0 
2523 4 0 
2523 4 0 
2515 5 0 
2515 5 0 
2515 5 0 
2518 15 0 
2518 15 0 
2518 15 0 
2518 1 0 
2518 1 0 
2518 1 0 
2511 6 0 
2511 6 0 
2511 6 0 
0 0 0
0 0 0
0 0 0
0 0 0
0 0 0
0 0 0
0 0 0
0 0 0
0 0 0
