2
7494 7495 7496 7498 7499 7500 
9
8
-2.103042E+01 1.637984E+01 0.000000E+00
-2.055307E+01 1.671012E+01 0.000000E+00
-2.007572E+01 1.704041E+01 0.000000E+00
-2.103042E+01 1.637984E+01 7.425000E-01
-2.055307E+01 1.671012E+01 7.425000E-01
-2.007572E+01 1.704041E+01 7.425000E-01
-2.103042E+01 1.637984E+01 1.485000E+00
-2.055307E+01 1.671012E+01 1.485000E+00
-2.007572E+01 1.704041E+01 1.485000E+00
0 1 4
0 4 3
3 4 6
4 7 6
1 2 4
2 5 4
4 5 8
4 8 7
7380 5 0 
7380 5 0 
7380 5 0 
7494 0 0 
7494 0 0 
7494 0 0 
7494 8 0 
7494 8 0 
7494 8 0 
7384 5 0 
7384 5 0 
7384 5 0 






7381 5 0 
7381 5 0 
7381 5 0 
7495 0 0 
7495 0 0 
7495 0 0 
7495 8 0 
7495 8 0 
7495 8 0 
0 0 0
0 0 0
0 0 0
0 0 0
0 0 0
0 0 0
0 0 0
0 0 0
0 0 0
