5
229 230 231 232 234 235 236 
9
8
1.454556E+01 -2.988456E+01 0.000000E+00
1.516101E+01 -2.953555E+01 0.000000E+00
1.577646E+01 -2.918653E+01 0.000000E+00
1.454556E+01 -2.988456E+01 7.425000E-01
1.516101E+01 -2.953555E+01 7.425000E-01
1.577646E+01 -2.918653E+01 7.425000E-01
1.454556E+01 -2.988456E+01 1.485000E+00
1.516101E+01 -2.953555E+01 1.485000E+00
1.577646E+01 -2.918653E+01 1.485000E+00
0 1 4
0 4 3
3 4 6
4 7 6
1 2 4
2 5 4
4 5 8
4 8 7
229 13 0 
229 13 0 
229 13 0 
229 4 0 
229 4 0 
229 4 0 
229 5 0 
229 5 0 
229 5 0 
232 5 0 
232 5 0 
232 5 0 






230 13 0 
230 13 0 
230 13 0 
230 4 0 
230 4 0 
230 4 0 
230 5 0 
230 5 0 
230 5 0 
0 0 0
0 0 0
0 0 0
0 0 0
0 0 0
0 0 0
0 0 0
0 0 0
0 0 0
