1
6799 6800 6801 6802 6803 6804 
12
12
-2.640973E+01 1.258075E+01 0.000000E+00
-2.697353E+01 1.213861E+01 0.000000E+00
-2.645037E+01 1.170146E+01 0.000000E+00
-2.619094E+01 1.340278E+01 0.000000E+00
-2.669748E+01 1.339856E+01 0.000000E+00
-2.693108E+01 1.280539E+01 0.000000E+00
-2.606115E+01 1.200607E+01 0.000000E+00
-2.567192E+01 1.231067E+01 0.000000E+00
-2.593143E+01 1.285672E+01 0.000000E+00
-2.749668E+01 1.257576E+01 0.000000E+00
-2.735035E+01 1.298504E+01 0.000000E+00
-2.720401E+01 1.339433E+01 0.000000E+00
2 1 0
0 4 3
1 5 0
2 0 6
5 4 0
0 8 7
5 1 9
6 0 7
0 3 8
5 9 10
5 11 4
5 10 11



6791 0 0 
6791 0 0 
6791 0 0 
6773 18 0 
6773 18 0 
6773 18 0 









6773 15 0 
6773 15 0 
6773 15 0 
6773 14 0 
6773 14 0 
6773 14 0 



6791 1 0 
6791 1 0 
6791 1 0 






1 1 1
1 1 1
1 1 1
1 1 1
1 1 1
1 1 1
1 1 1
1 1 1
1 1 1
1 1 1
1 1 1
1 1 1
