2
3708 3709 3710 3711 3712 3713 3715 
9
8
-2.590800E+01 -4.462594E+00 0.000000E+00
-2.635098E+01 -4.746636E+00 0.000000E+00
-2.679395E+01 -5.030678E+00 0.000000E+00
-2.590800E+01 -4.462594E+00 7.425000E-01
-2.635098E+01 -4.746636E+00 7.425000E-01
-2.679395E+01 -5.030678E+00 7.425000E-01
-2.590800E+01 -4.462594E+00 1.485000E+00
-2.635098E+01 -4.746636E+00 1.485000E+00
-2.679395E+01 -5.030678E+00 1.485000E+00
0 1 4
0 4 3
3 4 6
4 7 6
1 2 4
2 5 4
4 5 8
4 8 7
3708 8 0 
3708 8 0 
3708 8 0 
3708 9 0 
3708 9 0 
3708 9 0 
3700 0 0 
3700 0 0 
3700 0 0 
3713 5 0 
3713 5 0 
3713 5 0 



3704 3 0 
3704 3 0 
3704 3 0 
3709 8 0 
3709 8 0 
3709 8 0 
3709 9 0 
3709 9 0 
3709 9 0 
3701 0 0 
3701 0 0 
3701 0 0 
0 0 0
0 0 0
0 0 0
0 0 0
0 0 0
0 0 0
0 0 0
0 0 0
0 0 0
