2
3086 3087 3088 3089 3090 3092 3093 
9
8
9.775239E-03 -1.139827E+01 0.000000E+00
-5.866429E-01 -1.156807E+01 0.000000E+00
-1.183061E+00 -1.173787E+01 0.000000E+00
9.775239E-03 -1.139827E+01 7.425000E-01
-5.866429E-01 -1.156807E+01 7.425000E-01
-1.183061E+00 -1.173787E+01 7.425000E-01
9.775239E-03 -1.139827E+01 1.485000E+00
-5.866429E-01 -1.156807E+01 1.485000E+00
-1.183061E+00 -1.173787E+01 1.485000E+00
0 1 4
0 4 3
3 4 6
4 7 6
1 2 4
2 5 4
4 5 8
4 8 7
3086 10 0 
3086 10 0 
3086 10 0 
3086 1 0 
3086 1 0 
3086 1 0 
3086 7 0 
3086 7 0 
3086 7 0 
3090 3 0 
3090 3 0 
3090 3 0 






3087 10 0 
3087 10 0 
3087 10 0 
3087 1 0 
3087 1 0 
3087 1 0 
3087 7 0 
3087 7 0 
3087 7 0 
0 0 0
0 0 0
0 0 0
0 0 0
0 0 0
0 0 0
0 0 0
0 0 0
0 0 0
