2
1664 1665 1666 1667 1668 1669 
9
8
2.105053E+01 -2.184162E+01 0.000000E+00
2.106439E+01 -2.234767E+01 0.000000E+00
2.107825E+01 -2.285372E+01 0.000000E+00
2.105053E+01 -2.184162E+01 7.425000E-01
2.106439E+01 -2.234767E+01 7.425000E-01
2.107825E+01 -2.285372E+01 7.425000E-01
2.105053E+01 -2.184162E+01 1.485000E+00
2.106439E+01 -2.234767E+01 1.485000E+00
2.107825E+01 -2.285372E+01 1.485000E+00
0 1 4
0 4 3
3 4 6
4 7 6
1 2 4
2 5 4
4 5 8
4 8 7
1583 12 0 
1583 12 0 
1583 12 0 
1583 11 0 
1583 11 0 
1583 11 0 
1583 10 0 
1583 10 0 
1583 10 0 
1587 5 0 
1587 5 0 
1587 5 0 
1587 4 0 
1587 4 0 
1587 4 0 
1586 5 0 
1586 5 0 
1586 5 0 
1584 12 0 
1584 12 0 
1584 12 0 
1584 11 0 
1584 11 0 
1584 11 0 
1584 10 0 
1584 10 0 
1584 10 0 
0 0 0
0 0 0
0 0 0
0 0 0
0 0 0
0 0 0
0 0 0
0 0 0
0 0 0
