0
5365 5367 5368 5369 5370 5371 5372 
15
17
2.445804E+01 3.604331E+00 1.485000E+00
2.496531E+01 3.422902E+00 1.485000E+00
2.490585E+01 4.143332E+00 1.485000E+00
2.486773E+01 4.795617E+00 1.485000E+00
2.506486E+01 5.258376E+00 1.485000E+00
2.459935E+01 5.464411E+00 1.485000E+00
2.562328E+01 3.945894E+00 1.485000E+00
2.557683E+01 4.499117E+00 1.485000E+00
2.432873E+01 4.074797E+00 1.485000E+00
2.417770E+01 5.090120E+00 1.485000E+00
2.385341E+01 4.250795E+00 1.485000E+00
2.395078E+01 3.785761E+00 1.485000E+00
2.433844E+01 4.550823E+00 1.485000E+00
2.553037E+01 5.052341E+00 1.485000E+00
2.375604E+01 4.715829E+00 1.485000E+00
0 1 2
3 4 5
6 7 2
8 0 2
5 9 3
6 2 1
10 11 8
8 2 12
13 3 7
14 10 12
10 8 12
11 0 8
2 3 12
2 7 3
12 9 14
12 3 9
3 13 4
5278 9 0 
5278 9 0 
5278 9 0 
5278 8 0 
5278 8 0 
5278 8 0 
























5358 14 0 
5358 14 0 
5358 14 0 
5278 3 0 
5278 3 0 
5278 3 0 






5358 3 0 
5358 3 0 
5358 3 0 
0 0 0
0 0 0
0 0 0
0 0 0
0 0 0
0 0 0
0 0 0
0 0 0
0 0 0
0 0 0
0 0 0
0 0 0
0 0 0
0 0 0
0 0 0
