2
6860 6861 6862 6863 6864 6865 6867 
6
4
-1.518990E+01 1.344074E+01 0.000000E+00
-1.592227E+01 1.304892E+01 0.000000E+00
-1.518990E+01 1.344074E+01 7.425000E-01
-1.592227E+01 1.304892E+01 7.425000E-01
-1.518990E+01 1.344074E+01 1.485000E+00
-1.592227E+01 1.304892E+01 1.485000E+00
0 1 3
0 3 2
2 3 5
2 5 4
6860 5 0 
6860 5 0 
6860 5 0 
6852 2 0 
6852 2 0 
6852 2 0 
6865 5 0 
6865 5 0 
6865 5 0 
6856 5 0 
6856 5 0 
6856 5 0 
6861 5 0 
6861 5 0 
6861 5 0 
6853 2 0 
6853 2 0 
6853 2 0 
0 0 0
0 0 0
0 0 0
0 0 0
0 0 0
0 0 0
