2
934 935 936 937 938 939 941 
9
8
-1.870010E+01 -2.233632E+01 0.000000E+00
-1.911235E+01 -2.256810E+01 0.000000E+00
-1.952460E+01 -2.279989E+01 0.000000E+00
-1.870010E+01 -2.233632E+01 7.425000E-01
-1.911235E+01 -2.256810E+01 7.425000E-01
-1.952460E+01 -2.279989E+01 7.425000E-01
-1.870010E+01 -2.233632E+01 1.485000E+00
-1.911235E+01 -2.256810E+01 1.485000E+00
-1.952460E+01 -2.279989E+01 1.485000E+00
0 1 4
0 4 3
3 4 6
4 7 6
1 2 4
2 5 4
4 5 8
4 8 7
934 11 0 
934 11 0 
934 11 0 
934 12 0 
934 12 0 
934 12 0 
926 12 0 
926 12 0 
926 12 0 
939 5 0 
939 5 0 
939 5 0 



930 5 0 
930 5 0 
930 5 0 
935 11 0 
935 11 0 
935 11 0 
935 12 0 
935 12 0 
935 12 0 
927 12 0 
927 12 0 
927 12 0 
0 0 0
0 0 0
0 0 0
0 0 0
0 0 0
0 0 0
0 0 0
0 0 0
0 0 0
