2
2021 2022 2023 2025 2026 2027 
9
8
1.033183E+01 -1.790333E+01 0.000000E+00
1.059976E+01 -1.725849E+01 0.000000E+00
1.086769E+01 -1.661365E+01 0.000000E+00
1.033183E+01 -1.790333E+01 7.425000E-01
1.059976E+01 -1.725849E+01 7.425000E-01
1.086769E+01 -1.661365E+01 7.425000E-01
1.033183E+01 -1.790333E+01 1.485000E+00
1.059976E+01 -1.725849E+01 1.485000E+00
1.086769E+01 -1.661365E+01 1.485000E+00
0 1 4
0 4 3
3 4 6
4 7 6
1 2 4
2 5 4
4 5 8
4 8 7
1744 11 0 
1744 11 0 
1744 11 0 
2021 4 0 
2021 4 0 
2021 4 0 
2021 5 0 
2021 5 0 
2021 5 0 
1748 3 0 
1748 3 0 
1748 3 0 






1745 11 0 
1745 11 0 
1745 11 0 
2022 4 0 
2022 4 0 
2022 4 0 
2022 5 0 
2022 5 0 
2022 5 0 
0 0 0
0 0 0
0 0 0
0 0 0
0 0 0
0 0 0
0 0 0
0 0 0
0 0 0
