2
4339 4340 4341 4342 4344 4345 4346 
6
4
8.170446E+00 -3.347408E+00 0.000000E+00
7.813651E+00 -2.491147E+00 0.000000E+00
8.170446E+00 -3.347408E+00 7.425000E-01
7.813651E+00 -2.491147E+00 7.425000E-01
8.170446E+00 -3.347408E+00 1.485000E+00
7.813651E+00 -2.491147E+00 1.485000E+00
0 1 3
0 3 2
2 3 5
2 5 4
4136 10 0 
4136 10 0 
4136 10 0 
4330 8 0 
4330 8 0 
4330 8 0 
4142 5 0 
4142 5 0 
4142 5 0 
4337 3 0 
4337 3 0 
4337 3 0 
4137 10 0 
4137 10 0 
4137 10 0 
4331 8 0 
4331 8 0 
4331 8 0 
0 0 0
0 0 0
0 0 0
0 0 0
0 0 0
0 0 0
