2
1231 1232 1234 1235 1236 1237 
9
8
-2.034537E+01 -2.135276E+01 0.000000E+00
-1.984467E+01 -2.108887E+01 0.000000E+00
-1.934397E+01 -2.082499E+01 0.000000E+00
-2.034537E+01 -2.135276E+01 7.425000E-01
-1.984467E+01 -2.108887E+01 7.425000E-01
-1.934397E+01 -2.082499E+01 7.425000E-01
-2.034537E+01 -2.135276E+01 1.485000E+00
-1.984467E+01 -2.108887E+01 1.485000E+00
-1.934397E+01 -2.082499E+01 1.485000E+00
0 1 4
0 4 3
3 4 6
4 7 6
1 2 4
2 5 4
4 5 8
4 8 7
1070 12 0 
1070 12 0 
1070 12 0 
1070 8 0 
1070 8 0 
1070 8 0 
1070 7 0 
1070 7 0 
1070 7 0 
1076 5 0 
1076 5 0 
1076 5 0 
1076 4 0 
1076 4 0 
1076 4 0 
1075 3 0 
1075 3 0 
1075 3 0 
1071 12 0 
1071 12 0 
1071 12 0 
1071 8 0 
1071 8 0 
1071 8 0 
1071 7 0 
1071 7 0 
1071 7 0 
0 0 0
0 0 0
0 0 0
0 0 0
0 0 0
0 0 0
0 0 0
0 0 0
0 0 0
