2
8037 8038 8039 8040 8042 8043 8044 
9
8
9.567291E+00 1.835117E+01 0.000000E+00
9.135707E+00 1.890659E+01 0.000000E+00
8.704123E+00 1.946201E+01 0.000000E+00
9.567291E+00 1.835117E+01 7.425000E-01
9.135707E+00 1.890659E+01 7.425000E-01
8.704123E+00 1.946201E+01 7.425000E-01
9.567291E+00 1.835117E+01 1.485000E+00
9.135707E+00 1.890659E+01 1.485000E+00
8.704123E+00 1.946201E+01 1.485000E+00
0 1 4
0 4 3
3 4 6
4 7 6
1 2 4
2 5 4
4 5 8
4 8 7
8037 11 0 
8037 11 0 
8037 11 0 
8037 6 0 
8037 6 0 
8037 6 0 
8037 8 0 
8037 8 0 
8037 8 0 
8040 3 0 
8040 3 0 
8040 3 0 






8038 11 0 
8038 11 0 
8038 11 0 
8038 6 0 
8038 6 0 
8038 6 0 
8038 8 0 
8038 8 0 
8038 8 0 
0 0 0
0 0 0
0 0 0
0 0 0
0 0 0
0 0 0
0 0 0
0 0 0
0 0 0
