2
8905 8906 8907 8908 8909 8910 8911 
9
8
2.290382E+00 2.358433E+01 0.000000E+00
2.592333E+00 2.308850E+01 0.000000E+00
2.894283E+00 2.259267E+01 0.000000E+00
2.290382E+00 2.358433E+01 7.425000E-01
2.592333E+00 2.308850E+01 7.425000E-01
2.894283E+00 2.259267E+01 7.425000E-01
2.290382E+00 2.358433E+01 1.485000E+00
2.592333E+00 2.308850E+01 1.485000E+00
2.894283E+00 2.259267E+01 1.485000E+00
0 1 4
0 4 3
3 4 6
4 7 6
1 2 4
2 5 4
4 5 8
4 8 7
8905 0 0 
8905 0 0 
8905 0 0 
8905 1 0 
8905 1 0 
8905 1 0 
8357 13 0 
8357 13 0 
8357 13 0 
8911 3 0 
8911 3 0 
8911 3 0 



8363 3 0 
8363 3 0 
8363 3 0 
8906 0 0 
8906 0 0 
8906 0 0 
8906 1 0 
8906 1 0 
8906 1 0 
8358 13 0 
8358 13 0 
8358 13 0 
0 0 0
0 0 0
0 0 0
0 0 0
0 0 0
0 0 0
0 0 0
0 0 0
0 0 0
