2
1558 1559 1560 1561 1562 1563 1565 1566 1567 
6
4
1.674028E+01 -2.023997E+01 0.000000E+00
1.625677E+01 -1.984402E+01 0.000000E+00
1.674028E+01 -2.023997E+01 7.425000E-01
1.625677E+01 -1.984402E+01 7.425000E-01
1.674028E+01 -2.023997E+01 1.485000E+00
1.625677E+01 -1.984402E+01 1.485000E+00
0 1 3
0 3 2
2 3 5
2 5 4
1558 13 0 
1558 13 0 
1558 13 0 
1558 14 0 
1558 14 0 
1558 14 0 
1563 5 0 
1563 5 0 
1563 5 0 



1559 13 0 
1559 13 0 
1559 13 0 
1559 14 0 
1559 14 0 
1559 14 0 
0 0 0
0 0 0
0 0 0
0 0 0
0 0 0
0 0 0
