2
1379 1380 1381 1382 1383 1384 1385 
9
8
-1.969858E+01 -1.566707E+01 0.000000E+00
-1.972225E+01 -1.614887E+01 0.000000E+00
-1.974593E+01 -1.663067E+01 0.000000E+00
-1.969858E+01 -1.566707E+01 7.425000E-01
-1.972225E+01 -1.614887E+01 7.425000E-01
-1.974593E+01 -1.663067E+01 7.425000E-01
-1.969858E+01 -1.566707E+01 1.485000E+00
-1.972225E+01 -1.614887E+01 1.485000E+00
-1.974593E+01 -1.663067E+01 1.485000E+00
0 1 4
0 4 3
3 4 6
4 7 6
1 2 4
2 5 4
4 5 8
4 8 7
1364 13 0 
1364 13 0 
1364 13 0 
1364 12 0 
1364 12 0 
1364 12 0 
1364 9 0 
1364 9 0 
1364 9 0 
1368 5 0 
1368 5 0 
1368 5 0 
1368 4 0 
1368 4 0 
1368 4 0 
1367 3 0 
1367 3 0 
1367 3 0 
1365 13 0 
1365 13 0 
1365 13 0 
1365 12 0 
1365 12 0 
1365 12 0 
1365 9 0 
1365 9 0 
1365 9 0 
0 0 0
0 0 0
0 0 0
0 0 0
0 0 0
0 0 0
0 0 0
0 0 0
0 0 0
