2
748 749 750 751 752 753 754 755 
6
4
4.625678E-01 -2.311558E+01 0.000000E+00
8.667430E-01 -2.383517E+01 0.000000E+00
4.625678E-01 -2.311558E+01 7.425000E-01
8.667430E-01 -2.383517E+01 7.425000E-01
4.625678E-01 -2.311558E+01 1.485000E+00
8.667430E-01 -2.383517E+01 1.485000E+00
0 1 3
0 3 2
2 3 5
2 5 4
543 9 0 
543 9 0 
543 9 0 
543 11 0 
543 11 0 
543 11 0 
547 3 0 
547 3 0 
547 3 0 
546 5 0 
546 5 0 
546 5 0 
544 9 0 
544 9 0 
544 9 0 
544 11 0 
544 11 0 
544 11 0 
0 0 0
0 0 0
0 0 0
0 0 0
0 0 0
0 0 0
