0
4966 4968 4969 4970 4971 4972 
12
13
-2.668605E+01 -1.043436E+00 1.485000E+00
-2.728699E+01 -7.507699E-01 1.485000E+00
-2.712443E+01 -1.351947E+00 1.485000E+00
-2.842560E+01 -1.138931E+00 1.485000E+00
-2.766198E+01 -1.336309E+00 1.485000E+00
-2.793949E+01 -6.038833E-01 1.485000E+00
-2.808380E+01 -1.634906E+00 1.485000E+00
-2.774200E+01 -2.130882E+00 1.485000E+00
-2.745339E+01 -6.883583E-02 1.485000E+00
-2.721447E+01 -1.889111E+00 1.485000E+00
-2.668694E+01 -1.647340E+00 1.485000E+00
-2.668516E+01 -4.395321E-01 1.485000E+00
0 1 2
3 4 5
3 6 4
6 7 4
8 5 1
1 5 4
7 9 4
9 10 2
2 1 4
9 2 4
10 0 2
8 1 11
1 0 11
4960 0 0 
4960 0 0 
4960 0 0 






4233 11 -5.675002e+01 
4233 11 0 
4233 11 0 






4233 4 -5.675002e+01 
4233 4 0 
4233 4 0 
4233 6 -5.675002e+01 
4233 6 0 
4233 6 0 



4555 6 0 
4555 6 0 
4555 6 0 
4555 14 0 
4555 14 0 
4555 14 0 
4960 7 0 
4960 7 0 
4960 7 0 
0 0 0
0 0 0
0 0 0
0 0 0
0 0 0
0 0 0
0 0 0
0 0 0
0 0 0
0 0 0
0 0 0
0 0 0
