1
7582 7583 7584 7585 7586 7587 7588 
14
16
-4.600967E+00 1.521307E+01 0.000000E+00
-4.981435E+00 1.549363E+01 0.000000E+00
-5.200064E+00 1.492969E+01 0.000000E+00
-5.428910E+00 1.430481E+01 0.000000E+00
-4.784584E+00 1.457375E+01 0.000000E+00
-5.830992E+00 1.466247E+01 0.000000E+00
-6.381150E+00 1.432779E+01 0.000000E+00
-6.038802E+00 1.400603E+01 0.000000E+00
-5.589358E+00 1.527251E+01 0.000000E+00
-5.696453E+00 1.368426E+01 0.000000E+00
-6.197280E+00 1.505139E+01 0.000000E+00
-4.343371E+00 1.412913E+01 0.000000E+00
-4.220499E+00 1.493252E+01 0.000000E+00
-5.019912E+00 1.390670E+01 0.000000E+00
2 1 0
4 3 2
7 6 5
8 2 5
3 7 5
9 7 3
5 10 8
3 5 2
5 6 10
2 8 1
4 12 11
0 4 2
13 3 4
12 4 0
9 3 13
13 4 11


















7300 6 0 
7300 6 0 
7300 6 0 
7300 13 0 
7300 13 0 
7300 13 0 



7292 4 0 
7292 4 0 
7292 4 0 
7573 10 0 
7573 10 0 
7573 10 0 
7292 10 0 
7292 10 0 
7292 10 0 



7292 8 0 
7292 8 0 
7292 8 0 
0 0 0
0 0 0
0 0 0
0 0 0
0 0 0
0 0 0
0 0 0
0 0 0
0 0 0
0 0 0
0 0 0
0 0 0
0 0 0
0 0 0
