0
3629 3631 3632 3633 3634 3635 3636 
14
15
-1.679169E+01 -7.809468E+00 1.485000E+00
-1.609781E+01 -8.102151E+00 1.485000E+00
-1.613369E+01 -7.611823E+00 1.485000E+00
-1.759315E+01 -7.080619E+00 1.485000E+00
-1.807439E+01 -7.472648E+00 1.485000E+00
-1.747722E+01 -7.793627E+00 1.485000E+00
-1.653846E+01 -8.402189E+00 1.485000E+00
-1.616957E+01 -7.121495E+00 1.485000E+00
-1.664074E+01 -6.905042E+00 1.485000E+00
-1.707506E+01 -7.269555E+00 1.485000E+00
-1.788080E+01 -8.349906E+00 1.485000E+00
-1.742996E+01 -8.526066E+00 1.485000E+00
-1.711191E+01 -6.688590E+00 1.485000E+00
-1.697912E+01 -8.702226E+00 1.485000E+00
0 1 2
3 4 5
6 1 0
0 2 7
0 8 9
5 10 11
9 3 5
9 5 0
4 10 5
7 8 0
12 3 9
12 9 8
0 5 11
13 0 11
6 0 13



3006 0 0 
3006 0 0 
3006 0 0 
3622 5 0 
3622 5 0 
3622 5 0 



2991 3 0 
2991 3 0 
2991 3 0 



3006 9 0 
3006 9 0 
3006 9 0 
3622 7 0 
3622 7 0 
3622 7 0 






2991 5 0 
2991 5 0 
2991 5 0 
2999 9 0 
2999 9 0 
2999 9 0 



2999 8 0 
2999 8 0 
2999 8 0 
0 0 0
0 0 0
0 0 0
0 0 0
0 0 0
0 0 0
0 0 0
0 0 0
0 0 0
0 0 0
0 0 0
0 0 0
0 0 0
0 0 0
