2
4200 4201 4202 4203 4204 4206 4207 
9
8
2.244058E+01 -2.641632E+00 0.000000E+00
2.185605E+01 -2.708322E+00 0.000000E+00
2.127153E+01 -2.775011E+00 0.000000E+00
2.244058E+01 -2.641632E+00 7.425000E-01
2.185605E+01 -2.708322E+00 7.425000E-01
2.127153E+01 -2.775011E+00 7.425000E-01
2.244058E+01 -2.641632E+00 1.485000E+00
2.185605E+01 -2.708322E+00 1.485000E+00
2.127153E+01 -2.775011E+00 1.485000E+00
0 1 4
0 4 3
3 4 6
4 7 6
1 2 4
2 5 4
4 5 8
4 8 7
4200 13 0 
4200 13 0 
4200 13 0 
4200 12 0 
4200 12 0 
4200 12 0 
4192 1 0 
4192 1 0 
4192 1 0 
4204 5 0 
4204 5 0 
4204 5 0 



4196 3 0 
4196 3 0 
4196 3 0 
4201 13 0 
4201 13 0 
4201 13 0 
4201 12 0 
4201 12 0 
4201 12 0 
4193 1 0 
4193 1 0 
4193 1 0 
0 0 0
0 0 0
0 0 0
0 0 0
0 0 0
0 0 0
0 0 0
0 0 0
0 0 0
