2
1262 1263 1265 1266 1267 1268 
9
8
-1.464424E+01 -2.102929E+01 0.000000E+00
-1.407899E+01 -2.105855E+01 0.000000E+00
-1.351374E+01 -2.108782E+01 0.000000E+00
-1.464424E+01 -2.102929E+01 7.425000E-01
-1.407899E+01 -2.105855E+01 7.425000E-01
-1.351374E+01 -2.108782E+01 7.425000E-01
-1.464424E+01 -2.102929E+01 1.485000E+00
-1.407899E+01 -2.105855E+01 1.485000E+00
-1.351374E+01 -2.108782E+01 1.485000E+00
0 1 4
0 4 3
3 4 6
4 7 6
1 2 4
2 5 4
4 5 8
4 8 7
1038 11 0 
1038 11 0 
1038 11 0 
1038 10 0 
1038 10 0 
1038 10 0 
1029 11 0 
1029 11 0 
1029 11 0 
1043 5 0 
1043 5 0 
1043 5 0 
1043 4 0 
1043 4 0 
1043 4 0 
1031 2 0 
1031 2 0 
1031 2 0 
1039 11 0 
1039 11 0 
1039 11 0 
1039 10 0 
1039 10 0 
1039 10 0 
1030 11 0 
1030 11 0 
1030 11 0 
0 0 0
0 0 0
0 0 0
0 0 0
0 0 0
0 0 0
0 0 0
0 0 0
0 0 0
