2
2691 2692 2694 2695 2696 2697 
12
12
-2.914470E+01 -1.513700E+01 0.000000E+00
-2.876598E+01 -1.509483E+01 0.000000E+00
-2.838725E+01 -1.505267E+01 0.000000E+00
-2.762980E+01 -1.496834E+01 0.000000E+00
-2.914470E+01 -1.513700E+01 7.425000E-01
-2.876598E+01 -1.509483E+01 7.425000E-01
-2.838725E+01 -1.505267E+01 7.425000E-01
-2.762980E+01 -1.496834E+01 7.425000E-01
-2.914470E+01 -1.513700E+01 1.485000E+00
-2.876598E+01 -1.509483E+01 1.485000E+00
-2.838725E+01 -1.505267E+01 1.485000E+00
-2.762980E+01 -1.496834E+01 1.485000E+00
0 1 5
0 5 4
4 5 8
5 9 8
1 2 5
2 6 5
5 6 9
6 10 9
2 3 6
3 7 6
6 7 11
6 11 10
2194 7 -5.675002e+01 
2194 7 0 
2194 7 0 
2683 7 0 
2683 7 0 
2683 7 0 
2683 6 0 
2683 6 0 
2683 6 0 
2674 13 0 
2674 13 0 
2674 13 0 
2199 3 -5.675002e+01 
2199 3 0 
2199 3 0 
2688 6 0 
2688 6 0 
2688 6 0 
2688 5 0 
2688 5 0 
2688 5 0 
2676 2 0 
2676 2 0 
2676 2 0 
2195 7 -5.675002e+01 
2195 7 0 
2195 7 0 
2684 7 0 
2684 7 0 
2684 7 0 
2684 6 0 
2684 6 0 
2684 6 0 
2675 13 0 
2675 13 0 
2675 13 0 
0 0 0
0 0 0
0 0 0
0 0 0
0 0 0
0 0 0
0 0 0
0 0 0
0 0 0
0 0 0
0 0 0
0 0 0
