1
3205 3206 3207 3208 3209 3210 
11
11
1.393662E+01 -1.178998E+01 0.000000E+00
1.481456E+01 -1.191630E+01 0.000000E+00
1.446074E+01 -1.147888E+01 0.000000E+00
1.404423E+01 -1.284387E+01 0.000000E+00
1.442940E+01 -1.238009E+01 0.000000E+00
1.376235E+01 -1.233356E+01 0.000000E+00
1.361760E+01 -1.131947E+01 0.000000E+00
1.410692E+01 -1.104146E+01 0.000000E+00
1.312829E+01 -1.159748E+01 0.000000E+00
1.318427E+01 -1.207524E+01 0.000000E+00
1.324025E+01 -1.255299E+01 0.000000E+00
2 1 0
5 4 3
7 0 6
0 8 6
4 0 1
9 0 5
8 0 9
10 9 5
5 0 4
5 3 10
2 0 7



2459 8 0 
2459 8 0 
2459 8 0 



2459 7 0 
2459 7 0 
2459 7 0 
2459 6 0 
2459 6 0 
2459 6 0 









3197 10 0 
3197 10 0 
3197 10 0 
3197 3 0 
3197 3 0 
3197 3 0 
2467 6 0 
2467 6 0 
2467 6 0 
0 0 0
0 0 0
0 0 0
0 0 0
0 0 0
0 0 0
0 0 0
0 0 0
0 0 0
0 0 0
0 0 0
