2
4579 4580 4581 4582 4583 4584 4586 4587 
6
4
-2.102637E+01 -1.045339E+00 0.000000E+00
-2.174580E+01 -1.118347E+00 0.000000E+00
-2.102637E+01 -1.045339E+00 7.425000E-01
-2.174580E+01 -1.118347E+00 7.425000E-01
-2.102637E+01 -1.045339E+00 1.485000E+00
-2.174580E+01 -1.118347E+00 1.485000E+00
0 1 3
0 3 2
2 3 5
2 5 4
4579 13 0 
4579 13 0 
4579 13 0 
4579 6 0 
4579 6 0 
4579 6 0 
4584 5 0 
4584 5 0 
4584 5 0 



4580 13 0 
4580 13 0 
4580 13 0 
4580 6 0 
4580 6 0 
4580 6 0 
0 0 0
0 0 0
0 0 0
0 0 0
0 0 0
0 0 0
