2
2542 2543 2544 2545 2546 2548 2549 
9
8
5.343047E-01 -1.300337E+01 0.000000E+00
1.675909E-02 -1.314800E+01 0.000000E+00
-5.007865E-01 -1.329262E+01 0.000000E+00
5.343047E-01 -1.300337E+01 7.425000E-01
1.675909E-02 -1.314800E+01 7.425000E-01
-5.007865E-01 -1.329262E+01 7.425000E-01
5.343047E-01 -1.300337E+01 1.485000E+00
1.675909E-02 -1.314800E+01 1.485000E+00
-5.007865E-01 -1.329262E+01 1.485000E+00
0 1 4
0 4 3
3 4 6
4 7 6
1 2 4
2 5 4
4 5 8
4 8 7
2542 2 0 
2542 2 0 
2542 2 0 
2542 6 0 
2542 6 0 
2542 6 0 
2542 7 0 
2542 7 0 
2542 7 0 
2546 5 0 
2546 5 0 
2546 5 0 






2543 2 0 
2543 2 0 
2543 2 0 
2543 6 0 
2543 6 0 
2543 6 0 
2543 7 0 
2543 7 0 
2543 7 0 
0 0 0
0 0 0
0 0 0
0 0 0
0 0 0
0 0 0
0 0 0
0 0 0
0 0 0
