2
8719 8720 8721 8722 8723 8724 8725 
6
4
2.441710E+01 2.463291E+01 0.000000E+00
2.439829E+01 2.416286E+01 0.000000E+00
2.441710E+01 2.463291E+01 7.425000E-01
2.439829E+01 2.416286E+01 7.425000E-01
2.441710E+01 2.463291E+01 1.485000E+00
2.439829E+01 2.416286E+01 1.485000E+00
0 1 3
0 3 2
2 3 5
2 5 4
8709 4 0 
8709 4 0 
8709 4 0 
8687 2 0 
8687 2 0 
8687 2 0 
8713 3 0 
8713 3 0 
8713 3 0 
8692 5 0 
8692 5 0 
8692 5 0 
8710 4 0 
8710 4 0 
8710 4 0 
8688 2 0 
8688 2 0 
8688 2 0 
0 0 0
0 0 0
0 0 0
0 0 0
0 0 0
0 0 0
