2
8829 8830 8831 8832 8833 8834 8836 
9
8
1.627785E+01 2.568327E+01 0.000000E+00
1.572990E+01 2.568952E+01 0.000000E+00
1.518194E+01 2.569576E+01 0.000000E+00
1.627785E+01 2.568327E+01 7.425000E-01
1.572990E+01 2.568952E+01 7.425000E-01
1.518194E+01 2.569576E+01 7.425000E-01
1.627785E+01 2.568327E+01 1.485000E+00
1.572990E+01 2.568952E+01 1.485000E+00
1.518194E+01 2.569576E+01 1.485000E+00
0 1 4
0 4 3
3 4 6
4 7 6
1 2 4
2 5 4
4 5 8
4 8 7
8829 9 0 
8829 9 0 
8829 9 0 
8829 8 0 
8829 8 0 
8829 8 0 
8822 9 0 
8822 9 0 
8822 9 0 
8834 5 0 
8834 5 0 
8834 5 0 



8826 5 0 
8826 5 0 
8826 5 0 
8830 9 0 
8830 9 0 
8830 9 0 
8830 8 0 
8830 8 0 
8830 8 0 
8823 9 0 
8823 9 0 
8823 9 0 
0 0 0
0 0 0
0 0 0
0 0 0
0 0 0
0 0 0
0 0 0
0 0 0
0 0 0
