2
2212 2213 2214 2215 2216 2218 2219 
6
4
2.396407E+01 -1.351185E+01 0.000000E+00
2.322227E+01 -1.319031E+01 0.000000E+00
2.396407E+01 -1.351185E+01 7.425000E-01
2.322227E+01 -1.319031E+01 7.425000E-01
2.396407E+01 -1.351185E+01 1.485000E+00
2.322227E+01 -1.319031E+01 1.485000E+00
0 1 3
0 3 2
2 3 5
2 5 4
2212 13 0 
2212 13 0 
2212 13 0 
2212 12 0 
2212 12 0 
2212 12 0 
2216 5 0 
2216 5 0 
2216 5 0 



2213 13 0 
2213 13 0 
2213 13 0 
2213 12 0 
2213 12 0 
2213 12 0 
0 0 0
0 0 0
0 0 0
0 0 0
0 0 0
0 0 0
