2
7765 7766 7767 7768 7769 7770 7772 
6
4
2.751630E+01 1.620065E+01 0.000000E+00
2.681195E+01 1.572861E+01 0.000000E+00
2.751630E+01 1.620065E+01 7.425000E-01
2.681195E+01 1.572861E+01 7.425000E-01
2.751630E+01 1.620065E+01 1.485000E+00
2.681195E+01 1.572861E+01 1.485000E+00
0 1 3
0 3 2
2 3 5
2 5 4
7452 12 5.675002e+01 
7452 12 0 
7452 12 0 
7758 7 0 
7758 7 0 
7758 7 0 
7454 2 5.675002e+01 
7454 2 0 
7454 2 0 
7762 5 0 
7762 5 0 
7762 5 0 
7453 12 5.675002e+01 
7453 12 0 
7453 12 0 
7759 7 0 
7759 7 0 
7759 7 0 
0 0 0
0 0 0
0 0 0
0 0 0
0 0 0
0 0 0
