2
8109 8110 8111 8112 8113 8114 8115 
9
8
-2.723660E-01 1.999222E+01 0.000000E+00
-1.441124E-01 1.944969E+01 0.000000E+00
-1.585870E-02 1.890716E+01 0.000000E+00
-2.723660E-01 1.999222E+01 7.425000E-01
-1.441124E-01 1.944969E+01 7.425000E-01
-1.585870E-02 1.890716E+01 7.425000E-01
-2.723660E-01 1.999222E+01 1.485000E+00
-1.441124E-01 1.944969E+01 1.485000E+00
-1.585870E-02 1.890716E+01 1.485000E+00
0 1 4
0 4 3
3 4 6
4 7 6
1 2 4
2 5 4
4 5 8
4 8 7
8109 10 0 
8109 10 0 
8109 10 0 
8109 8 0 
8109 8 0 
8109 8 0 
7991 2 0 
7991 2 0 
7991 2 0 
8115 5 0 
8115 5 0 
8115 5 0 



7996 3 0 
7996 3 0 
7996 3 0 
8110 10 0 
8110 10 0 
8110 10 0 
8110 8 0 
8110 8 0 
8110 8 0 
7992 2 0 
7992 2 0 
7992 2 0 
0 0 0
0 0 0
0 0 0
0 0 0
0 0 0
0 0 0
0 0 0
0 0 0
0 0 0
