2
8077 8078 8080 8081 8082 8083 
9
8
6.483949E+00 1.880128E+01 0.000000E+00
7.027630E+00 1.873318E+01 0.000000E+00
7.571312E+00 1.866508E+01 0.000000E+00
6.483949E+00 1.880128E+01 7.425000E-01
7.027630E+00 1.873318E+01 7.425000E-01
7.571312E+00 1.866508E+01 7.425000E-01
6.483949E+00 1.880128E+01 1.485000E+00
7.027630E+00 1.873318E+01 1.485000E+00
7.571312E+00 1.866508E+01 1.485000E+00
0 1 4
0 4 3
3 4 6
4 7 6
1 2 4
2 5 4
4 5 8
4 8 7
8029 13 0 
8029 13 0 
8029 13 0 
8029 0 0 
8029 0 0 
8029 0 0 
8029 6 0 
8029 6 0 
8029 6 0 
8034 5 0 
8034 5 0 
8034 5 0 
8034 4 0 
8034 4 0 
8034 4 0 
8033 5 0 
8033 5 0 
8033 5 0 
8030 13 0 
8030 13 0 
8030 13 0 
8030 0 0 
8030 0 0 
8030 0 0 
8030 6 0 
8030 6 0 
8030 6 0 
0 0 0
0 0 0
0 0 0
0 0 0
0 0 0
0 0 0
0 0 0
0 0 0
0 0 0
