2
981 982 983 984 985 987 988 
9
8
-1.214225E+01 -2.194847E+01 0.000000E+00
-1.261396E+01 -2.189148E+01 0.000000E+00
-1.308568E+01 -2.183449E+01 0.000000E+00
-1.214225E+01 -2.194847E+01 7.425000E-01
-1.261396E+01 -2.189148E+01 7.425000E-01
-1.308568E+01 -2.183449E+01 7.425000E-01
-1.214225E+01 -2.194847E+01 1.485000E+00
-1.261396E+01 -2.189148E+01 1.485000E+00
-1.308568E+01 -2.183449E+01 1.485000E+00
0 1 4
0 4 3
3 4 6
4 7 6
1 2 4
2 5 4
4 5 8
4 8 7
981 13 0 
981 13 0 
981 13 0 
981 9 0 
981 9 0 
981 9 0 
981 12 0 
981 12 0 
981 12 0 
985 5 0 
985 5 0 
985 5 0 






982 13 0 
982 13 0 
982 13 0 
982 9 0 
982 9 0 
982 9 0 
982 12 0 
982 12 0 
982 12 0 
0 0 0
0 0 0
0 0 0
0 0 0
0 0 0
0 0 0
0 0 0
0 0 0
0 0 0
