2
4450 4451 4452 4453 4455 4456 4457 
9
8
-1.174534E+01 -4.680077E+00 0.000000E+00
-1.202247E+01 -4.194272E+00 0.000000E+00
-1.229959E+01 -3.708468E+00 0.000000E+00
-1.174534E+01 -4.680077E+00 7.425000E-01
-1.202247E+01 -4.194272E+00 7.425000E-01
-1.229959E+01 -3.708468E+00 7.425000E-01
-1.174534E+01 -4.680077E+00 1.485000E+00
-1.202247E+01 -4.194272E+00 1.485000E+00
-1.229959E+01 -3.708468E+00 1.485000E+00
0 1 4
0 4 3
3 4 6
4 7 6
1 2 4
2 5 4
4 5 8
4 8 7
4442 0 0 
4442 0 0 
4442 0 0 
4450 1 0 
4450 1 0 
4450 1 0 
4450 4 0 
4450 4 0 
4450 4 0 
4448 5 0 
4448 5 0 
4448 5 0 






4443 0 0 
4443 0 0 
4443 0 0 
4451 1 0 
4451 1 0 
4451 1 0 
4451 4 0 
4451 4 0 
4451 4 0 
0 0 0
0 0 0
0 0 0
0 0 0
0 0 0
0 0 0
0 0 0
0 0 0
0 0 0
