2
7628 7629 7630 7631 7632 7633 
9
8
2.112998E+00 1.566613E+01 0.000000E+00
2.450231E+00 1.512922E+01 0.000000E+00
2.787464E+00 1.459231E+01 0.000000E+00
2.112998E+00 1.566613E+01 7.425000E-01
2.450231E+00 1.512922E+01 7.425000E-01
2.787464E+00 1.459231E+01 7.425000E-01
2.112998E+00 1.566613E+01 1.485000E+00
2.450231E+00 1.512922E+01 1.485000E+00
2.787464E+00 1.459231E+01 1.485000E+00
0 1 4
0 4 3
3 4 6
4 7 6
1 2 4
2 5 4
4 5 8
4 8 7
7620 10 0 
7620 10 0 
7620 10 0 
7620 2 0 
7620 2 0 
7620 2 0 
7236 3 0 
7236 3 0 
7236 3 0 
7625 5 0 
7625 5 0 
7625 5 0 
7625 4 0 
7625 4 0 
7625 4 0 
7241 3 0 
7241 3 0 
7241 3 0 
7621 10 0 
7621 10 0 
7621 10 0 
7621 2 0 
7621 2 0 
7621 2 0 
7237 3 0 
7237 3 0 
7237 3 0 
0 0 0
0 0 0
0 0 0
0 0 0
0 0 0
0 0 0
0 0 0
0 0 0
0 0 0
