1
3856 3857 3858 3859 3860 3861 3862 3863 
15
17
-6.065993E-01 -6.529187E+00 0.000000E+00
-1.146662E+00 -6.413196E+00 0.000000E+00
-1.150626E+00 -6.971869E+00 0.000000E+00
-1.807109E+00 -6.615255E+00 0.000000E+00
-1.694653E+00 -7.414552E+00 0.000000E+00
-1.213722E+00 -5.171289E+00 0.000000E+00
-1.796706E+00 -5.304035E+00 0.000000E+00
-1.379161E+00 -5.879761E+00 0.000000E+00
-6.728347E-01 -5.994853E+00 0.000000E+00
-2.102393E+00 -6.008656E+00 0.000000E+00
-2.581453E+00 -6.560343E+00 0.000000E+00
-2.425139E+00 -7.105200E+00 0.000000E+00
-2.737767E+00 -6.015486E+00 0.000000E+00
-2.379690E+00 -5.436781E+00 0.000000E+00
-7.390701E-01 -5.460519E+00 0.000000E+00
2 1 0
4 3 2
3 1 2
7 6 5
0 1 8
10 9 3
10 3 11
12 9 10
11 3 4
3 7 1
12 13 9
13 6 9
7 3 9
6 7 9
7 8 1
7 14 8
14 7 5
3550 3 0 
3550 3 0 
3550 3 0 



3550 10 0 
3550 10 0 
3550 10 0 



3550 15 0 
3550 15 0 
3550 15 0 















3815 5 0 
3815 5 0 
3815 5 0 
3559 1 0 
3559 1 0 
3559 1 0 
3815 10 0 
3815 10 0 
3815 10 0 
3846 12 0 
3846 12 0 
3846 12 0 



0 0 0
0 0 0
0 0 0
0 0 0
0 0 0
0 0 0
0 0 0
0 0 0
0 0 0
0 0 0
0 0 0
0 0 0
0 0 0
0 0 0
0 0 0
