2
6556 6557 6558 6559 6560 6561 6563 6564 
9
8
1.356599E+01 9.998850E+00 0.000000E+00
1.311397E+01 1.011492E+01 0.000000E+00
1.266195E+01 1.023099E+01 0.000000E+00
1.356599E+01 9.998850E+00 7.425000E-01
1.311397E+01 1.011492E+01 7.425000E-01
1.266195E+01 1.023099E+01 7.425000E-01
1.356599E+01 9.998850E+00 1.485000E+00
1.311397E+01 1.011492E+01 1.485000E+00
1.266195E+01 1.023099E+01 1.485000E+00
0 1 4
0 4 3
3 4 6
4 7 6
1 2 4
2 5 4
4 5 8
4 8 7
6548 8 0 
6548 8 0 
6548 8 0 
6556 8 0 
6556 8 0 
6556 8 0 
6556 5 0 
6556 5 0 
6556 5 0 
6550 3 0 
6550 3 0 
6550 3 0 






6549 8 0 
6549 8 0 
6549 8 0 
6557 8 0 
6557 8 0 
6557 8 0 
6557 5 0 
6557 5 0 
6557 5 0 
0 0 0
0 0 0
0 0 0
0 0 0
0 0 0
0 0 0
0 0 0
0 0 0
0 0 0
