1
2374 2375 2376 2377 2378 2379 
12
12
2.529300E+01 -1.492592E+01 0.000000E+00
2.554683E+01 -1.448003E+01 0.000000E+00
2.511762E+01 -1.424589E+01 0.000000E+00
2.532940E+01 -1.355212E+01 0.000000E+00
2.580067E+01 -1.403413E+01 0.000000E+00
2.461239E+01 -1.393554E+01 0.000000E+00
2.403379E+01 -1.406470E+01 0.000000E+00
2.410352E+01 -1.461754E+01 0.000000E+00
2.469826E+01 -1.477173E+01 0.000000E+00
2.441110E+01 -1.329098E+01 0.000000E+00
2.485813E+01 -1.307010E+01 0.000000E+00
2.396407E+01 -1.351185E+01 0.000000E+00
2 1 0
4 2 3
7 6 5
5 2 8
10 5 9
2 0 8
4 1 2
8 7 5
6 11 5
2 5 3
5 11 9
3 5 10
2194 16 0 
2194 16 0 
2194 16 0 
2194 5 0 
2194 5 0 
2194 5 0 






2194 3 0 
2194 3 0 
2194 3 0 



2212 11 0 
2212 11 0 
2212 11 0 
2204 3 0 
2204 3 0 
2204 3 0 
2204 1 0 
2204 1 0 
2204 1 0 
2364 9 0 
2364 9 0 
2364 9 0 
2364 12 0 
2364 12 0 
2364 12 0 
2212 13 0 
2212 13 0 
2212 13 0 
1 1 1
1 1 1
1 1 1
1 1 1
1 1 1
1 1 1
1 1 1
1 1 1
1 1 1
1 1 1
1 1 1
1 1 1
