2
5551 5552 5553 5554 5555 5557 
9
8
2.016750E+00 4.863931E+00 0.000000E+00
1.535035E+00 4.602718E+00 0.000000E+00
1.053321E+00 4.341506E+00 0.000000E+00
2.016750E+00 4.863931E+00 7.425000E-01
1.535035E+00 4.602718E+00 7.425000E-01
1.053321E+00 4.341506E+00 7.425000E-01
2.016750E+00 4.863931E+00 1.485000E+00
1.535035E+00 4.602718E+00 1.485000E+00
1.053321E+00 4.341506E+00 1.485000E+00
0 1 4
0 4 3
3 4 6
4 7 6
1 2 4
2 5 4
4 5 8
4 8 7
5551 2 0 
5551 2 0 
5551 2 0 
5551 3 0 
5551 3 0 
5551 3 0 
5543 13 0 
5543 13 0 
5543 13 0 
5555 3 0 
5555 3 0 
5555 3 0 



5547 5 0 
5547 5 0 
5547 5 0 
5552 2 0 
5552 2 0 
5552 2 0 
5552 3 0 
5552 3 0 
5552 3 0 
5544 13 0 
5544 13 0 
5544 13 0 
0 0 0
0 0 0
0 0 0
0 0 0
0 0 0
0 0 0
0 0 0
0 0 0
0 0 0
