2
989 990 991 992 993 994 996 997 
9
8
-1.062649E+01 -2.134903E+01 0.000000E+00
-1.114214E+01 -2.135398E+01 0.000000E+00
-1.165780E+01 -2.135892E+01 0.000000E+00
-1.062649E+01 -2.134903E+01 7.425000E-01
-1.114214E+01 -2.135398E+01 7.425000E-01
-1.165780E+01 -2.135892E+01 7.425000E-01
-1.062649E+01 -2.134903E+01 1.485000E+00
-1.114214E+01 -2.135398E+01 1.485000E+00
-1.165780E+01 -2.135892E+01 1.485000E+00
0 1 4
0 4 3
3 4 6
4 7 6
1 2 4
2 5 4
4 5 8
4 8 7
989 15 0 
989 15 0 
989 15 0 
989 13 0 
989 13 0 
989 13 0 
989 14 0 
989 14 0 
989 14 0 
994 3 0 
994 3 0 
994 3 0 






990 15 0 
990 15 0 
990 15 0 
990 13 0 
990 13 0 
990 13 0 
990 14 0 
990 14 0 
990 14 0 
0 0 0
0 0 0
0 0 0
0 0 0
0 0 0
0 0 0
0 0 0
0 0 0
0 0 0
