0
5769 5771 5772 5773 5774 5775 5776 
12
13
-7.539191E+00 1.918021E+00 1.485000E+00
-7.696082E+00 2.616477E+00 1.485000E+00
-8.301928E+00 2.251516E+00 1.485000E+00
-7.641228E+00 3.962821E+00 1.485000E+00
-8.396522E+00 3.432192E+00 1.485000E+00
-7.752723E+00 3.300795E+00 1.485000E+00
-7.141998E+00 3.768704E+00 1.485000E+00
-8.349225E+00 2.841854E+00 1.485000E+00
-7.128692E+00 3.064441E+00 1.485000E+00
-7.009016E+00 2.379747E+00 1.485000E+00
-6.642768E+00 3.574586E+00 1.485000E+00
-6.478841E+00 2.841473E+00 1.485000E+00
0 1 2
3 4 5
3 5 6
7 1 5
8 1 9
5 4 7
8 10 6
5 8 6
10 8 11
5 1 8
11 8 9
7 2 1
9 1 0
5071 2 0 
5071 2 0 
5071 2 0 



5071 0 0 
5071 0 0 
5071 0 0 


















5080 4 0 
5080 4 0 
5080 4 0 
5761 8 0 
5761 8 0 
5761 8 0 
5080 10 0 
5080 10 0 
5080 10 0 
0 0 0
0 0 0
0 0 0
0 0 0
0 0 0
0 0 0
0 0 0
0 0 0
0 0 0
0 0 0
0 0 0
0 0 0
