2
2147 2148 2149 2150 2151 2152 
9
8
2.073062E+01 -1.706230E+01 0.000000E+00
2.075624E+01 -1.764399E+01 0.000000E+00
2.078186E+01 -1.822567E+01 0.000000E+00
2.073062E+01 -1.706230E+01 7.425000E-01
2.075624E+01 -1.764399E+01 7.425000E-01
2.078186E+01 -1.822567E+01 7.425000E-01
2.073062E+01 -1.706230E+01 1.485000E+00
2.075624E+01 -1.764399E+01 1.485000E+00
2.078186E+01 -1.822567E+01 1.485000E+00
0 1 4
0 4 3
3 4 6
4 7 6
1 2 4
2 5 4
4 5 8
4 8 7
2075 8 0 
2075 8 0 
2075 8 0 
2075 10 0 
2075 10 0 
2075 10 0 
2075 7 0 
2075 7 0 
2075 7 0 
2079 5 0 
2079 5 0 
2079 5 0 
2079 4 0 
2079 4 0 
2079 4 0 
2078 3 0 
2078 3 0 
2078 3 0 
2076 8 0 
2076 8 0 
2076 8 0 
2076 10 0 
2076 10 0 
2076 10 0 
2076 7 0 
2076 7 0 
2076 7 0 
0 0 0
0 0 0
0 0 0
0 0 0
0 0 0
0 0 0
0 0 0
0 0 0
0 0 0
