2
5150 5151 5152 5154 5155 5156 5157 
9
8
7.254128E+00 7.108459E-01 0.000000E+00
7.744586E+00 9.663523E-01 0.000000E+00
8.235044E+00 1.221859E+00 0.000000E+00
7.254128E+00 7.108459E-01 7.425000E-01
7.744586E+00 9.663523E-01 7.425000E-01
8.235044E+00 1.221859E+00 7.425000E-01
7.254128E+00 7.108459E-01 1.485000E+00
7.744586E+00 9.663523E-01 1.485000E+00
8.235044E+00 1.221859E+00 1.485000E+00
0 1 4
0 4 3
3 4 6
4 7 6
1 2 4
2 5 4
4 5 8
4 8 7
4775 9 0 
4775 9 0 
4775 9 0 
4775 5 0 
4775 5 0 
4775 5 0 
4775 8 0 
4775 8 0 
4775 8 0 
4781 5 0 
4781 5 0 
4781 5 0 
4781 4 0 
4781 4 0 
4781 4 0 
4780 3 0 
4780 3 0 
4780 3 0 
4776 9 0 
4776 9 0 
4776 9 0 
4776 5 0 
4776 5 0 
4776 5 0 
4776 8 0 
4776 8 0 
4776 8 0 
0 0 0
0 0 0
0 0 0
0 0 0
0 0 0
0 0 0
0 0 0
0 0 0
0 0 0
