2
8687 8688 8690 8691 8692 8693 8694 
9
8
2.384457E+01 2.251435E+01 0.000000E+00
2.425139E+01 2.228533E+01 0.000000E+00
2.465821E+01 2.205630E+01 0.000000E+00
2.384457E+01 2.251435E+01 7.425000E-01
2.425139E+01 2.228533E+01 7.425000E-01
2.465821E+01 2.205630E+01 7.425000E-01
2.384457E+01 2.251435E+01 1.485000E+00
2.425139E+01 2.228533E+01 1.485000E+00
2.465821E+01 2.205630E+01 1.485000E+00
0 1 4
0 4 3
3 4 6
4 7 6
1 2 4
2 5 4
4 5 8
4 8 7
8654 12 0 
8654 12 0 
8654 12 0 
8654 8 0 
8654 8 0 
8654 8 0 
8654 9 0 
8654 9 0 
8654 9 0 
8659 5 0 
8659 5 0 
8659 5 0 
8659 4 0 
8659 4 0 
8659 4 0 
8658 3 0 
8658 3 0 
8658 3 0 
8655 12 0 
8655 12 0 
8655 12 0 
8655 8 0 
8655 8 0 
8655 8 0 
8655 9 0 
8655 9 0 
8655 9 0 
0 0 0
0 0 0
0 0 0
0 0 0
0 0 0
0 0 0
0 0 0
0 0 0
0 0 0
