2
9121 9122 9123 9124 9126 9127 9128 9129 
6
4
-1.957649E+01 2.187632E+01 0.000000E+00
-1.911487E+01 2.251743E+01 0.000000E+00
-1.957649E+01 2.187632E+01 7.425000E-01
-1.911487E+01 2.251743E+01 7.425000E-01
-1.957649E+01 2.187632E+01 1.485000E+00
-1.911487E+01 2.251743E+01 1.485000E+00
0 1 3
0 3 2
2 3 5
2 5 4
9017 9 0 
9017 9 0 
9017 9 0 
9017 8 0 
9017 8 0 
9017 8 0 
9023 3 0 
9023 3 0 
9023 3 0 
9022 5 0 
9022 5 0 
9022 5 0 
9018 9 0 
9018 9 0 
9018 9 0 
9018 8 0 
9018 8 0 
9018 8 0 
0 0 0
0 0 0
0 0 0
0 0 0
0 0 0
0 0 0
