2
5912 5913 5914 5916 5917 5918 5919 5920 
6
4
-2.420599E+01 4.463551E+00 0.000000E+00
-2.336074E+01 4.077164E+00 0.000000E+00
-2.420599E+01 4.463551E+00 7.425000E-01
-2.336074E+01 4.077164E+00 7.425000E-01
-2.420599E+01 4.463551E+00 1.485000E+00
-2.336074E+01 4.077164E+00 1.485000E+00
0 1 3
0 3 2
2 3 5
2 5 4
5897 8 0 
5897 8 0 
5897 8 0 
5842 7 0 
5842 7 0 
5842 7 0 
5900 5 0 
5900 5 0 
5900 5 0 
5848 3 0 
5848 3 0 
5848 3 0 
5898 8 0 
5898 8 0 
5898 8 0 
5843 7 0 
5843 7 0 
5843 7 0 
0 0 0
0 0 0
0 0 0
0 0 0
0 0 0
0 0 0
