2
4808 4809 4811 4812 4813 
9
8
9.535851E-01 -1.276984E+00 0.000000E+00
1.189064E+00 -1.738121E+00 0.000000E+00
1.424544E+00 -2.199258E+00 0.000000E+00
9.535851E-01 -1.276984E+00 7.425000E-01
1.189064E+00 -1.738121E+00 7.425000E-01
1.424544E+00 -2.199258E+00 7.425000E-01
9.535851E-01 -1.276984E+00 1.485000E+00
1.189064E+00 -1.738121E+00 1.485000E+00
1.424544E+00 -2.199258E+00 1.485000E+00
0 1 4
0 4 3
3 4 6
4 7 6
1 2 4
2 5 4
4 5 8
4 8 7
4711 6 0 
4711 6 0 
4711 6 0 
4711 5 0 
4711 5 0 
4711 5 0 
4711 14 0 
4711 14 0 
4711 14 0 
4716 5 0 
4716 5 0 
4716 5 0 
4716 4 0 
4716 4 0 
4716 4 0 
4715 3 0 
4715 3 0 
4715 3 0 
4712 6 0 
4712 6 0 
4712 6 0 
4712 5 0 
4712 5 0 
4712 5 0 
4712 14 0 
4712 14 0 
4712 14 0 
0 0 0
0 0 0
0 0 0
0 0 0
0 0 0
0 0 0
0 0 0
0 0 0
0 0 0
