2
3520 3521 3523 3524 3525 3526 
9
8
2.511286E+00 -1.008715E+01 0.000000E+00
3.008578E+00 -1.022112E+01 0.000000E+00
3.505870E+00 -1.035509E+01 0.000000E+00
2.511286E+00 -1.008715E+01 7.425000E-01
3.008578E+00 -1.022112E+01 7.425000E-01
3.505870E+00 -1.035509E+01 7.425000E-01
2.511286E+00 -1.008715E+01 1.485000E+00
3.008578E+00 -1.022112E+01 1.485000E+00
3.505870E+00 -1.035509E+01 1.485000E+00
0 1 4
0 4 3
3 4 6
4 7 6
1 2 4
2 5 4
4 5 8
4 8 7
3454 0 0 
3454 0 0 
3454 0 0 
3454 2 0 
3454 2 0 
3454 2 0 
3446 10 0 
3446 10 0 
3446 10 0 
3460 5 0 
3460 5 0 
3460 5 0 
3460 4 0 
3460 4 0 
3460 4 0 
3452 5 0 
3452 5 0 
3452 5 0 
3455 0 0 
3455 0 0 
3455 0 0 
3455 2 0 
3455 2 0 
3455 2 0 
3447 10 0 
3447 10 0 
3447 10 0 
0 0 0
0 0 0
0 0 0
0 0 0
0 0 0
0 0 0
0 0 0
0 0 0
0 0 0
