0
678 680 681 682 683 684 
11
10
1.557311E+01 -2.203133E+01 1.485000E+00
1.464738E+01 -2.203125E+01 1.485000E+00
1.496363E+01 -2.272641E+01 1.485000E+00
1.576926E+01 -2.299365E+01 1.485000E+00
1.605197E+01 -2.236859E+01 1.485000E+00
1.509426E+01 -2.169407E+01 1.485000E+00
1.443323E+01 -2.344716E+01 1.485000E+00
1.431687E+01 -2.290779E+01 1.485000E+00
1.495989E+01 -2.353294E+01 1.485000E+00
1.420051E+01 -2.236842E+01 1.485000E+00
1.548654E+01 -2.361871E+01 1.485000E+00
0 1 2
3 0 2
0 3 4
0 5 1
6 2 7
6 8 2
8 3 2
1 9 2
8 10 3
2 9 7









670 9 0 
670 9 0 
670 9 0 
670 8 0 
670 8 0 
670 8 0 



629 12 0 
629 12 0 
629 12 0 



629 15 0 
629 15 0 
629 15 0 



629 14 0 
629 14 0 
629 14 0 
0 0 0
0 0 0
0 0 0
0 0 0
0 0 0
0 0 0
0 0 0
0 0 0
0 0 0
0 0 0
0 0 0
