2
3351 3352 3353 3355 3356 3357 3358 
6
4
2.178909E+01 -9.485198E+00 0.000000E+00
2.216056E+01 -8.716738E+00 0.000000E+00
2.178909E+01 -9.485198E+00 7.425000E-01
2.216056E+01 -8.716738E+00 7.425000E-01
2.178909E+01 -9.485198E+00 1.485000E+00
2.216056E+01 -8.716738E+00 1.485000E+00
0 1 3
0 3 2
2 3 5
2 5 4
3276 11 0 
3276 11 0 
3276 11 0 
3284 9 0 
3284 9 0 
3284 9 0 
3281 3 0 
3281 3 0 
3281 3 0 
3290 5 0 
3290 5 0 
3290 5 0 
3277 11 0 
3277 11 0 
3277 11 0 
3285 9 0 
3285 9 0 
3285 9 0 
0 0 0
0 0 0
0 0 0
0 0 0
0 0 0
0 0 0
