2
4427 4428 4429 4431 4432 4433 
9
8
-8.022507E+00 -5.477625E+00 0.000000E+00
-7.645160E+00 -5.021079E+00 0.000000E+00
-7.267813E+00 -4.564534E+00 0.000000E+00
-8.022507E+00 -5.477625E+00 7.425000E-01
-7.645160E+00 -5.021079E+00 7.425000E-01
-7.267813E+00 -4.564534E+00 7.425000E-01
-8.022507E+00 -5.477625E+00 1.485000E+00
-7.645160E+00 -5.021079E+00 1.485000E+00
-7.267813E+00 -4.564534E+00 1.485000E+00
0 1 4
0 4 3
3 4 6
4 7 6
1 2 4
2 5 4
4 5 8
4 8 7
3788 4 0 
3788 4 0 
3788 4 0 
3830 10 0 
3830 10 0 
3830 10 0 
3830 9 0 
3830 9 0 
3830 9 0 
3793 5 0 
3793 5 0 
3793 5 0 
3836 4 0 
3836 4 0 
3836 4 0 
3835 3 0 
3835 3 0 
3835 3 0 
3789 4 0 
3789 4 0 
3789 4 0 
3831 10 0 
3831 10 0 
3831 10 0 
3831 9 0 
3831 9 0 
3831 9 0 
0 0 0
0 0 0
0 0 0
0 0 0
0 0 0
0 0 0
0 0 0
0 0 0
0 0 0
