1
6357 6358 6359 6360 6361 6362 
11
10
3.875194E+00 8.066886E+00 0.000000E+00
3.063739E+00 7.706312E+00 0.000000E+00
3.558218E+00 7.498315E+00 0.000000E+00
4.495055E+00 8.516743E+00 0.000000E+00
4.254143E+00 9.078657E+00 0.000000E+00
3.689919E+00 8.983195E+00 0.000000E+00
3.094716E+00 8.297023E+00 0.000000E+00
3.125694E+00 8.887734E+00 0.000000E+00
4.052697E+00 7.290318E+00 0.000000E+00
4.394332E+00 7.622573E+00 0.000000E+00
4.735967E+00 7.954828E+00 0.000000E+00
2 1 0
5 4 3
5 0 6
6 0 1
6 7 5
3 0 5
0 8 2
9 8 0
0 10 9
3 10 0



5710 7 0 
5710 7 0 
5710 7 0 
5710 4 0 
5710 4 0 
5710 4 0 









6348 3 0 
6348 3 0 
6348 3 0 
6348 5 0 
6348 5 0 
6348 5 0 
5702 7 0 
5702 7 0 
5702 7 0 
5702 6 0 
5702 6 0 
5702 6 0 
5702 13 0 
5702 13 0 
5702 13 0 
0 0 0
0 0 0
0 0 0
0 0 0
0 0 0
0 0 0
0 0 0
0 0 0
0 0 0
0 0 0
0 0 0
