2
5430 5431 5432 5434 5435 5436 5437 
6
4
1.873723E+01 4.630899E+00 0.000000E+00
1.947482E+01 4.919367E+00 0.000000E+00
1.873723E+01 4.630899E+00 7.425000E-01
1.947482E+01 4.919367E+00 7.425000E-01
1.873723E+01 4.630899E+00 1.485000E+00
1.947482E+01 4.919367E+00 1.485000E+00
0 1 3
0 3 2
2 3 5
2 5 4
5341 6 0 
5341 6 0 
5341 6 0 
5341 13 0 
5341 13 0 
5341 13 0 
5347 3 0 
5347 3 0 
5347 3 0 
5346 5 0 
5346 5 0 
5346 5 0 
5342 6 0 
5342 6 0 
5342 6 0 
5342 13 0 
5342 13 0 
5342 13 0 
0 0 0
0 0 0
0 0 0
0 0 0
0 0 0
0 0 0
