1
8118 8119 8120 8121 8122 8123 8124 
14
16
-1.441124E-01 1.944969E+01 0.000000E+00
-2.723660E-01 1.999222E+01 0.000000E+00
-8.304939E-01 1.960528E+01 0.000000E+00
-1.699060E+00 1.915451E+01 0.000000E+00
-1.180406E+00 1.903470E+01 0.000000E+00
-1.341109E+00 1.948428E+01 0.000000E+00
-1.604981E+00 1.863590E+01 0.000000E+00
-1.122818E+00 1.847554E+01 0.000000E+00
-6.419753E-01 1.894889E+01 0.000000E+00
-1.073430E+00 2.027030E+01 0.000000E+00
-1.433284E+00 1.997171E+01 0.000000E+00
-1.793138E+00 1.967312E+01 0.000000E+00
-6.406542E-01 1.831518E+01 0.000000E+00
-1.585870E-02 1.890716E+01 0.000000E+00
2 1 0
5 4 3
6 3 4
7 6 4
2 0 8
4 8 7
9 1 2
2 4 5
9 2 10
10 2 5
2 8 4
10 5 11
5 3 11
7 8 12
8 0 13
8 13 12
8109 8 0 
8109 8 0 
8109 8 0 
8109 10 0 
8109 10 0 
8109 10 0 












7983 6 0 
7983 6 0 
7983 6 0 
7983 10 0 
7983 10 0 
7983 10 0 












7983 9 0 
7983 9 0 
7983 9 0 
7991 2 0 
7991 2 0 
7991 2 0 
1 1 1
1 1 1
1 1 1
1 1 1
0 0 0
1 1 1
0 0 0
0 0 0
0 0 0
1 1 1
1 1 1
1 1 1
0 0 0
0 0 0
