1
2832 2833 2834 2835 2836 2837 2838 
15
17
-8.000966E+00 -1.338963E+01 0.000000E+00
-7.625946E+00 -1.388615E+01 0.000000E+00
-7.345822E+00 -1.341153E+01 0.000000E+00
-6.750358E+00 -1.335634E+01 0.000000E+00
-6.856943E+00 -1.381399E+01 0.000000E+00
-7.087566E+00 -1.251927E+01 0.000000E+00
-7.531360E+00 -1.213987E+01 0.000000E+00
-7.675210E+00 -1.280838E+01 0.000000E+00
-7.135996E+00 -1.299692E+01 0.000000E+00
-8.394949E+00 -1.395830E+01 0.000000E+00
-7.241444E+00 -1.385007E+01 0.000000E+00
-8.146173E+00 -1.228785E+01 0.000000E+00
-8.422935E+00 -1.285499E+01 0.000000E+00
-8.699697E+00 -1.342213E+01 0.000000E+00
-6.643773E+00 -1.289868E+01 0.000000E+00
2 1 0
4 2 3
7 6 5
2 8 3
8 7 5
1 9 0
10 2 4
7 12 11
7 0 12
0 9 13
6 7 11
7 2 0
8 2 7
8 14 3
8 5 14
10 1 2
0 13 12



2583 3 0 
2583 3 0 
2583 3 0 



2573 14 0 
2573 14 0 
2573 14 0 
2573 15 0 
2573 15 0 
2573 15 0 












2583 13 0 
2583 13 0 
2583 13 0 
2583 5 0 
2583 5 0 
2583 5 0 
2824 4 0 
2824 4 0 
2824 4 0 
2824 0 0 
2824 0 0 
2824 0 0 
2591 9 0 
2591 9 0 
2591 9 0 
2573 13 0 
2573 13 0 
2573 13 0 
0 0 0
0 0 0
0 0 0
0 0 0
0 0 0
0 0 0
0 0 0
0 0 0
0 0 0
0 0 0
0 0 0
0 0 0
0 0 0
0 0 0
0 0 0
