2
5357 5358 5359 5360 5361 5362 5364 
9
8
2.274978E+01 5.051724E+00 0.000000E+00
2.238391E+01 4.746507E+00 0.000000E+00
2.201803E+01 4.441289E+00 0.000000E+00
2.274978E+01 5.051724E+00 7.425000E-01
2.238391E+01 4.746507E+00 7.425000E-01
2.201803E+01 4.441289E+00 7.425000E-01
2.274978E+01 5.051724E+00 1.485000E+00
2.238391E+01 4.746507E+00 1.485000E+00
2.201803E+01 4.441289E+00 1.485000E+00
0 1 4
0 4 3
3 4 6
4 7 6
1 2 4
2 5 4
4 5 8
4 8 7
5357 2 0 
5357 2 0 
5357 2 0 
5357 5 0 
5357 5 0 
5357 5 0 
5349 9 0 
5349 9 0 
5349 9 0 
5362 5 0 
5362 5 0 
5362 5 0 



5353 5 0 
5353 5 0 
5353 5 0 
5358 2 0 
5358 2 0 
5358 2 0 
5358 5 0 
5358 5 0 
5358 5 0 
5350 9 0 
5350 9 0 
5350 9 0 
0 0 0
0 0 0
0 0 0
0 0 0
0 0 0
0 0 0
0 0 0
0 0 0
0 0 0
