2
8837 8838 8839 8840 8841 8843 8844 
9
8
1.809726E+01 2.579694E+01 0.000000E+00
1.746360E+01 2.603188E+01 0.000000E+00
1.682995E+01 2.626683E+01 0.000000E+00
1.809726E+01 2.579694E+01 7.425000E-01
1.746360E+01 2.603188E+01 7.425000E-01
1.682995E+01 2.626683E+01 7.425000E-01
1.809726E+01 2.579694E+01 1.485000E+00
1.746360E+01 2.603188E+01 1.485000E+00
1.682995E+01 2.626683E+01 1.485000E+00
0 1 4
0 4 3
3 4 6
4 7 6
1 2 4
2 5 4
4 5 8
4 8 7
8776 8 0 
8776 8 0 
8776 8 0 
8837 10 0 
8837 10 0 
8837 10 0 
8837 3 0 
8837 3 0 
8837 3 0 
8782 3 0 
8782 3 0 
8782 3 0 






8777 8 0 
8777 8 0 
8777 8 0 
8838 10 0 
8838 10 0 
8838 10 0 
8838 3 0 
8838 3 0 
8838 3 0 
0 0 0
0 0 0
0 0 0
0 0 0
0 0 0
0 0 0
0 0 0
0 0 0
0 0 0
