2
8654 8655 8656 8657 8658 8659 8660 8662 
6
4
2.272109E+01 2.212505E+01 0.000000E+00
2.251322E+01 2.164089E+01 0.000000E+00
2.272109E+01 2.212505E+01 7.425000E-01
2.251322E+01 2.164089E+01 7.425000E-01
2.272109E+01 2.212505E+01 1.485000E+00
2.251322E+01 2.164089E+01 1.485000E+00
0 1 3
0 3 2
2 3 5
2 5 4
8646 8 0 
8646 8 0 
8646 8 0 
8524 11 0 
8524 11 0 
8524 11 0 
8649 3 0 
8649 3 0 
8649 3 0 
8528 3 0 
8528 3 0 
8528 3 0 
8647 8 0 
8647 8 0 
8647 8 0 
8525 11 0 
8525 11 0 
8525 11 0 
0 0 0
0 0 0
0 0 0
0 0 0
0 0 0
0 0 0
