2
6475 6476 6478 6479 6480 6481 6482 6483 
6
4
2.633233E+01 6.856829E+00 0.000000E+00
2.669018E+01 6.130348E+00 0.000000E+00
2.633233E+01 6.856829E+00 7.425000E-01
2.669018E+01 6.130348E+00 7.425000E-01
2.633233E+01 6.856829E+00 1.485000E+00
2.669018E+01 6.130348E+00 1.485000E+00
0 1 3
0 3 2
2 3 5
2 5 4
5398 10 0 
5398 10 0 
5398 10 0 
5398 9 0 
5398 9 0 
5398 9 0 
5403 3 0 
5403 3 0 
5403 3 0 
5402 3 0 
5402 3 0 
5402 3 0 
5399 10 0 
5399 10 0 
5399 10 0 
5399 9 0 
5399 9 0 
5399 9 0 
0 0 0
0 0 0
0 0 0
0 0 0
0 0 0
0 0 0
