0
6501 6503 6504 6505 6506 6507 6508 
14
16
2.539515E+01 9.485279E+00 1.485000E+00
2.465464E+01 9.721408E+00 1.485000E+00
2.484666E+01 9.105355E+00 1.485000E+00
2.414932E+01 8.212944E+00 1.485000E+00
2.449744E+01 8.655551E+00 1.485000E+00
2.397681E+01 8.726977E+00 1.485000E+00
2.409437E+01 9.279850E+00 1.485000E+00
2.346840E+01 8.959166E+00 1.485000E+00
2.471852E+01 8.050736E+00 1.485000E+00
2.358012E+01 8.375151E+00 1.485000E+00
2.514877E+01 8.484533E+00 1.485000E+00
2.391413E+01 9.957536E+00 1.485000E+00
2.335669E+01 9.543180E+00 1.485000E+00
2.557902E+01 8.918330E+00 1.485000E+00
0 1 2
3 4 5
5 6 7
8 4 3
5 7 9
10 4 8
6 11 12
7 6 12
3 5 9
4 2 6
4 6 5
1 11 6
10 13 2
1 6 2
4 10 2
2 13 0
6492 5 0 
6492 5 0 
6492 5 0 






6460 4 0 
6460 4 0 
6460 4 0 












6460 3 0 
6460 3 0 
6460 3 0 
6460 9 0 
6460 9 0 
6460 9 0 
6468 7 0 
6468 7 0 
6468 7 0 






6468 11 0 
6468 11 0 
6468 11 0 
0 0 0
0 0 0
0 0 0
0 0 0
0 0 0
0 0 0
0 0 0
0 0 0
0 0 0
0 0 0
0 0 0
0 0 0
0 0 0
0 0 0
