0
535 537 538 539 540 541 542 
14
16
-1.420510E+00 -2.438353E+01 1.485000E+00
-8.453661E-01 -2.404717E+01 1.485000E+00
-1.478827E+00 -2.363433E+01 1.485000E+00
-2.008667E+00 -2.480138E+01 1.485000E+00
-1.459708E+00 -2.507962E+01 1.485000E+00
-2.557626E+00 -2.452314E+01 1.485000E+00
-1.981288E+00 -2.415555E+01 1.485000E+00
-2.065728E+00 -2.361611E+01 1.485000E+00
-8.584154E-01 -2.465561E+01 1.485000E+00
-2.534521E+00 -2.390603E+01 1.485000E+00
-8.323168E-01 -2.343873E+01 1.485000E+00
-1.461465E+00 -2.289766E+01 1.485000E+00
-1.986440E+00 -2.309328E+01 1.485000E+00
-2.511415E+00 -2.328891E+01 1.485000E+00
0 1 2
0 3 4
5 3 6
3 0 6
7 6 2
1 0 8
9 5 6
7 9 6
0 2 6
10 11 2
4 8 0
10 2 1
11 12 2
13 9 7
7 12 13
7 2 12









449 4 0 
449 4 0 
449 4 0 
440 1 0 
440 1 0 
440 1 0 
449 7 0 
449 7 0 
449 7 0 






440 0 0 
440 0 0 
440 0 0 
527 6 0 
527 6 0 
527 6 0 









527 13 0 
527 13 0 
527 13 0 
0 0 0
0 0 0
0 0 0
0 0 0
0 0 0
0 0 0
0 0 0
0 0 0
0 0 0
0 0 0
0 0 0
0 0 0
0 0 0
0 0 0
