0
8727 8729 8730 8731 8732 8733 8734 8735 
18
21
2.703587E+01 2.401620E+01 1.485000E+00
2.708603E+01 2.473899E+01 1.485000E+00
2.660830E+01 2.426955E+01 1.485000E+00
2.655787E+01 2.471042E+01 1.485000E+00
2.650745E+01 2.515128E+01 1.485000E+00
2.748953E+01 2.517335E+01 1.485000E+00
2.817960E+01 2.508404E+01 1.485000E+00
2.784488E+01 2.567809E+01 1.485000E+00
2.721536E+01 2.577472E+01 1.485000E+00
2.686140E+01 2.546300E+01 1.485000E+00
2.787229E+01 2.457949E+01 1.485000E+00
2.745299E+01 2.426561E+01 1.485000E+00
2.847440E+01 2.558145E+01 1.485000E+00
2.793560E+01 2.393278E+01 1.485000E+00
2.746344E+01 2.376285E+01 1.485000E+00
2.859779E+01 2.458078E+01 1.485000E+00
2.840776E+01 2.410271E+01 1.485000E+00
2.878782E+01 2.505886E+01 1.485000E+00
0 1 2
3 2 1
4 3 1
5 6 7
5 8 9
10 1 11
10 6 5
1 9 4
1 5 9
6 12 7
7 8 5
10 11 13
1 0 11
11 0 14
15 6 10
5 1 10
10 13 16
11 14 13
16 15 10
17 12 6
17 6 15
8680 8 0 
8680 8 0 
8680 8 0 



8680 11 0 
8680 11 0 
8680 11 0 
8720 14 0 
8720 14 0 
8720 14 0 
8720 13 0 
8720 13 0 
8720 13 0 



























8680 7 0 
8680 7 0 
8680 7 0 









0 0 0
0 0 0
0 0 0
0 0 0
0 0 0
0 0 0
0 0 0
0 0 0
0 0 0
0 0 0
0 0 0
0 0 0
0 0 0
0 0 0
0 0 0
0 0 0
0 0 0
0 0 0
