2
9536 9537 9538 9539 9540 9541 9543 9544 
6
4
-2.366443E+01 2.654863E+01 0.000000E+00
-2.401466E+01 2.708840E+01 0.000000E+00
-2.366443E+01 2.654863E+01 7.425000E-01
-2.401466E+01 2.708840E+01 7.425000E-01
-2.366443E+01 2.654863E+01 1.485000E+00
-2.401466E+01 2.708840E+01 1.485000E+00
0 1 3
0 3 2
2 3 5
2 5 4
9536 10 0 
9536 10 0 
9536 10 0 
9536 11 0 
9536 11 0 
9536 11 0 
9541 5 0 
9541 5 0 
9541 5 0 



9537 10 0 
9537 10 0 
9537 10 0 
9537 11 0 
9537 11 0 
9537 11 0 
0 0 0
0 0 0
0 0 0
0 0 0
0 0 0
0 0 0
