2
471 472 474 475 476 477 478 479 
6
4
-6.883339E+00 -2.688978E+01 0.000000E+00
-6.475663E+00 -2.744350E+01 0.000000E+00
-6.883339E+00 -2.688978E+01 7.425000E-01
-6.475663E+00 -2.744350E+01 7.425000E-01
-6.883339E+00 -2.688978E+01 1.485000E+00
-6.475663E+00 -2.744350E+01 1.485000E+00
0 1 3
0 3 2
2 3 5
2 5 4
120 13 0 
120 13 0 
120 13 0 
120 0 0 
120 0 0 
120 0 0 
125 3 0 
125 3 0 
125 3 0 
124 5 0 
124 5 0 
124 5 0 
121 13 0 
121 13 0 
121 13 0 
121 0 0 
121 0 0 
121 0 0 
0 0 0
0 0 0
0 0 0
0 0 0
0 0 0
0 0 0
