2
6647 6648 6649 6650 6651 6652 6653 
9
8
-5.020998E+00 9.582808E+00 0.000000E+00
-5.202315E+00 9.103392E+00 0.000000E+00
-5.383631E+00 8.623976E+00 0.000000E+00
-5.020998E+00 9.582808E+00 7.425000E-01
-5.202315E+00 9.103392E+00 7.425000E-01
-5.383631E+00 8.623976E+00 7.425000E-01
-5.020998E+00 9.582808E+00 1.485000E+00
-5.202315E+00 9.103392E+00 1.485000E+00
-5.383631E+00 8.623976E+00 1.485000E+00
0 1 4
0 4 3
3 4 6
4 7 6
1 2 4
2 5 4
4 5 8
4 8 7
6647 11 0 
6647 11 0 
6647 11 0 
6647 3 0 
6647 3 0 
6647 3 0 
6293 10 0 
6293 10 0 
6293 10 0 
6653 5 0 
6653 5 0 
6653 5 0 



6298 3 0 
6298 3 0 
6298 3 0 
6648 11 0 
6648 11 0 
6648 11 0 
6648 3 0 
6648 3 0 
6648 3 0 
6294 10 0 
6294 10 0 
6294 10 0 
0 0 0
0 0 0
0 0 0
0 0 0
0 0 0
0 0 0
0 0 0
0 0 0
0 0 0
