2
5912 5913 5914 5915 5916 5917 5918 5920 
6
4
-2.305153E+01 6.341409E+00 0.000000E+00
-2.386533E+01 6.409931E+00 0.000000E+00
-2.305153E+01 6.341409E+00 7.425000E-01
-2.386533E+01 6.409931E+00 7.425000E-01
-2.305153E+01 6.341409E+00 1.485000E+00
-2.386533E+01 6.409931E+00 1.485000E+00
0 1 3
0 3 2
2 3 5
2 5 4
5912 1 0 
5912 1 0 
5912 1 0 
5912 13 0 
5912 13 0 
5912 13 0 
5918 5 0 
5918 5 0 
5918 5 0 



5913 1 0 
5913 1 0 
5913 1 0 
5913 13 0 
5913 13 0 
5913 13 0 
0 0 0
0 0 0
0 0 0
0 0 0
0 0 0
0 0 0
