5
163 164 165 167 168 169 170 
9
8
3.446121E-01 -2.842462E+01 0.000000E+00
8.161423E-01 -2.824765E+01 0.000000E+00
1.287672E+00 -2.807067E+01 0.000000E+00
3.446121E-01 -2.842462E+01 7.425000E-01
8.161423E-01 -2.824765E+01 7.425000E-01
1.287672E+00 -2.807067E+01 7.425000E-01
3.446121E-01 -2.842462E+01 1.485000E+00
8.161423E-01 -2.824765E+01 1.485000E+00
1.287672E+00 -2.807067E+01 1.485000E+00
0 1 4
0 4 3
3 4 6
4 7 6
1 2 4
2 5 4
4 5 8
4 8 7
163 10 0 
163 10 0 
163 10 0 
163 11 0 
163 11 0 
163 11 0 
163 1 0 
163 1 0 
163 1 0 
165 5 0 
165 5 0 
165 5 0 






164 10 0 
164 10 0 
164 10 0 
164 11 0 
164 11 0 
164 11 0 
164 1 0 
164 1 0 
164 1 0 
0 0 0
0 0 0
0 0 0
0 0 0
0 0 0
0 0 0
0 0 0
0 0 0
0 0 0
