1
4681 4682 4683 4684 4685 4686 
12
13
-4.300895E+00 -2.511111E+00 0.000000E+00
-4.740053E+00 -3.075997E+00 0.000000E+00
-4.196672E+00 -3.160708E+00 0.000000E+00
-4.326240E+00 -1.832616E+00 0.000000E+00
-3.785846E+00 -2.185497E+00 0.000000E+00
-3.881547E+00 -2.772442E+00 0.000000E+00
-3.388681E+00 -2.649366E+00 0.000000E+00
-3.653290E+00 -3.245420E+00 0.000000E+00
-3.809223E+00 -1.549786E+00 0.000000E+00
-3.124072E+00 -2.053313E+00 0.000000E+00
-4.843257E+00 -2.115446E+00 0.000000E+00
-4.791655E+00 -2.595721E+00 0.000000E+00
2 1 0
4 0 3
5 2 0
6 5 4
7 2 5
5 0 4
9 4 8
4 3 8
9 6 4
6 7 5
0 10 3
1 11 0
11 10 0



4403 2 0 
4403 2 0 
4403 2 0 
4403 1 0 
4403 1 0 
4403 1 0 
4673 9 0 
4673 9 0 
4673 9 0 






4394 6 0 
4394 6 0 
4394 6 0 
4394 11 0 
4394 11 0 
4394 11 0 
4673 8 0 
4673 8 0 
4673 8 0 
4394 13 0 
4394 13 0 
4394 13 0 
4410 5 0 
4410 5 0 
4410 5 0 
4410 4 0 
4410 4 0 
4410 4 0 
0 0 0
0 0 0
0 0 0
0 0 0
0 0 0
0 0 0
0 0 0
0 0 0
0 0 0
0 0 0
0 0 0
0 0 0
