2
5487 5488 5490 5491 5492 5493 5494 5495 
6
4
7.426048E+00 2.662954E+00 0.000000E+00
8.229580E+00 2.339025E+00 0.000000E+00
7.426048E+00 2.662954E+00 7.425000E-01
8.229580E+00 2.339025E+00 7.425000E-01
7.426048E+00 2.662954E+00 1.485000E+00
8.229580E+00 2.339025E+00 1.485000E+00
0 1 3
0 3 2
2 3 5
2 5 4
5150 9 0 
5150 9 0 
5150 9 0 
5150 11 0 
5150 11 0 
5150 11 0 
5155 3 0 
5155 3 0 
5155 3 0 
5154 5 0 
5154 5 0 
5154 5 0 
5151 9 0 
5151 9 0 
5151 9 0 
5151 11 0 
5151 11 0 
5151 11 0 
0 0 0
0 0 0
0 0 0
0 0 0
0 0 0
0 0 0
