2
7380 7381 7382 7383 7384 7385 7386 7387 
9
8
-2.305542E+01 1.644340E+01 0.000000E+00
-2.274079E+01 1.569448E+01 0.000000E+00
-2.242615E+01 1.494555E+01 0.000000E+00
-2.305542E+01 1.644340E+01 7.425000E-01
-2.274079E+01 1.569448E+01 7.425000E-01
-2.242615E+01 1.494555E+01 7.425000E-01
-2.305542E+01 1.644340E+01 1.485000E+00
-2.274079E+01 1.569448E+01 1.485000E+00
-2.242615E+01 1.494555E+01 1.485000E+00
0 1 4
0 4 3
3 4 6
4 7 6
1 2 4
2 5 4
4 5 8
4 8 7
7380 12 0 
7380 12 0 
7380 12 0 
7380 11 0 
7380 11 0 
7380 11 0 
6820 9 0 
6820 9 0 
6820 9 0 
7387 3 0 
7387 3 0 
7387 3 0 



6825 5 0 
6825 5 0 
6825 5 0 
7381 12 0 
7381 12 0 
7381 12 0 
7381 11 0 
7381 11 0 
7381 11 0 
6821 9 0 
6821 9 0 
6821 9 0 
0 0 0
0 0 0
0 0 0
0 0 0
0 0 0
0 0 0
0 0 0
0 0 0
0 0 0
