4
1629 1630 1631 1632 1633 1634 1636 1637 
9
8
2.890749E+01 -2.327788E+01 0.000000E+00
2.828161E+01 -2.309474E+01 0.000000E+00
2.765574E+01 -2.291160E+01 0.000000E+00
2.890749E+01 -2.327788E+01 7.425000E-01
2.828161E+01 -2.309474E+01 7.425000E-01
2.765574E+01 -2.291160E+01 7.425000E-01
2.890749E+01 -2.327788E+01 1.485000E+00
2.828161E+01 -2.309474E+01 1.485000E+00
2.765574E+01 -2.291160E+01 1.485000E+00
0 1 4
0 4 3
3 4 6
4 7 6
1 2 4
2 5 4
4 5 8
4 8 7
1110 1 5.675002e+01 
1110 1 0 
1110 1 0 
1119 7 5.675002e+01 
1119 7 0 
1119 7 0 
1119 6 5.675002e+01 
1119 6 0 
1119 6 0 
1112 2 5.675002e+01 
1112 2 0 
1112 2 0 
1121 4 5.675002e+01 
1121 4 0 
1121 4 0 
1121 3 5.675002e+01 
1121 3 0 
1121 3 0 
1111 1 5.675002e+01 
1111 1 0 
1111 1 0 
1120 7 5.675002e+01 
1120 7 0 
1120 7 0 
1120 6 5.675002e+01 
1120 6 0 
1120 6 0 
0 0 0
0 0 0
0 0 0
0 0 0
0 0 0
0 0 0
0 0 0
0 0 0
0 0 0
