0
7227 7229 7230 7231 7232 7233 7234 7235 
13
14
4.252117E+00 1.390377E+01 1.485000E+00
4.785917E+00 1.339211E+01 1.485000E+00
5.084526E+00 1.408980E+01 1.485000E+00
5.563131E+00 1.321433E+01 1.485000E+00
4.976245E+00 1.269962E+01 1.485000E+00
3.948804E+00 1.328039E+01 1.485000E+00
4.990937E+00 1.206955E+01 1.485000E+00
4.483868E+00 1.209407E+01 1.485000E+00
4.326230E+00 1.275543E+01 1.485000E+00
3.976798E+00 1.211859E+01 1.485000E+00
5.592374E+00 1.270753E+01 1.485000E+00
3.645491E+00 1.265701E+01 1.485000E+00
5.533889E+00 1.372113E+01 1.485000E+00
0 1 2
3 1 4
0 5 1
6 4 7
8 4 1
7 8 9
10 4 6
11 9 8
11 8 5
7 4 8
5 8 1
2 1 12
12 1 3
3 4 10









7221 1 0 
7221 1 0 
7221 1 0 






6967 8 0 
6967 8 0 
6967 8 0 
6967 9 0 
6967 9 0 
6967 9 0 



6958 0 0 
6958 0 0 
6958 0 0 
6974 9 0 
6974 9 0 
6974 9 0 
6958 1 0 
6958 1 0 
6958 1 0 
7221 0 0 
7221 0 0 
7221 0 0 
0 0 0
0 0 0
0 0 0
0 0 0
0 0 0
0 0 0
0 0 0
0 0 0
0 0 0
0 0 0
0 0 0
0 0 0
0 0 0
