2
320 321 322 323 324 325 326 
9
8
1.915459E+01 -2.585596E+01 0.000000E+00
1.958005E+01 -2.636784E+01 0.000000E+00
2.000552E+01 -2.687973E+01 0.000000E+00
1.915459E+01 -2.585596E+01 7.425000E-01
1.958005E+01 -2.636784E+01 7.425000E-01
2.000552E+01 -2.687973E+01 7.425000E-01
1.915459E+01 -2.585596E+01 1.485000E+00
1.958005E+01 -2.636784E+01 1.485000E+00
2.000552E+01 -2.687973E+01 1.485000E+00
0 1 4
0 4 3
3 4 6
4 7 6
1 2 4
2 5 4
4 5 8
4 8 7
320 10 0 
320 10 0 
320 10 0 
320 1 0 
320 1 0 
320 1 0 
254 4 0 
254 4 0 
254 4 0 
326 3 0 
326 3 0 
326 3 0 



260 5 0 
260 5 0 
260 5 0 
321 10 0 
321 10 0 
321 10 0 
321 1 0 
321 1 0 
321 1 0 
255 4 0 
255 4 0 
255 4 0 
0 0 0
0 0 0
0 0 0
0 0 0
0 0 0
0 0 0
0 0 0
0 0 0
0 0 0
