1
9466 9467 9468 9469 9470 9471 9472 9473 
17
20
-2.057869E+01 2.442513E+01 0.000000E+00
-2.105029E+01 2.462362E+01 0.000000E+00
-2.120478E+01 2.409432E+01 0.000000E+00
-2.062701E+01 2.490872E+01 0.000000E+00
-2.101704E+01 2.518144E+01 0.000000E+00
-2.140708E+01 2.545417E+01 0.000000E+00
-2.157438E+01 2.479636E+01 0.000000E+00
-2.206807E+01 2.463621E+01 0.000000E+00
-2.178602E+01 2.414756E+01 0.000000E+00
-2.053037E+01 2.394154E+01 0.000000E+00
-2.167916E+01 2.351583E+01 0.000000E+00
-2.122645E+01 2.337517E+01 0.000000E+00
-2.234743E+01 2.417599E+01 0.000000E+00
-2.256300E+01 2.469550E+01 0.000000E+00
-2.087841E+01 2.365835E+01 0.000000E+00
-2.222704E+01 2.530418E+01 0.000000E+00
-2.213186E+01 2.365649E+01 0.000000E+00
2 1 0
0 1 3
1 4 3
4 6 5
8 7 6
2 0 9
8 6 2
10 8 2
11 10 2
13 7 12
11 2 14
2 6 1
2 9 14
1 6 4
6 15 5
15 6 7
12 8 16
7 13 15
12 7 8
16 8 10
9457 7 0 
9457 7 0 
9457 7 0 






9457 10 0 
9457 10 0 
9457 10 0 















9121 14 0 
9121 14 0 
9121 14 0 
9107 0 0 
9107 0 0 
9107 0 0 
9107 2 0 
9107 2 0 
9107 2 0 






9121 2 0 
9121 2 0 
9121 2 0 



9107 6 0 
9107 6 0 
9107 6 0 
1 1 1
1 1 1
1 1 1
1 1 1
1 1 1
1 1 1
1 1 1
1 1 1
1 1 1
1 1 1
1 1 1
1 1 1
1 1 1
1 1 1
1 1 1
1 1 1
1 1 1
