2
4846 4847 4848 4849 4850 4851 4852 4853 
9
8
-5.838685E+00 1.861919E-01 0.000000E+00
-5.410725E+00 -9.909445E-02 0.000000E+00
-4.982765E+00 -3.843808E-01 0.000000E+00
-5.838685E+00 1.861919E-01 7.425000E-01
-5.410725E+00 -9.909445E-02 7.425000E-01
-4.982765E+00 -3.843808E-01 7.425000E-01
-5.838685E+00 1.861919E-01 1.485000E+00
-5.410725E+00 -9.909445E-02 1.485000E+00
-4.982765E+00 -3.843808E-01 1.485000E+00
0 1 4
0 4 3
3 4 6
4 7 6
1 2 4
2 5 4
4 5 8
4 8 7
4666 6 0 
4666 6 0 
4666 6 0 
4666 10 0 
4666 10 0 
4666 10 0 
4666 2 0 
4666 2 0 
4666 2 0 
4670 5 0 
4670 5 0 
4670 5 0 
4670 4 0 
4670 4 0 
4670 4 0 
4669 5 0 
4669 5 0 
4669 5 0 
4667 6 0 
4667 6 0 
4667 6 0 
4667 10 0 
4667 10 0 
4667 10 0 
4667 2 0 
4667 2 0 
4667 2 0 
0 0 0
0 0 0
0 0 0
0 0 0
0 0 0
0 0 0
0 0 0
0 0 0
0 0 0
