2
5438 5439 5440 5441 5442 5443 5444 5445 
6
4
1.661559E+01 4.126245E+00 0.000000E+00
1.693323E+01 3.365762E+00 0.000000E+00
1.661559E+01 4.126245E+00 7.425000E-01
1.693323E+01 3.365762E+00 7.425000E-01
1.661559E+01 4.126245E+00 1.485000E+00
1.693323E+01 3.365762E+00 1.485000E+00
0 1 3
0 3 2
2 3 5
2 5 4
5438 10 0 
5438 10 0 
5438 10 0 
5326 4 0 
5326 4 0 
5326 4 0 
5445 5 0 
5445 5 0 
5445 5 0 
5332 5 0 
5332 5 0 
5332 5 0 
5439 10 0 
5439 10 0 
5439 10 0 
5327 4 0 
5327 4 0 
5327 4 0 
0 0 0
0 0 0
0 0 0
0 0 0
0 0 0
0 0 0
