2
1767 1768 1769 1770 1771 1772 1774 
6
4
5.696015E+00 -1.797062E+01 0.000000E+00
5.054384E+00 -1.843549E+01 0.000000E+00
5.696015E+00 -1.797062E+01 7.425000E-01
5.054384E+00 -1.843549E+01 7.425000E-01
5.696015E+00 -1.797062E+01 1.485000E+00
5.054384E+00 -1.843549E+01 1.485000E+00
0 1 3
0 3 2
2 3 5
2 5 4
1767 10 0 
1767 10 0 
1767 10 0 
1767 9 0 
1767 9 0 
1767 9 0 
1772 3 0 
1772 3 0 
1772 3 0 



1768 10 0 
1768 10 0 
1768 10 0 
1768 9 0 
1768 9 0 
1768 9 0 
0 0 0
0 0 0
0 0 0
0 0 0
0 0 0
0 0 0
