2
3454 3455 3456 3457 3458 3460 3461 3462 
6
4
3.915103E+00 -1.116122E+01 0.000000E+00
3.505870E+00 -1.035509E+01 0.000000E+00
3.915103E+00 -1.116122E+01 7.425000E-01
3.505870E+00 -1.035509E+01 7.425000E-01
3.915103E+00 -1.116122E+01 1.485000E+00
3.505870E+00 -1.035509E+01 1.485000E+00
0 1 3
0 3 2
2 3 5
2 5 4
3109 17 0 
3109 17 0 
3109 17 0 
3446 10 0 
3446 10 0 
3446 10 0 
3115 5 0 
3115 5 0 
3115 5 0 
3452 5 0 
3452 5 0 
3452 5 0 
3110 17 0 
3110 17 0 
3110 17 0 
3447 10 0 
3447 10 0 
3447 10 0 
0 0 0
0 0 0
0 0 0
0 0 0
0 0 0
0 0 0
