0
3118 3120 3121 3122 3123 3124 
13
14
5.619508E+00 -1.380962E+01 1.485000E+00
5.844232E+00 -1.313929E+01 1.485000E+00
5.150672E+00 -1.330607E+01 1.485000E+00
6.210835E+00 -1.361684E+01 1.485000E+00
6.361904E+00 -1.273462E+01 1.485000E+00
5.944978E+00 -1.246867E+01 1.485000E+00
5.502790E+00 -1.277353E+01 1.485000E+00
5.028181E+00 -1.400240E+01 1.485000E+00
4.985076E+00 -1.270814E+01 1.485000E+00
5.256564E+00 -1.245542E+01 1.485000E+00
5.528052E+00 -1.220271E+01 1.485000E+00
4.442100E+00 -1.321356E+01 1.485000E+00
4.735140E+00 -1.360798E+01 1.485000E+00
0 1 2
3 4 1
1 5 6
0 2 7
3 1 0
1 6 2
8 6 9
8 2 6
9 6 10
10 6 5
5 1 4
11 12 2
8 11 2
12 7 2
2511 3 0 
2511 3 0 
2511 3 0 






2511 5 0 
2511 5 0 
2511 5 0 









2511 6 0 
2511 6 0 
2511 6 0 
3110 7 0 
3110 7 0 
3110 7 0 
3110 11 0 
3110 11 0 
3110 11 0 
3110 12 0 
3110 12 0 
3110 12 0 
2518 15 0 
2518 15 0 
2518 15 0 
2518 1 0 
2518 1 0 
2518 1 0 
0 0 0
0 0 0
0 0 0
0 0 0
0 0 0
0 0 0
0 0 0
0 0 0
0 0 0
0 0 0
0 0 0
0 0 0
0 0 0
