1
4847 4848 4849 4850 4851 4852 4853 4854 
14
16
-3.997666E+00 7.484565E-01 0.000000E+00
-4.277427E+00 1.264671E+00 0.000000E+00
-4.649446E+00 7.442797E-01 0.000000E+00
-5.338987E+00 6.539505E-01 0.000000E+00
-4.973507E+00 2.237590E-01 0.000000E+00
-5.410725E+00 -9.909445E-02 0.000000E+00
-4.982765E+00 -3.843808E-01 0.000000E+00
-4.431533E+00 1.862651E-01 0.000000E+00
-3.717904E+00 2.322422E-01 0.000000E+00
-4.087704E+00 -3.040747E-01 0.000000E+00
-5.986332E+00 8.793156E-01 0.000000E+00
-5.509632E+00 1.387862E+00 0.000000E+00
-5.838685E+00 1.861919E-01 0.000000E+00
-4.893530E+00 1.326267E+00 0.000000E+00
2 1 0
2 4 3
6 5 4
8 7 0
7 8 9
6 7 9
11 3 10
10 3 12
13 3 11
3 5 12
7 6 4
7 4 2
4 5 3
1 2 13
2 3 13
2 0 7
4837 9 0 
4837 9 0 
4837 9 0 
4837 7 0 
4837 7 0 
4837 7 0 









4666 10 0 
4666 10 0 
4666 10 0 
4666 2 0 
4666 2 0 
4666 2 0 



4687 11 0 
4687 11 0 
4687 11 0 
4673 2 0 
4673 2 0 
4673 2 0 






4666 6 0 
4666 6 0 
4666 6 0 



0 0 0
0 0 0
0 0 0
0 0 0
0 0 0
0 0 0
0 0 0
0 0 0
0 0 0
0 0 0
0 0 0
0 0 0
0 0 0
0 0 0
