2
1172 1173 1174 1175 1176 1177 1179 1180 
6
4
-2.683984E+01 -1.856925E+01 0.000000E+00
-2.749133E+01 -1.872426E+01 0.000000E+00
-2.683984E+01 -1.856925E+01 7.425000E-01
-2.749133E+01 -1.872426E+01 7.425000E-01
-2.683984E+01 -1.856925E+01 1.485000E+00
-2.749133E+01 -1.872426E+01 1.485000E+00
0 1 3
0 3 2
2 3 5
2 5 4
1172 5 0 
1172 5 0 
1172 5 0 
1172 4 0 
1172 4 0 
1172 4 0 
1177 5 0 
1177 5 0 
1177 5 0 



1173 5 0 
1173 5 0 
1173 5 0 
1173 4 0 
1173 4 0 
1173 4 0 
0 0 0
0 0 0
0 0 0
0 0 0
0 0 0
0 0 0
