2
6166 6167 6168 6169 6171 6172 6173 6174 
9
8
-2.680174E+01 8.619776E+00 0.000000E+00
-2.627015E+01 8.679096E+00 0.000000E+00
-2.573857E+01 8.738416E+00 0.000000E+00
-2.680174E+01 8.619776E+00 7.425000E-01
-2.627015E+01 8.679096E+00 7.425000E-01
-2.573857E+01 8.738416E+00 7.425000E-01
-2.680174E+01 8.619776E+00 1.485000E+00
-2.627015E+01 8.679096E+00 1.485000E+00
-2.573857E+01 8.738416E+00 1.485000E+00
0 1 4
0 4 3
3 4 6
4 7 6
1 2 4
2 5 4
4 5 8
4 8 7
6144 10 0 
6144 10 0 
6144 10 0 
6144 1 0 
6144 1 0 
6144 1 0 
6144 0 0 
6144 0 0 
6144 0 0 
6149 5 0 
6149 5 0 
6149 5 0 
6149 4 0 
6149 4 0 
6149 4 0 
6148 5 0 
6148 5 0 
6148 5 0 
6145 10 0 
6145 10 0 
6145 10 0 
6145 1 0 
6145 1 0 
6145 1 0 
6145 0 0 
6145 0 0 
6145 0 0 
0 0 0
0 0 0
0 0 0
0 0 0
0 0 0
0 0 0
0 0 0
0 0 0
0 0 0
