1
5135 5136 5137 5138 5139 5140 5141 
14
16
3.557561E+00 1.088871E+00 0.000000E+00
3.424150E+00 3.069657E-01 0.000000E+00
3.955166E+00 6.149597E-01 0.000000E+00
4.509793E+00 8.314028E-01 0.000000E+00
4.069130E+00 1.276959E+00 0.000000E+00
4.979110E+00 4.339363E-01 0.000000E+00
4.423584E+00 2.097907E-01 0.000000E+00
4.875532E+00 -2.203025E-01 0.000000E+00
4.580699E+00 1.465047E+00 0.000000E+00
5.405001E+00 -1.121656E-02 0.000000E+00
5.511092E+00 7.227277E-01 0.000000E+00
3.885106E+00 -6.121138E-02 0.000000E+00
5.045895E+00 1.093887E+00 0.000000E+00
4.346062E+00 -4.293885E-01 0.000000E+00
2 1 0
2 4 3
7 6 5
4 8 3
5 10 9
6 2 3
4 2 0
2 11 1
5 6 3
6 11 2
5 3 12
3 8 12
13 11 6
5 9 7
12 10 5
13 6 7
5126 9 0 
5126 9 0 
5126 9 0 
4799 12 0 
4799 12 0 
4799 12 0 















4791 10 0 
4791 10 0 
4791 10 0 



4783 3 0 
4783 3 0 
4783 3 0 
4783 4 0 
4783 4 0 
4783 4 0 
4799 5 0 
4799 5 0 
4799 5 0 



4791 7 0 
4791 7 0 
4791 7 0 
0 0 0
0 0 0
0 0 0
0 0 0
0 0 0
0 0 0
0 0 0
0 0 0
0 0 0
0 0 0
0 0 0
0 0 0
0 0 0
0 0 0
