0
6765 6767 6768 6769 6770 6771 6772 
16
19
-2.306339E+01 1.181755E+01 1.485000E+00
-2.370159E+01 1.147341E+01 1.485000E+00
-2.299981E+01 1.122241E+01 1.485000E+00
-2.375264E+01 1.255757E+01 1.485000E+00
-2.308649E+01 1.238088E+01 1.485000E+00
-2.309661E+01 1.295553E+01 1.485000E+00
-2.433506E+01 1.109231E+01 1.485000E+00
-2.437186E+01 1.162596E+01 1.485000E+00
-2.354850E+01 1.081782E+01 1.485000E+00
-2.357693E+01 1.207135E+01 1.485000E+00
-2.245906E+01 1.261670E+01 1.485000E+00
-2.245509E+01 1.212185E+01 1.485000E+00
-2.245112E+01 1.162701E+01 1.485000E+00
-2.401443E+01 1.192019E+01 1.485000E+00
-2.408065E+01 1.235859E+01 1.485000E+00
-2.440867E+01 1.215962E+01 1.485000E+00
0 1 2
3 4 5
6 1 7
6 8 1
0 9 1
10 4 11
5 4 10
4 0 11
11 0 12
1 8 2
7 1 13
14 9 3
3 9 4
13 1 9
12 0 2
4 9 0
13 15 7
13 9 14
15 13 14






6759 2 0 
6759 2 0 
6759 2 0 









6183 11 0 
6183 11 0 
6183 11 0 



6183 6 0 
6183 6 0 
6183 6 0 









6759 1 0 
6759 1 0 
6759 1 0 









0 0 0
0 0 0
0 0 0
0 0 0
0 0 0
0 0 0
0 0 0
0 0 0
0 0 0
0 0 0
0 0 0
0 0 0
0 0 0
0 0 0
0 0 0
0 0 0
