2
3504 3505 3507 3508 3509 3510 3511 
9
8
-8.917292E-01 -9.882594E+00 0.000000E+00
-4.056507E-01 -1.012165E+01 0.000000E+00
8.042775E-02 -1.036070E+01 0.000000E+00
-8.917292E-01 -9.882594E+00 7.425000E-01
-4.056507E-01 -1.012165E+01 7.425000E-01
8.042775E-02 -1.036070E+01 7.425000E-01
-8.917292E-01 -9.882594E+00 1.485000E+00
-4.056507E-01 -1.012165E+01 1.485000E+00
8.042775E-02 -1.036070E+01 1.485000E+00
0 1 4
0 4 3
3 4 6
4 7 6
1 2 4
2 5 4
4 5 8
4 8 7
3471 8 0 
3471 8 0 
3471 8 0 
3471 9 0 
3471 9 0 
3471 9 0 
3463 2 0 
3463 2 0 
3463 2 0 
3476 5 0 
3476 5 0 
3476 5 0 
3476 4 0 
3476 4 0 
3476 4 0 
3469 3 0 
3469 3 0 
3469 3 0 
3472 8 0 
3472 8 0 
3472 8 0 
3472 9 0 
3472 9 0 
3472 9 0 
3464 2 0 
3464 2 0 
3464 2 0 
0 0 0
0 0 0
0 0 0
0 0 0
0 0 0
0 0 0
0 0 0
0 0 0
0 0 0
