2
1262 1263 1264 1265 1266 1267 
9
8
-1.492414E+01 -2.001670E+01 0.000000E+00
-1.478419E+01 -2.052300E+01 0.000000E+00
-1.464424E+01 -2.102929E+01 0.000000E+00
-1.492414E+01 -2.001670E+01 7.425000E-01
-1.478419E+01 -2.052300E+01 7.425000E-01
-1.464424E+01 -2.102929E+01 7.425000E-01
-1.492414E+01 -2.001670E+01 1.485000E+00
-1.478419E+01 -2.052300E+01 1.485000E+00
-1.464424E+01 -2.102929E+01 1.485000E+00
0 1 4
0 4 3
3 4 6
4 7 6
1 2 4
2 5 4
4 5 8
4 8 7
1254 1 0 
1254 1 0 
1254 1 0 
1254 0 0 
1254 0 0 
1254 0 0 
1038 11 0 
1038 11 0 
1038 11 0 
1258 5 0 
1258 5 0 
1258 5 0 
1258 4 0 
1258 4 0 
1258 4 0 
1043 5 0 
1043 5 0 
1043 5 0 
1255 1 0 
1255 1 0 
1255 1 0 
1255 0 0 
1255 0 0 
1255 0 0 
1039 11 0 
1039 11 0 
1039 11 0 
0 0 0
0 0 0
0 0 0
0 0 0
0 0 0
0 0 0
0 0 0
0 0 0
0 0 0
