2
1957 1958 1959 1960 1961 1962 1963 
9
8
-2.231994E+00 -1.584984E+01 0.000000E+00
-2.185378E+00 -1.646993E+01 0.000000E+00
-2.138762E+00 -1.709002E+01 0.000000E+00
-2.231994E+00 -1.584984E+01 7.425000E-01
-2.185378E+00 -1.646993E+01 7.425000E-01
-2.138762E+00 -1.709002E+01 7.425000E-01
-2.231994E+00 -1.584984E+01 1.485000E+00
-2.185378E+00 -1.646993E+01 1.485000E+00
-2.138762E+00 -1.709002E+01 1.485000E+00
0 1 4
0 4 3
3 4 6
4 7 6
1 2 4
2 5 4
4 5 8
4 8 7
1950 4 0 
1950 4 0 
1950 4 0 
1950 1 0 
1950 1 0 
1950 1 0 
1823 5 0 
1823 5 0 
1823 5 0 
1954 5 0 
1954 5 0 
1954 5 0 
1954 4 0 
1954 4 0 
1954 4 0 
1828 3 0 
1828 3 0 
1828 3 0 
1951 4 0 
1951 4 0 
1951 4 0 
1951 1 0 
1951 1 0 
1951 1 0 
1824 5 0 
1824 5 0 
1824 5 0 
0 0 0
0 0 0
0 0 0
0 0 0
0 0 0
0 0 0
0 0 0
0 0 0
0 0 0
