1
8383 8384 8385 8386 8387 8388 8389 
12
13
8.661593E+00 2.120359E+01 0.000000E+00
9.077895E+00 2.192610E+01 0.000000E+00
8.386302E+00 2.183324E+01 0.000000E+00
8.021789E+00 2.242756E+01 0.000000E+00
7.697727E+00 2.181381E+01 0.000000E+00
7.474496E+00 2.116776E+01 0.000000E+00
8.068045E+00 2.118567E+01 0.000000E+00
7.274785E+00 2.240491E+01 0.000000E+00
8.763030E+00 2.246044E+01 0.000000E+00
8.448164E+00 2.299478E+01 0.000000E+00
7.527241E+00 2.292912E+01 0.000000E+00
7.022328E+00 2.188070E+01 0.000000E+00
2 1 0
2 4 3
4 6 5
4 7 3
6 2 0
6 4 2
3 8 2
8 3 9
8 1 2
9 3 10
7 4 11
4 5 11
10 3 7
8069 11 0 
8069 11 0 
8069 11 0 












8069 7 0 
8069 7 0 
8069 7 0 
8069 5 0 
8069 5 0 
8069 5 0 












8373 10 0 
8373 10 0 
8373 10 0 
1 1 1
1 1 1
1 1 1
1 1 1
1 1 1
1 1 1
1 1 1
1 1 1
1 1 1
1 1 1
1 1 1
1 1 1
