2
7675 7676 7677 7679 7680 7681 7682 
9
8
1.276293E+01 1.353746E+01 0.000000E+00
1.300943E+01 1.417004E+01 0.000000E+00
1.325593E+01 1.480263E+01 0.000000E+00
1.276293E+01 1.353746E+01 7.425000E-01
1.300943E+01 1.417004E+01 7.425000E-01
1.325593E+01 1.480263E+01 7.425000E-01
1.276293E+01 1.353746E+01 1.485000E+00
1.300943E+01 1.417004E+01 1.485000E+00
1.325593E+01 1.480263E+01 1.485000E+00
0 1 4
0 4 3
3 4 6
4 7 6
1 2 4
2 5 4
4 5 8
4 8 7
7179 2 0 
7179 2 0 
7179 2 0 
7179 3 0 
7179 3 0 
7179 3 0 
7179 5 0 
7179 5 0 
7179 5 0 
7181 3 0 
7181 3 0 
7181 3 0 
7186 4 0 
7186 4 0 
7186 4 0 
7185 3 0 
7185 3 0 
7185 3 0 
7180 2 0 
7180 2 0 
7180 2 0 
7180 3 0 
7180 3 0 
7180 3 0 
7180 5 0 
7180 5 0 
7180 5 0 
0 0 0
0 0 0
0 0 0
0 0 0
0 0 0
0 0 0
0 0 0
0 0 0
0 0 0
