2
2674 2675 2676 2677 2679 2680 2681 2682 
9
8
-2.612074E+01 -1.548823E+01 0.000000E+00
-2.578015E+01 -1.510735E+01 0.000000E+00
-2.543957E+01 -1.472647E+01 0.000000E+00
-2.612074E+01 -1.548823E+01 7.425000E-01
-2.578015E+01 -1.510735E+01 7.425000E-01
-2.543957E+01 -1.472647E+01 7.425000E-01
-2.612074E+01 -1.548823E+01 1.485000E+00
-2.578015E+01 -1.510735E+01 1.485000E+00
-2.543957E+01 -1.472647E+01 1.485000E+00
0 1 4
0 4 3
3 4 6
4 7 6
1 2 4
2 5 4
4 5 8
4 8 7
1333 7 0 
1333 7 0 
1333 7 0 
1340 5 0 
1340 5 0 
1340 5 0 
1340 4 0 
1340 4 0 
1340 4 0 
1337 5 0 
1337 5 0 
1337 5 0 
1346 4 0 
1346 4 0 
1346 4 0 
1345 3 0 
1345 3 0 
1345 3 0 
1334 7 0 
1334 7 0 
1334 7 0 
1341 5 0 
1341 5 0 
1341 5 0 
1341 4 0 
1341 4 0 
1341 4 0 
0 0 0
0 0 0
0 0 0
0 0 0
0 0 0
0 0 0
0 0 0
0 0 0
0 0 0
