1
8581 8582 8583 8584 8585 8586 
11
10
1.022989E+01 2.157757E+01 0.000000E+00
1.086556E+01 2.201558E+01 0.000000E+00
1.022353E+01 2.244658E+01 0.000000E+00
1.167386E+01 2.198747E+01 0.000000E+00
1.114938E+01 2.270268E+01 0.000000E+00
1.056046E+01 2.119856E+01 0.000000E+00
1.107858E+01 2.135236E+01 0.000000E+00
1.159670E+01 2.150615E+01 0.000000E+00
1.054775E+01 2.293657E+01 0.000000E+00
1.175102E+01 2.246879E+01 0.000000E+00
9.899311E+00 2.195658E+01 0.000000E+00
2 1 0
1 4 3
1 5 0
1 7 6
8 4 1
3 7 1
2 8 1
1 6 5
9 3 4
2 0 10
8390 13 0 
8390 13 0 
8390 13 0 






8572 9 0 
8572 9 0 
8572 9 0 



8390 12 0 
8390 12 0 
8390 12 0 
8399 4 0 
8399 4 0 
8399 4 0 
8399 5 0 
8399 5 0 
8399 5 0 



8572 8 0 
8572 8 0 
8572 8 0 
8390 14 0 
8390 14 0 
8390 14 0 
1 1 1
1 1 1
1 1 1
1 1 1
1 1 1
1 1 1
1 1 1
1 1 1
1 1 1
1 1 1
1 1 1
