1
2444 2445 2446 2447 2448 2449 
12
13
1.760434E+01 -1.292202E+01 0.000000E+00
1.781091E+01 -1.250585E+01 0.000000E+00
1.718666E+01 -1.272068E+01 0.000000E+00
1.895986E+01 -1.229838E+01 0.000000E+00
1.829868E+01 -1.207831E+01 0.000000E+00
1.849094E+01 -1.271087E+01 0.000000E+00
1.797678E+01 -1.156920E+01 0.000000E+00
1.734378E+01 -1.164682E+01 0.000000E+00
1.772406E+01 -1.199169E+01 0.000000E+00
1.726522E+01 -1.218375E+01 0.000000E+00
1.802202E+01 -1.312336E+01 0.000000E+00
1.860979E+01 -1.149157E+01 0.000000E+00
2 1 0
5 4 3
8 7 6
7 8 9
1 8 4
2 9 1
10 0 1
5 1 4
1 9 8
5 10 1
11 4 6
4 8 6
3 4 11
2316 11 0 
2316 11 0 
2316 11 0 



2316 10 0 
2316 10 0 
2316 10 0 
2340 5 0 
2340 5 0 
2340 5 0 



2340 3 0 
2340 3 0 
2340 3 0 












2316 12 0 
2316 12 0 
2316 12 0 
2434 4 0 
2434 4 0 
2434 4 0 
1 1 1
1 1 1
1 1 1
1 1 1
1 1 1
1 1 1
1 1 1
1 1 1
1 1 1
1 1 1
1 1 1
1 1 1
