2
6631 6632 6633 6635 6636 6637 
9
8
-8.862196E-01 8.357770E+00 0.000000E+00
-8.880778E-01 8.862448E+00 0.000000E+00
-8.899359E-01 9.367126E+00 0.000000E+00
-8.862196E-01 8.357770E+00 7.425000E-01
-8.880778E-01 8.862448E+00 7.425000E-01
-8.899359E-01 9.367126E+00 7.425000E-01
-8.862196E-01 8.357770E+00 1.485000E+00
-8.880778E-01 8.862448E+00 1.485000E+00
-8.899359E-01 9.367126E+00 1.485000E+00
0 1 4
0 4 3
3 4 6
4 7 6
1 2 4
2 5 4
4 5 8
4 8 7
6324 7 0 
6324 7 0 
6324 7 0 
6624 5 0 
6624 5 0 
6624 5 0 
6624 4 0 
6624 4 0 
6624 4 0 
6329 3 0 
6329 3 0 
6329 3 0 
6630 4 0 
6630 4 0 
6630 4 0 
6629 5 0 
6629 5 0 
6629 5 0 
6325 7 0 
6325 7 0 
6325 7 0 
6625 5 0 
6625 5 0 
6625 5 0 
6625 4 0 
6625 4 0 
6625 4 0 
0 0 0
0 0 0
0 0 0
0 0 0
0 0 0
0 0 0
0 0 0
0 0 0
0 0 0
