6
9591 9592 9593 9594 9595 9597 9598 
9
8
-1.538827E+01 2.722169E+01 0.000000E+00
-1.582795E+01 2.737961E+01 0.000000E+00
-1.626764E+01 2.753754E+01 0.000000E+00
-1.538827E+01 2.722169E+01 7.425000E-01
-1.582795E+01 2.737961E+01 7.425000E-01
-1.626764E+01 2.753754E+01 7.425000E-01
-1.538827E+01 2.722169E+01 1.485000E+00
-1.582795E+01 2.737961E+01 1.485000E+00
-1.626764E+01 2.753754E+01 1.485000E+00
0 1 4
0 4 3
3 4 6
4 7 6
1 2 4
2 5 4
4 5 8
4 8 7
71 7 0 
71 7 5.675002e+01 
71 7 0 
71 6 0 
71 6 5.675002e+01 
71 6 0 
71 10 0 
71 10 5.675002e+01 
71 10 0 
73 5 0 
73 5 5.675002e+01 
73 5 0 
73 4 0 
73 4 5.675002e+01 
73 4 0 
73 3 0 
73 3 5.675002e+01 
73 3 0 
72 7 0 
72 7 5.675002e+01 
72 7 0 
72 6 0 
72 6 5.675002e+01 
72 6 0 
72 10 0 
72 10 5.675002e+01 
72 10 0 
0 0 0
0 0 0
0 0 0
0 0 0
0 0 0
0 0 0
0 0 0
0 0 0
0 0 0
