2
2138 2139 2141 2142 2143 2144 2145 2146 
6
4
2.192772E+01 -1.847683E+01 0.000000E+00
2.222233E+01 -1.917194E+01 0.000000E+00
2.192772E+01 -1.847683E+01 7.425000E-01
2.222233E+01 -1.917194E+01 7.425000E-01
2.192772E+01 -1.847683E+01 1.485000E+00
2.222233E+01 -1.917194E+01 1.485000E+00
0 1 3
0 3 2
2 3 5
2 5 4
2084 9 0 
2084 9 0 
2084 9 0 
2084 8 0 
2084 8 0 
2084 8 0 
2088 3 0 
2088 3 0 
2088 3 0 
2087 5 0 
2087 5 0 
2087 5 0 
2085 9 0 
2085 9 0 
2085 9 0 
2085 8 0 
2085 8 0 
2085 8 0 
0 0 0
0 0 0
0 0 0
0 0 0
0 0 0
0 0 0
