2
1156 1157 1158 1159 1161 1162 1163 
9
8
-2.192415E+01 -2.053118E+01 0.000000E+00
-2.240507E+01 -2.001038E+01 0.000000E+00
-2.288599E+01 -1.948958E+01 0.000000E+00
-2.192415E+01 -2.053118E+01 7.425000E-01
-2.240507E+01 -2.001038E+01 7.425000E-01
-2.288599E+01 -1.948958E+01 7.425000E-01
-2.192415E+01 -2.053118E+01 1.485000E+00
-2.240507E+01 -2.001038E+01 1.485000E+00
-2.288599E+01 -1.948958E+01 1.485000E+00
0 1 4
0 4 3
3 4 6
4 7 6
1 2 4
2 5 4
4 5 8
4 8 7
1078 1 0 
1078 1 0 
1078 1 0 
1156 5 0 
1156 5 0 
1156 5 0 
1156 6 0 
1156 6 0 
1156 6 0 
1084 3 0 
1084 3 0 
1084 3 0 






1079 1 0 
1079 1 0 
1079 1 0 
1157 5 0 
1157 5 0 
1157 5 0 
1157 6 0 
1157 6 0 
1157 6 0 
0 0 0
0 0 0
0 0 0
0 0 0
0 0 0
0 0 0
0 0 0
0 0 0
0 0 0
