0
3669 3671 3672 3673 3674 3675 3676 
14
16
-2.468108E+01 -7.179021E+00 1.485000E+00
-2.448262E+01 -6.660835E+00 1.485000E+00
-2.502825E+01 -6.540978E+00 1.485000E+00
-2.445626E+01 -6.114677E+00 1.485000E+00
-2.491666E+01 -5.829232E+00 1.485000E+00
-2.568182E+01 -7.265737E+00 1.485000E+00
-2.526730E+01 -7.544291E+00 1.485000E+00
-2.521111E+01 -7.043490E+00 1.485000E+00
-2.399585E+01 -6.400121E+00 1.485000E+00
-2.567209E+01 -6.768761E+00 1.485000E+00
-2.566236E+01 -6.271785E+00 1.485000E+00
-2.485278E+01 -7.822844E+00 1.485000E+00
-2.403209E+01 -6.921970E+00 1.485000E+00
-2.406833E+01 -7.443819E+00 1.485000E+00
0 1 2
2 3 4
5 6 7
1 8 3
9 7 2
10 9 2
5 7 9
6 11 0
10 2 4
1 0 12
11 13 0
7 0 2
7 6 0
2 1 3
0 13 12
1 12 8















2958 6 0 
2958 6 0 
2958 6 0 
2958 12 0 
2958 12 0 
2958 12 0 



3662 6 0 
3662 6 0 
3662 6 0 






2958 2 0 
2958 2 0 
2958 2 0 
3662 7 0 
3662 7 0 
3662 7 0 
2966 4 0 
2966 4 0 
2966 4 0 
0 0 0
0 0 0
0 0 0
0 0 0
0 0 0
0 0 0
0 0 0
0 0 0
0 0 0
0 0 0
0 0 0
0 0 0
0 0 0
0 0 0
