0
4959 4961 4962 4963 4964 4965 
11
10
-2.668605E+01 -1.043436E+00 1.485000E+00
-2.614198E+01 -1.800978E+00 1.485000E+00
-2.588016E+01 -8.992062E-01 1.485000E+00
-2.612244E+01 -2.657346E-01 1.485000E+00
-2.555972E+01 -9.193714E-02 1.485000E+00
-2.528756E+01 -1.437900E+00 1.485000E+00
-2.497811E+01 -9.211825E-01 1.485000E+00
-2.668516E+01 -4.395321E-01 1.485000E+00
-2.559701E+01 -1.954617E+00 1.485000E+00
-2.668694E+01 -1.647340E+00 1.485000E+00
-2.526892E+01 -5.065598E-01 1.485000E+00
0 1 2
3 2 4
2 5 6
7 0 2
1 5 2
5 1 8
9 1 0
2 3 7
2 10 4
2 6 10



4555 0 0 
4555 0 0 
4555 0 0 









4952 6 0 
4952 6 0 
4952 6 0 
4952 10 0 
4952 10 0 
4952 10 0 



4555 13 0 
4555 13 0 
4555 13 0 
4555 14 0 
4555 14 0 
4555 14 0 



0 0 0
0 0 0
0 0 0
0 0 0
0 0 0
0 0 0
0 0 0
0 0 0
0 0 0
0 0 0
0 0 0
