2
9545 9546 9548 9549 9550 9551 9552 
9
8
-2.419513E+01 2.540617E+01 0.000000E+00
-2.388106E+01 2.501654E+01 0.000000E+00
-2.356699E+01 2.462691E+01 0.000000E+00
-2.419513E+01 2.540617E+01 7.425000E-01
-2.388106E+01 2.501654E+01 7.425000E-01
-2.356699E+01 2.462691E+01 7.425000E-01
-2.419513E+01 2.540617E+01 1.485000E+00
-2.388106E+01 2.501654E+01 1.485000E+00
-2.356699E+01 2.462691E+01 1.485000E+00
0 1 4
0 4 3
3 4 6
4 7 6
1 2 4
2 5 4
4 5 8
4 8 7
9481 4 0 
9481 4 0 
9481 4 0 
9481 3 0 
9481 3 0 
9481 3 0 
9474 1 0 
9474 1 0 
9474 1 0 
9486 5 0 
9486 5 0 
9486 5 0 
9486 4 0 
9486 4 0 
9486 4 0 
9479 5 0 
9479 5 0 
9479 5 0 
9482 4 0 
9482 4 0 
9482 4 0 
9482 3 0 
9482 3 0 
9482 3 0 
9475 1 0 
9475 1 0 
9475 1 0 
0 0 0
0 0 0
0 0 0
0 0 0
0 0 0
0 0 0
0 0 0
0 0 0
0 0 0
