0
3398 3400 3401 3402 3403 3404 3405 
10
10
1.370226E+01 -7.413482E+00 1.485000E+00
1.316472E+01 -7.656996E+00 1.485000E+00
1.378756E+01 -8.131260E+00 1.485000E+00
1.439816E+01 -7.793642E+00 1.485000E+00
1.262719E+01 -7.900510E+00 1.485000E+00
1.316810E+01 -8.456907E+00 1.485000E+00
1.323694E+01 -9.237703E+00 1.485000E+00
1.382859E+01 -8.903826E+00 1.485000E+00
1.442024E+01 -8.569950E+00 1.485000E+00
1.249183E+01 -8.725396E+00 1.485000E+00
0 1 2
2 3 0
4 5 1
1 5 2
6 7 5
8 3 2
5 9 6
2 7 8
2 5 7
9 5 4









3391 0 0 
3391 0 0 
3391 0 0 






3229 3 0 
3229 3 0 
3229 3 0 
3237 8 0 
3237 8 0 
3237 8 0 
3237 7 0 
3237 7 0 
3237 7 0 
3229 4 0 
3229 4 0 
3229 4 0 
0 0 0
0 0 0
0 0 0
0 0 0
0 0 0
0 0 0
0 0 0
0 0 0
0 0 0
0 0 0
