2
2793 2794 2795 2797 2798 2799 2800 
9
8
-1.549780E+01 -1.386304E+01 0.000000E+00
-1.500539E+01 -1.371393E+01 0.000000E+00
-1.451297E+01 -1.356481E+01 0.000000E+00
-1.549780E+01 -1.386304E+01 7.425000E-01
-1.500539E+01 -1.371393E+01 7.425000E-01
-1.451297E+01 -1.356481E+01 7.425000E-01
-1.549780E+01 -1.386304E+01 1.485000E+00
-1.500539E+01 -1.371393E+01 1.485000E+00
-1.451297E+01 -1.356481E+01 1.485000E+00
0 1 4
0 4 3
3 4 6
4 7 6
1 2 4
2 5 4
4 5 8
4 8 7
2609 11 0 
2609 11 0 
2609 11 0 
2609 5 0 
2609 5 0 
2609 5 0 
2609 4 0 
2609 4 0 
2609 4 0 
2615 5 0 
2615 5 0 
2615 5 0 
2615 4 0 
2615 4 0 
2615 4 0 
2614 5 0 
2614 5 0 
2614 5 0 
2610 11 0 
2610 11 0 
2610 11 0 
2610 5 0 
2610 5 0 
2610 5 0 
2610 4 0 
2610 4 0 
2610 4 0 
0 0 0
0 0 0
0 0 0
0 0 0
0 0 0
0 0 0
0 0 0
0 0 0
0 0 0
