2
2729 2730 2731 2732 2733 2735 
9
8
-2.641843E+01 -1.033680E+01 0.000000E+00
-2.706214E+01 -1.012855E+01 0.000000E+00
-2.770585E+01 -9.920292E+00 0.000000E+00
-2.641843E+01 -1.033680E+01 7.425000E-01
-2.706214E+01 -1.012855E+01 7.425000E-01
-2.770585E+01 -9.920292E+00 7.425000E-01
-2.641843E+01 -1.033680E+01 1.485000E+00
-2.706214E+01 -1.012855E+01 1.485000E+00
-2.770585E+01 -9.920292E+00 1.485000E+00
0 1 4
0 4 3
3 4 6
4 7 6
1 2 4
2 5 4
4 5 8
4 8 7
2729 3 0 
2729 3 0 
2729 3 0 
2729 8 0 
2729 8 0 
2729 8 0 
2729 7 0 
2729 7 0 
2729 7 0 
2733 3 0 
2733 3 0 
2733 3 0 






2730 3 0 
2730 3 0 
2730 3 0 
2730 8 0 
2730 8 0 
2730 8 0 
2730 7 0 
2730 7 0 
2730 7 0 
0 0 0
0 0 0
0 0 0
0 0 0
0 0 0
0 0 0
0 0 0
0 0 0
0 0 0
