0
4007 4009 4010 4011 4012 4013 
11
10
2.743020E+01 -7.791875E+00 1.485000E+00
2.788453E+01 -7.479150E+00 1.485000E+00
2.701935E+01 -7.242208E+00 1.485000E+00
2.637076E+01 -6.938971E+00 1.485000E+00
2.701406E+01 -6.298952E+00 1.485000E+00
2.651053E+01 -6.335345E+00 1.485000E+00
2.660344E+01 -7.823598E+00 1.485000E+00
2.697588E+01 -8.104600E+00 1.485000E+00
2.770106E+01 -6.870854E+00 1.485000E+00
2.751760E+01 -6.262559E+00 1.485000E+00
2.623099E+01 -7.542596E+00 1.485000E+00
0 1 2
3 4 5
6 7 2
2 1 8
2 4 3
4 2 8
9 4 8
3 10 2
7 0 2
10 6 2
3318 11 0 
3318 11 0 
3318 11 0 
3318 6 0 
3318 6 0 
3318 6 0 



4001 8 0 
4001 8 0 
4001 8 0 



4001 0 0 
4001 0 0 
4001 0 0 
3327 5 0 
3327 5 0 
3327 5 0 
3318 4 0 
3318 4 0 
3318 4 0 
3693 9 5.675002e+01 
3693 9 0 
3693 9 0 
3693 8 5.675002e+01 
3693 8 0 
3693 8 0 
3327 6 0 
3327 6 0 
3327 6 0 
0 0 0
0 0 0
0 0 0
0 0 0
0 0 0
0 0 0
0 0 0
0 0 0
0 0 0
0 0 0
0 0 0
