2
2591 2592 2593 2595 2596 2597 2598 2599 
9
8
-1.007992E+01 -1.502014E+01 0.000000E+00
-9.412696E+00 -1.485570E+01 0.000000E+00
-8.745470E+00 -1.469125E+01 0.000000E+00
-1.007992E+01 -1.502014E+01 7.425000E-01
-9.412696E+00 -1.485570E+01 7.425000E-01
-8.745470E+00 -1.469125E+01 7.425000E-01
-1.007992E+01 -1.502014E+01 1.485000E+00
-9.412696E+00 -1.485570E+01 1.485000E+00
-8.745470E+00 -1.469125E+01 1.485000E+00
0 1 4
0 4 3
3 4 6
4 7 6
1 2 4
2 5 4
4 5 8
4 8 7
1911 15 0 
1911 15 0 
1911 15 0 
1919 4 0 
1919 4 0 
1919 4 0 
1919 7 0 
1919 7 0 
1919 7 0 
1915 5 0 
1915 5 0 
1915 5 0 
1924 4 0 
1924 4 0 
1924 4 0 
1923 5 0 
1923 5 0 
1923 5 0 
1912 15 0 
1912 15 0 
1912 15 0 
1920 4 0 
1920 4 0 
1920 4 0 
1920 7 0 
1920 7 0 
1920 7 0 
0 0 0
0 0 0
0 0 0
0 0 0
0 0 0
0 0 0
0 0 0
0 0 0
0 0 0
