2
1277 1278 1279 1280 1281 1283 1284 
9
8
-1.590009E+01 -1.968107E+01 0.000000E+00
-1.598993E+01 -1.915329E+01 0.000000E+00
-1.607978E+01 -1.862552E+01 0.000000E+00
-1.590009E+01 -1.968107E+01 7.425000E-01
-1.598993E+01 -1.915329E+01 7.425000E-01
-1.607978E+01 -1.862552E+01 7.425000E-01
-1.590009E+01 -1.968107E+01 1.485000E+00
-1.598993E+01 -1.915329E+01 1.485000E+00
-1.607978E+01 -1.862552E+01 1.485000E+00
0 1 4
0 4 3
3 4 6
4 7 6
1 2 4
2 5 4
4 5 8
4 8 7
1254 4 0 
1254 4 0 
1254 4 0 
1269 11 0 
1269 11 0 
1269 11 0 
1269 10 0 
1269 10 0 
1269 10 0 
1259 5 0 
1259 5 0 
1259 5 0 
1276 4 0 
1276 4 0 
1276 4 0 
1275 3 0 
1275 3 0 
1275 3 0 
1255 4 0 
1255 4 0 
1255 4 0 
1270 11 0 
1270 11 0 
1270 11 0 
1270 10 0 
1270 10 0 
1270 10 0 
0 0 0
0 0 0
0 0 0
0 0 0
0 0 0
0 0 0
0 0 0
0 0 0
0 0 0
