2
5455 5456 5457 5458 5460 5461 5462 5463 
6
4
1.499120E+01 2.599151E+00 0.000000E+00
1.475291E+01 3.246117E+00 0.000000E+00
1.499120E+01 2.599151E+00 7.425000E-01
1.475291E+01 3.246117E+00 7.425000E-01
1.499120E+01 2.599151E+00 1.485000E+00
1.475291E+01 3.246117E+00 1.485000E+00
0 1 3
0 3 2
2 3 5
2 5 4
5318 5 0 
5318 5 0 
5318 5 0 
5447 12 0 
5447 12 0 
5447 12 0 
5324 5 0 
5324 5 0 
5324 5 0 
5449 2 0 
5449 2 0 
5449 2 0 
5319 5 0 
5319 5 0 
5319 5 0 
5448 12 0 
5448 12 0 
5448 12 0 
0 0 0
0 0 0
0 0 0
0 0 0
0 0 0
0 0 0
