2
9520 9521 9522 9523 9524 9525 
9
8
-2.681228E+01 2.499887E+01 0.000000E+00
-2.654814E+01 2.448480E+01 0.000000E+00
-2.628401E+01 2.397072E+01 0.000000E+00
-2.681228E+01 2.499887E+01 7.425000E-01
-2.654814E+01 2.448480E+01 7.425000E-01
-2.628401E+01 2.397072E+01 7.425000E-01
-2.681228E+01 2.499887E+01 1.485000E+00
-2.654814E+01 2.448480E+01 1.485000E+00
-2.628401E+01 2.397072E+01 1.485000E+00
0 1 4
0 4 3
3 4 6
4 7 6
1 2 4
2 5 4
4 5 8
4 8 7
9512 4 0 
9512 4 0 
9512 4 0 
9512 14 0 
9512 14 0 
9512 14 0 
9489 3 0 
9489 3 0 
9489 3 0 
9516 5 0 
9516 5 0 
9516 5 0 
9516 4 0 
9516 4 0 
9516 4 0 
9494 5 0 
9494 5 0 
9494 5 0 
9513 4 0 
9513 4 0 
9513 4 0 
9513 14 0 
9513 14 0 
9513 14 0 
9490 3 0 
9490 3 0 
9490 3 0 
0 0 0
0 0 0
0 0 0
0 0 0
0 0 0
0 0 0
0 0 0
0 0 0
0 0 0
