1
6115 6116 6117 6118 6119 6120 
11
10
-2.716194E+01 5.267431E+00 0.000000E+00
-2.644603E+01 5.328681E+00 0.000000E+00
-2.718537E+01 5.785178E+00 0.000000E+00
-2.571473E+01 5.894892E+00 0.000000E+00
-2.604729E+01 6.292945E+00 0.000000E+00
-2.661633E+01 6.039061E+00 0.000000E+00
-2.663781E+01 4.595260E+00 0.000000E+00
-2.713851E+01 4.749685E+00 0.000000E+00
-2.575964E+01 4.968837E+00 0.000000E+00
-2.538218E+01 5.496839E+00 0.000000E+00
-2.613711E+01 4.440835E+00 0.000000E+00
2 1 0
5 4 3
7 1 6
0 1 7
1 3 8
8 3 9
2 5 1
5 3 1
8 10 1
10 6 1









6105 12 0 
6105 12 0 
6105 12 0 
6105 11 0 
6105 11 0 
6105 11 0 



5888 12 0 
5888 12 0 
5888 12 0 
5888 14 0 
5888 14 0 
5888 14 0 
5897 3 0 
5897 3 0 
5897 3 0 
5897 1 0 
5897 1 0 
5897 1 0 
5888 7 0 
5888 7 0 
5888 7 0 
1 1 1
1 1 1
1 1 1
1 1 1
1 1 1
1 1 1
1 1 1
1 1 1
1 1 1
1 1 1
1 1 1
