2
3677 3678 3680 3681 3682 3683 3684 
9
8
-2.736470E+01 -7.012502E+00 0.000000E+00
-2.686862E+01 -7.302049E+00 0.000000E+00
-2.637254E+01 -7.591596E+00 0.000000E+00
-2.736470E+01 -7.012502E+00 7.425000E-01
-2.686862E+01 -7.302049E+00 7.425000E-01
-2.637254E+01 -7.591596E+00 7.425000E-01
-2.736470E+01 -7.012502E+00 1.485000E+00
-2.686862E+01 -7.302049E+00 1.485000E+00
-2.637254E+01 -7.591596E+00 1.485000E+00
0 1 4
0 4 3
3 4 6
4 7 6
1 2 4
2 5 4
4 5 8
4 8 7
3677 5 0 
3677 5 0 
3677 5 0 
3677 3 0 
3677 3 0 
3677 3 0 
2957 4 0 
2957 4 0 
2957 4 0 






2963 3 0 
2963 3 0 
2963 3 0 
3678 5 0 
3678 5 0 
3678 5 0 
3678 3 0 
3678 3 0 
3678 3 0 
2958 4 0 
2958 4 0 
2958 4 0 
0 0 0
0 0 0
0 0 0
0 0 0
0 0 0
0 0 0
0 0 0
0 0 0
0 0 0
