2
8563 8564 8565 8566 8568 8569 8570 8571 
6
4
1.453136E+01 1.970085E+01 0.000000E+00
1.496778E+01 2.011350E+01 0.000000E+00
1.453136E+01 1.970085E+01 7.425000E-01
1.496778E+01 2.011350E+01 7.425000E-01
1.453136E+01 1.970085E+01 1.485000E+00
1.496778E+01 2.011350E+01 1.485000E+00
0 1 3
0 3 2
2 3 5
2 5 4
8414 1 0 
8414 1 0 
8414 1 0 
8421 9 0 
8421 9 0 
8421 9 0 
8418 5 0 
8418 5 0 
8418 5 0 
8427 5 0 
8427 5 0 
8427 5 0 
8415 1 0 
8415 1 0 
8415 1 0 
8422 9 0 
8422 9 0 
8422 9 0 
0 0 0
0 0 0
0 0 0
0 0 0
0 0 0
0 0 0
