2
6624 6625 6626 6627 6628 6630 
9
8
2.078202E-01 9.861402E+00 0.000000E+00
-3.410579E-01 9.614264E+00 0.000000E+00
-8.899359E-01 9.367126E+00 0.000000E+00
2.078202E-01 9.861402E+00 7.425000E-01
-3.410579E-01 9.614264E+00 7.425000E-01
-8.899359E-01 9.367126E+00 7.425000E-01
2.078202E-01 9.861402E+00 1.485000E+00
-3.410579E-01 9.614264E+00 1.485000E+00
-8.899359E-01 9.367126E+00 1.485000E+00
0 1 4
0 4 3
3 4 6
4 7 6
1 2 4
2 5 4
4 5 8
4 8 7
6614 14 0 
6614 14 0 
6614 14 0 
6624 2 0 
6624 2 0 
6624 2 0 
6624 4 0 
6624 4 0 
6624 4 0 
6622 3 0 
6622 3 0 
6622 3 0 






6615 14 0 
6615 14 0 
6615 14 0 
6625 2 0 
6625 2 0 
6625 2 0 
6625 4 0 
6625 4 0 
6625 4 0 
0 0 0
0 0 0
0 0 0
0 0 0
0 0 0
0 0 0
0 0 0
0 0 0
0 0 0
