2
8663 8664 8665 8666 8667 8669 8670 
9
8
2.659063E+01 2.218780E+01 0.000000E+00
2.610185E+01 2.243936E+01 0.000000E+00
2.561307E+01 2.269093E+01 0.000000E+00
2.659063E+01 2.218780E+01 7.425000E-01
2.610185E+01 2.243936E+01 7.425000E-01
2.561307E+01 2.269093E+01 7.425000E-01
2.659063E+01 2.218780E+01 1.485000E+00
2.610185E+01 2.243936E+01 1.485000E+00
2.561307E+01 2.269093E+01 1.485000E+00
0 1 4
0 4 3
3 4 6
4 7 6
1 2 4
2 5 4
4 5 8
4 8 7
8663 10 0 
8663 10 0 
8663 10 0 
8663 3 0 
8663 3 0 
8663 3 0 
8663 13 0 
8663 13 0 
8663 13 0 
8667 5 0 
8667 5 0 
8667 5 0 






8664 10 0 
8664 10 0 
8664 10 0 
8664 3 0 
8664 3 0 
8664 3 0 
8664 13 0 
8664 13 0 
8664 13 0 
0 0 0
0 0 0
0 0 0
0 0 0
0 0 0
0 0 0
0 0 0
0 0 0
0 0 0
