2
8776 8777 8778 8779 8780 8782 8783 
9
8
1.994017E+01 2.561258E+01 0.000000E+00
1.933319E+01 2.592827E+01 0.000000E+00
1.872621E+01 2.624396E+01 0.000000E+00
1.994017E+01 2.561258E+01 7.425000E-01
1.933319E+01 2.592827E+01 7.425000E-01
1.872621E+01 2.624396E+01 7.425000E-01
1.994017E+01 2.561258E+01 1.485000E+00
1.933319E+01 2.592827E+01 1.485000E+00
1.872621E+01 2.624396E+01 1.485000E+00
0 1 4
0 4 3
3 4 6
4 7 6
1 2 4
2 5 4
4 5 8
4 8 7
8768 10 0 
8768 10 0 
8768 10 0 
8776 5 0 
8776 5 0 
8776 5 0 
8776 7 0 
8776 7 0 
8776 7 0 
8774 3 0 
8774 3 0 
8774 3 0 






8769 10 0 
8769 10 0 
8769 10 0 
8777 5 0 
8777 5 0 
8777 5 0 
8777 7 0 
8777 7 0 
8777 7 0 
0 0 0
0 0 0
0 0 0
0 0 0
0 0 0
0 0 0
0 0 0
0 0 0
0 0 0
