0
4799 4801 4802 4803 4804 4805 4806 4807 
15
17
3.237137E+00 -1.087117E+00 1.485000E+00
3.770066E+00 -1.538982E+00 1.485000E+00
3.834284E+00 -8.003493E-01 1.485000E+00
2.523300E+00 -1.055357E+00 1.485000E+00
2.771833E+00 -1.558874E+00 1.485000E+00
3.885106E+00 -6.121138E-02 1.485000E+00
3.375581E+00 -3.698977E-01 1.485000E+00
4.346062E+00 -4.293885E-01 1.485000E+00
4.249101E+00 -1.281842E+00 1.485000E+00
2.907611E+00 1.174052E-01 1.485000E+00
2.831484E+00 -5.114918E-01 1.485000E+00
2.274768E+00 -5.518388E-01 1.485000E+00
3.424150E+00 3.069657E-01 1.485000E+00
2.391073E+00 -7.215538E-02 1.485000E+00
3.291031E+00 -1.796122E+00 1.485000E+00
0 1 2
0 3 4
5 6 2
7 5 2
8 2 1
6 9 10
6 10 0
3 10 11
6 12 9
10 9 13
12 6 5
8 7 2
0 14 1
0 4 14
10 13 11
6 0 2
10 3 0



4730 11 0 
4730 11 0 
4730 11 0 






4722 13 0 
4722 13 0 
4722 13 0 






4792 7 0 
4792 7 0 
4792 7 0 
4730 12 0 
4730 12 0 
4730 12 0 















4722 12 0 
4722 12 0 
4722 12 0 
0 0 0
0 0 0
0 0 0
0 0 0
0 0 0
0 0 0
0 0 0
0 0 0
0 0 0
0 0 0
0 0 0
0 0 0
0 0 0
0 0 0
0 0 0
