2
8349 8350 8351 8352 8353 8354 8355 
9
8
3.324821E-01 2.177158E+01 0.000000E+00
4.239032E-01 2.122345E+01 0.000000E+00
5.153242E-01 2.067533E+01 0.000000E+00
3.324821E-01 2.177158E+01 7.425000E-01
4.239032E-01 2.122345E+01 7.425000E-01
5.153242E-01 2.067533E+01 7.425000E-01
3.324821E-01 2.177158E+01 1.485000E+00
4.239032E-01 2.122345E+01 1.485000E+00
5.153242E-01 2.067533E+01 1.485000E+00
0 1 4
0 4 3
3 4 6
4 7 6
1 2 4
2 5 4
4 5 8
4 8 7
8341 11 0 
8341 11 0 
8341 11 0 
8341 6 0 
8341 6 0 
8341 6 0 
8109 2 0 
8109 2 0 
8109 2 0 
8345 5 0 
8345 5 0 
8345 5 0 
8345 4 0 
8345 4 0 
8345 4 0 
8114 3 0 
8114 3 0 
8114 3 0 
8342 11 0 
8342 11 0 
8342 11 0 
8342 6 0 
8342 6 0 
8342 6 0 
8110 2 0 
8110 2 0 
8110 2 0 
0 0 0
0 0 0
0 0 0
0 0 0
0 0 0
0 0 0
0 0 0
0 0 0
0 0 0
