2
8936 8937 8938 8940 8941 8942 8943 
6
4
-2.756024E+00 2.131579E+01 0.000000E+00
-2.049697E+00 2.164705E+01 0.000000E+00
-2.756024E+00 2.131579E+01 7.425000E-01
-2.049697E+00 2.164705E+01 7.425000E-01
-2.756024E+00 2.131579E+01 1.485000E+00
-2.049697E+00 2.164705E+01 1.485000E+00
0 1 3
0 3 2
2 3 5
2 5 4
8324 6 0 
8324 6 0 
8324 6 0 
8333 6 0 
8333 6 0 
8333 6 0 
8329 5 0 
8329 5 0 
8329 5 0 
8338 5 0 
8338 5 0 
8338 5 0 
8325 6 0 
8325 6 0 
8325 6 0 
8334 6 0 
8334 6 0 
8334 6 0 
0 0 0
0 0 0
0 0 0
0 0 0
0 0 0
0 0 0
