2
2901 2902 2903 2904 2906 2907 2908 2909 
6
4
-1.818206E+01 -1.097973E+01 0.000000E+00
-1.806710E+01 -1.023798E+01 0.000000E+00
-1.818206E+01 -1.097973E+01 7.425000E-01
-1.806710E+01 -1.023798E+01 7.425000E-01
-1.818206E+01 -1.097973E+01 1.485000E+00
-1.806710E+01 -1.023798E+01 1.485000E+00
0 1 3
0 3 2
2 3 5
2 5 4
2778 8 0 
2778 8 0 
2778 8 0 
2893 2 0 
2893 2 0 
2893 2 0 
2782 5 0 
2782 5 0 
2782 5 0 
2895 2 0 
2895 2 0 
2895 2 0 
2779 8 0 
2779 8 0 
2779 8 0 
2894 2 0 
2894 2 0 
2894 2 0 
0 0 0
0 0 0
0 0 0
0 0 0
0 0 0
0 0 0
