0
1420 1422 1423 1424 1425 1426 
12
13
-1.140930E+01 -1.982902E+01 1.485000E+00
-1.195480E+01 -1.949142E+01 1.485000E+00
-1.190988E+01 -2.014123E+01 1.485000E+00
-1.109199E+01 -1.837825E+01 1.485000E+00
-1.165863E+01 -1.835344E+01 1.485000E+00
-1.170027E+01 -1.885685E+01 1.485000E+00
-1.222527E+01 -1.832863E+01 1.485000E+00
-1.241277E+01 -1.901693E+01 1.485000E+00
-1.141455E+01 -1.931821E+01 1.485000E+00
-1.090872E+01 -1.951682E+01 1.485000E+00
-1.100035E+01 -1.894753E+01 1.485000E+00
-1.260027E+01 -1.970523E+01 1.485000E+00
0 1 2
3 4 5
5 6 7
0 8 1
0 9 8
10 5 8
4 6 5
11 1 7
2 1 11
1 5 7
10 8 9
5 1 8
5 10 3
1023 10 0 
1023 10 0 
1023 10 0 



1023 5 0 
1023 5 0 
1023 5 0 









1412 8 0 
1412 8 0 
1412 8 0 
1412 0 0 
1412 0 0 
1412 0 0 



1023 2 0 
1023 2 0 
1023 2 0 



1030 9 0 
1030 9 0 
1030 9 0 
0 0 0
0 0 0
0 0 0
0 0 0
0 0 0
0 0 0
0 0 0
0 0 0
0 0 0
0 0 0
0 0 0
0 0 0
