2
2778 2779 2780 2781 2783 2784 2785 
9
8
-1.719574E+01 -1.159403E+01 0.000000E+00
-1.768890E+01 -1.128688E+01 0.000000E+00
-1.818206E+01 -1.097973E+01 0.000000E+00
-1.719574E+01 -1.159403E+01 7.425000E-01
-1.768890E+01 -1.128688E+01 7.425000E-01
-1.818206E+01 -1.097973E+01 7.425000E-01
-1.719574E+01 -1.159403E+01 1.485000E+00
-1.768890E+01 -1.128688E+01 1.485000E+00
-1.818206E+01 -1.097973E+01 1.485000E+00
0 1 4
0 4 3
3 4 6
4 7 6
1 2 4
2 5 4
4 5 8
4 8 7
2778 6 0 
2778 6 0 
2778 6 0 
2778 10 0 
2778 10 0 
2778 10 0 
2778 8 0 
2778 8 0 
2778 8 0 
2781 5 0 
2781 5 0 
2781 5 0 






2779 6 0 
2779 6 0 
2779 6 0 
2779 10 0 
2779 10 0 
2779 10 0 
2779 8 0 
2779 8 0 
2779 8 0 
0 0 0
0 0 0
0 0 0
0 0 0
0 0 0
0 0 0
0 0 0
0 0 0
0 0 0
