0
3685 3687 3688 3689 3690 3691 
11
10
-2.736470E+01 -7.012502E+00 1.485000E+00
-2.776705E+01 -7.351746E+00 1.485000E+00
-2.736650E+01 -7.917169E+00 1.485000E+00
-2.816941E+01 -7.690989E+00 1.485000E+00
-2.647486E+01 -8.094571E+00 1.485000E+00
-2.686862E+01 -7.302049E+00 1.485000E+00
-2.796390E+01 -8.206912E+00 1.485000E+00
-2.716777E+01 -8.660191E+00 1.485000E+00
-2.775838E+01 -8.722834E+00 1.485000E+00
-2.657717E+01 -8.597547E+00 1.485000E+00
-2.637254E+01 -7.591596E+00 1.485000E+00
0 1 2
1 3 2
4 5 2
2 3 6
2 5 0
7 2 8
7 4 2
8 2 6
7 9 4
5 4 10
3678 5 0 
3678 5 0 
3678 5 0 






3318 8 -5.675002e+01 
3318 8 0 
3318 8 0 
2958 3 0 
2958 3 0 
2958 3 0 
3678 3 0 
3678 3 0 
3678 3 0 
3318 0 -5.675002e+01 
3318 0 0 
3318 0 0 
2949 1 0 
2949 1 0 
2949 1 0 
2949 3 0 
2949 3 0 
2949 3 0 
2949 0 0 
2949 0 0 
2949 0 0 
2958 4 0 
2958 4 0 
2958 4 0 
0 0 0
0 0 0
0 0 0
0 0 0
0 0 0
0 0 0
0 0 0
0 0 0
0 0 0
0 0 0
0 0 0
