2
5694 5695 5696 5697 5698 5700 5701 
9
8
6.868341E+00 6.562345E+00 0.000000E+00
6.345325E+00 6.654321E+00 0.000000E+00
5.822309E+00 6.746296E+00 0.000000E+00
6.868341E+00 6.562345E+00 7.425000E-01
6.345325E+00 6.654321E+00 7.425000E-01
5.822309E+00 6.746296E+00 7.425000E-01
6.868341E+00 6.562345E+00 1.485000E+00
6.345325E+00 6.654321E+00 1.485000E+00
5.822309E+00 6.746296E+00 1.485000E+00
0 1 4
0 4 3
3 4 6
4 7 6
1 2 4
2 5 4
4 5 8
4 8 7
5686 8 0 
5686 8 0 
5686 8 0 
5694 3 0 
5694 3 0 
5694 3 0 
5694 7 0 
5694 7 0 
5694 7 0 
5692 3 0 
5692 3 0 
5692 3 0 






5687 8 0 
5687 8 0 
5687 8 0 
5695 3 0 
5695 3 0 
5695 3 0 
5695 7 0 
5695 7 0 
5695 7 0 
0 0 0
0 0 0
0 0 0
0 0 0
0 0 0
0 0 0
0 0 0
0 0 0
0 0 0
