0
9284 9286 9287 9288 9289 9290 
11
10
9.298709E+00 2.697685E+01 1.485000E+00
1.022099E+01 2.678844E+01 1.485000E+00
9.756236E+00 2.722266E+01 1.485000E+00
1.048241E+01 2.585888E+01 1.485000E+00
9.779595E+00 2.617206E+01 1.485000E+00
9.709150E+00 2.540966E+01 1.485000E+00
1.068574E+01 2.635422E+01 1.485000E+00
9.139217E+00 2.545579E+01 1.485000E+00
8.990200E+00 2.609341E+01 1.485000E+00
8.841183E+00 2.673104E+01 1.485000E+00
1.027908E+01 2.536353E+01 1.485000E+00
0 1 2
3 4 5
4 6 1
4 3 6
5 4 7
4 0 8
0 4 1
8 7 4
8 0 9
10 3 5









8864 5 0 
8864 5 0 
8864 5 0 



8873 6 0 
8873 6 0 
8873 6 0 
8864 4 0 
8864 4 0 
8864 4 0 
8873 7 0 
8873 7 0 
8873 7 0 
9277 9 0 
9277 9 0 
9277 9 0 
9277 5 0 
9277 5 0 
9277 5 0 
8864 10 0 
8864 10 0 
8864 10 0 
0 0 0
0 0 0
0 0 0
0 0 0
0 0 0
0 0 0
0 0 0
0 0 0
0 0 0
0 0 0
0 0 0
