0
8 10 11 12 13 14 15 
14
15
-2.924507E+01 -2.728322E+01 1.485000E+00
-2.860318E+01 -2.758980E+01 1.485000E+00
-2.909622E+01 -2.681698E+01 1.485000E+00
-2.783812E+01 -2.765586E+01 1.485000E+00
-2.809708E+01 -2.715376E+01 1.485000E+00
-2.847927E+01 -2.673810E+01 1.485000E+00
-2.899042E+01 -2.811817E+01 1.485000E+00
-2.858693E+01 -2.848689E+01 1.485000E+00
-2.727568E+01 -2.742566E+01 1.485000E+00
-2.754289E+01 -2.819179E+01 1.485000E+00
-2.939391E+01 -2.774946E+01 1.485000E+00
-2.806491E+01 -2.833934E+01 1.485000E+00
-2.756900E+01 -2.704244E+01 1.485000E+00
-2.786231E+01 -2.665921E+01 1.485000E+00
0 1 2
1 3 4
4 5 1
6 7 1
8 3 9
10 6 1
7 11 1
12 4 3
1 11 3
3 11 9
10 1 0
1 5 2
8 12 3
13 5 4
4 12 13
























1 13 0 
1 13 0 
1 13 0 
1 7 0 
1 7 0 
1 7 0 












0 0 0
0 0 0
0 0 0
0 0 0
0 0 0
0 0 0
0 0 0
0 0 0
0 0 0
0 0 0
0 0 0
0 0 0
0 0 0
0 0 0
