2
3889 3890 3891 3893 3894 3895 3896 3897 
6
4
5.351202E+00 -8.282860E+00 0.000000E+00
5.972972E+00 -7.944808E+00 0.000000E+00
5.351202E+00 -8.282860E+00 7.425000E-01
5.972972E+00 -7.944808E+00 7.425000E-01
5.351202E+00 -8.282860E+00 1.485000E+00
5.972972E+00 -7.944808E+00 1.485000E+00
0 1 3
0 3 2
2 3 5
2 5 4
3437 14 0 
3437 14 0 
3437 14 0 
3437 13 0 
3437 13 0 
3437 13 0 
3444 3 0 
3444 3 0 
3444 3 0 
3443 5 0 
3443 5 0 
3443 5 0 
3438 14 0 
3438 14 0 
3438 14 0 
3438 13 0 
3438 13 0 
3438 13 0 
0 0 0
0 0 0
0 0 0
0 0 0
0 0 0
0 0 0
