2
7758 7759 7760 7761 7763 7764 
9
8
2.686303E+01 1.448993E+01 0.000000E+00
2.683749E+01 1.510927E+01 0.000000E+00
2.681195E+01 1.572861E+01 0.000000E+00
2.686303E+01 1.448993E+01 7.425000E-01
2.683749E+01 1.510927E+01 7.425000E-01
2.681195E+01 1.572861E+01 7.425000E-01
2.686303E+01 1.448993E+01 1.485000E+00
2.683749E+01 1.510927E+01 1.485000E+00
2.681195E+01 1.572861E+01 1.485000E+00
0 1 4
0 4 3
3 4 6
4 7 6
1 2 4
2 5 4
4 5 8
4 8 7
7750 8 0 
7750 8 0 
7750 8 0 
7758 2 0 
7758 2 0 
7758 2 0 
7758 7 0 
7758 7 0 
7758 7 0 
7755 5 0 
7755 5 0 
7755 5 0 






7751 8 0 
7751 8 0 
7751 8 0 
7759 2 0 
7759 2 0 
7759 2 0 
7759 7 0 
7759 7 0 
7759 7 0 
0 0 0
0 0 0
0 0 0
0 0 0
0 0 0
0 0 0
0 0 0
0 0 0
0 0 0
