0
7461 7463 7464 7465 7466 7467 
11
10
-2.753387E+01 1.828841E+01 1.485000E+00
-2.703279E+01 1.764001E+01 1.485000E+00
-2.672342E+01 1.800548E+01 1.485000E+00
-2.697985E+01 1.853293E+01 1.485000E+00
-2.790893E+01 1.748403E+01 1.485000E+00
-2.734216E+01 1.727454E+01 1.485000E+00
-2.723628E+01 1.906039E+01 1.485000E+00
-2.842633E+01 1.829045E+01 1.485000E+00
-2.847570E+01 1.769352E+01 1.485000E+00
-2.780662E+01 1.897388E+01 1.485000E+00
-2.837695E+01 1.888738E+01 1.485000E+00
0 1 2
2 3 0
1 4 5
0 3 6
4 7 8
7 0 9
7 9 10
4 0 7
4 1 0
0 6 9



7445 5 0 
7445 5 0 
7445 5 0 
7445 4 0 
7445 4 0 
7445 4 0 



7453 7 0 
7453 7 0 
7453 7 0 
7445 12 0 
7445 12 0 
7445 12 0 






7453 4 0 
7453 4 0 
7453 4 0 






0 0 0
0 0 0
0 0 0
0 0 0
0 0 0
0 0 0
0 0 0
0 0 0
0 0 0
0 0 0
0 0 0
