0
229 231 232 233 234 235 236 
14
16
1.477992E+01 -2.853685E+01 1.485000E+00
1.526838E+01 -2.811550E+01 1.485000E+00
1.483530E+01 -2.793074E+01 1.485000E+00
1.527764E+01 -2.880531E+01 1.485000E+00
1.516101E+01 -2.953555E+01 1.485000E+00
1.577646E+01 -2.918653E+01 1.485000E+00
1.427667E+01 -2.824846E+01 1.485000E+00
1.421511E+01 -2.889433E+01 1.485000E+00
1.468314E+01 -2.920555E+01 1.485000E+00
1.363213E+01 -2.924182E+01 1.485000E+00
1.408885E+01 -2.956319E+01 1.485000E+00
1.371805E+01 -2.856618E+01 1.485000E+00
1.570147E+01 -2.830026E+01 1.485000E+00
1.454556E+01 -2.988456E+01 1.485000E+00
0 1 2
3 4 5
1 0 3
6 0 2
7 8 0
9 10 7
9 7 11
3 5 12
11 7 6
10 8 7
7 0 6
8 4 3
10 13 8
1 3 12
0 8 3
8 13 4



























221 7 0 
221 7 0 
221 7 0 



221 8 0 
221 8 0 
221 8 0 






0 0 0
0 0 0
0 0 0
0 0 0
0 0 0
0 0 0
0 0 0
0 0 0
0 0 0
0 0 0
0 0 0
0 0 0
0 0 0
0 0 0
