1
6958 6959 6960 6961 6962 6963 6964 6965 
15
17
3.976798E+00 1.211859E+01 0.000000E+00
3.645491E+00 1.265701E+01 0.000000E+00
3.245995E+00 1.204146E+01 0.000000E+00
3.763896E+00 1.147365E+01 0.000000E+00
3.550995E+00 1.082871E+01 0.000000E+00
3.132244E+00 1.131235E+01 0.000000E+00
3.032356E+00 1.064165E+01 0.000000E+00
2.656538E+00 1.172425E+01 0.000000E+00
2.580488E+00 1.109582E+01 0.000000E+00
2.093249E+00 1.151769E+01 0.000000E+00
2.975890E+00 1.272021E+01 0.000000E+00
2.579596E+00 1.239868E+01 0.000000E+00
2.183303E+00 1.207715E+01 0.000000E+00
2.003195E+00 1.095823E+01 0.000000E+00
2.513718E+00 1.045459E+01 0.000000E+00
2 1 0
0 3 2
6 5 4
7 2 5
5 6 8
8 9 7
10 1 2
7 12 11
8 13 9
7 9 12
14 8 6
5 8 7
8 14 13
11 2 7
2 3 5
3 4 5
10 2 11












6605 6 0 
6605 6 0 
6605 6 0 



6605 3 0 
6605 3 0 
6605 3 0 






6950 8 0 
6950 8 0 
6950 8 0 






6950 2 0 
6950 2 0 
6950 2 0 
6614 7 0 
6614 7 0 
6614 7 0 
6605 4 0 
6605 4 0 
6605 4 0 
0 0 0
0 0 0
0 0 0
0 0 0
0 0 0
0 0 0
0 0 0
0 0 0
0 0 0
0 0 0
0 0 0
0 0 0
0 0 0
0 0 0
0 0 0
