1
1239 1240 1241 1242 1243 1244 1245 1246 
15
18
-1.891953E+01 -1.995537E+01 0.000000E+00
-1.880620E+01 -2.049885E+01 0.000000E+00
-1.822737E+01 -2.000170E+01 0.000000E+00
-1.942545E+01 -2.034212E+01 0.000000E+00
-1.794209E+01 -2.095470E+01 0.000000E+00
-1.831459E+01 -2.060503E+01 0.000000E+00
-1.865389E+01 -2.123294E+01 0.000000E+00
-1.934397E+01 -2.082499E+01 0.000000E+00
-1.774524E+01 -2.048813E+01 0.000000E+00
-1.754840E+01 -2.002157E+01 0.000000E+00
-1.792814E+01 -1.918994E+01 0.000000E+00
-1.855156E+01 -1.954802E+01 0.000000E+00
-1.916618E+01 -1.946112E+01 0.000000E+00
-1.950693E+01 -1.985926E+01 0.000000E+00
-1.882544E+01 -1.906298E+01 0.000000E+00
2 1 0
0 1 3
6 5 4
7 1 6
1 5 6
1 2 5
8 4 5
2 8 5
10 9 2
9 8 2
0 12 11
3 1 7
2 11 10
0 3 13
0 11 2
11 12 14
12 0 13
11 14 10









1231 7 0 
1231 7 0 
1231 7 0 
1062 12 0 
1062 12 0 
1062 12 0 



1062 11 0 
1062 11 0 
1062 11 0 
1070 7 0 
1070 7 0 
1070 7 0 















1231 10 0 
1231 10 0 
1231 10 0 



1 1 1
1 1 1
1 1 1
1 1 1
1 1 1
1 1 1
1 1 1
1 1 1
1 1 1
1 1 1
1 1 1
1 1 1
1 1 1
1 1 1
1 1 1
