5
24 25 27 28 29 30 
9
8
-2.545741E+01 -2.824416E+01 0.000000E+00
-2.494090E+01 -2.806637E+01 0.000000E+00
-2.442440E+01 -2.788858E+01 0.000000E+00
-2.545741E+01 -2.824416E+01 7.425000E-01
-2.494090E+01 -2.806637E+01 7.425000E-01
-2.442440E+01 -2.788858E+01 7.425000E-01
-2.545741E+01 -2.824416E+01 1.485000E+00
-2.494090E+01 -2.806637E+01 1.485000E+00
-2.442440E+01 -2.788858E+01 1.485000E+00
0 1 4
0 4 3
3 4 6
4 7 6
1 2 4
2 5 4
4 5 8
4 8 7
0 5 0 
0 5 0 
0 5 0 
24 4 0 
24 4 0 
24 4 0 
24 10 0 
24 10 0 
24 10 0 
3 3 0 
3 3 0 
3 3 0 






1 5 0 
1 5 0 
1 5 0 
25 4 0 
25 4 0 
25 4 0 
25 10 0 
25 10 0 
25 10 0 
0 0 0
0 0 0
0 0 0
0 0 0
0 0 0
0 0 0
0 0 0
0 0 0
0 0 0
