2
39 40 41 42 44 45 46 
9
8
-2.114733E+01 -2.818514E+01 0.000000E+00
-2.114708E+01 -2.765226E+01 0.000000E+00
-2.114684E+01 -2.711937E+01 0.000000E+00
-2.114733E+01 -2.818514E+01 7.425000E-01
-2.114708E+01 -2.765226E+01 7.425000E-01
-2.114684E+01 -2.711937E+01 7.425000E-01
-2.114733E+01 -2.818514E+01 1.485000E+00
-2.114708E+01 -2.765226E+01 1.485000E+00
-2.114684E+01 -2.711937E+01 1.485000E+00
0 1 4
0 4 3
3 4 6
4 7 6
1 2 4
2 5 4
4 5 8
4 8 7
39 4 0 
39 4 0 
39 4 0 
39 5 0 
39 5 0 
39 5 0 
39 13 0 
39 13 0 
39 13 0 
42 3 0 
42 3 0 
42 3 0 






40 4 0 
40 4 0 
40 4 0 
40 5 0 
40 5 0 
40 5 0 
40 13 0 
40 13 0 
40 13 0 
0 0 0
0 0 0
0 0 0
0 0 0
0 0 0
0 0 0
0 0 0
0 0 0
0 0 0
