2
2243 2244 2245 2246 2247 2249 2250 
6
4
1.865973E+01 -1.568463E+01 0.000000E+00
1.778773E+01 -1.564945E+01 0.000000E+00
1.865973E+01 -1.568463E+01 7.425000E-01
1.778773E+01 -1.564945E+01 7.425000E-01
1.865973E+01 -1.568463E+01 1.485000E+00
1.778773E+01 -1.564945E+01 1.485000E+00
0 1 3
0 3 2
2 3 5
2 5 4
2236 6 0 
2236 6 0 
2236 6 0 
2243 12 0 
2243 12 0 
2243 12 0 
2241 5 0 
2241 5 0 
2241 5 0 



2237 6 0 
2237 6 0 
2237 6 0 
2244 12 0 
2244 12 0 
2244 12 0 
0 0 0
0 0 0
0 0 0
0 0 0
0 0 0
0 0 0
