2
7380 7381 7382 7383 7384 7385 7386 7388 
6
4
-2.268460E+01 1.707754E+01 0.000000E+00
-2.305542E+01 1.644340E+01 0.000000E+00
-2.268460E+01 1.707754E+01 7.425000E-01
-2.305542E+01 1.644340E+01 7.425000E-01
-2.268460E+01 1.707754E+01 1.485000E+00
-2.305542E+01 1.644340E+01 1.485000E+00
0 1 3
0 3 2
2 3 5
2 5 4
7380 15 0 
7380 15 0 
7380 15 0 
7380 12 0 
7380 12 0 
7380 12 0 
7386 3 0 
7386 3 0 
7386 3 0 



7381 15 0 
7381 15 0 
7381 15 0 
7381 12 0 
7381 12 0 
7381 12 0 
0 0 0
0 0 0
0 0 0
0 0 0
0 0 0
0 0 0
