2
5842 5843 5845 5846 5847 5848 5849 
6
4
-2.356358E+01 2.644599E+00 0.000000E+00
-2.295765E+01 2.150015E+00 0.000000E+00
-2.356358E+01 2.644599E+00 7.425000E-01
-2.295765E+01 2.150015E+00 7.425000E-01
-2.356358E+01 2.644599E+00 1.485000E+00
-2.295765E+01 2.150015E+00 1.485000E+00
0 1 3
0 3 2
2 3 5
2 5 4
5842 11 0 
5842 11 0 
5842 11 0 
5006 5 0 
5006 5 0 
5006 5 0 



5012 5 0 
5012 5 0 
5012 5 0 
5843 11 0 
5843 11 0 
5843 11 0 
5007 5 0 
5007 5 0 
5007 5 0 
0 0 0
0 0 0
0 0 0
0 0 0
0 0 0
0 0 0
