2
8246 8247 8249 8250 8251 8252 
9
8
-1.794452E+01 1.921377E+01 0.000000E+00
-1.749660E+01 1.893926E+01 0.000000E+00
-1.704868E+01 1.866476E+01 0.000000E+00
-1.794452E+01 1.921377E+01 7.425000E-01
-1.749660E+01 1.893926E+01 7.425000E-01
-1.704868E+01 1.866476E+01 7.425000E-01
-1.794452E+01 1.921377E+01 1.485000E+00
-1.749660E+01 1.893926E+01 1.485000E+00
-1.704868E+01 1.866476E+01 1.485000E+00
0 1 4
0 4 3
3 4 6
4 7 6
1 2 4
2 5 4
4 5 8
4 8 7
8213 2 0 
8213 2 0 
8213 2 0 
8213 1 0 
8213 1 0 
8213 1 0 
8213 4 0 
8213 4 0 
8213 4 0 
8218 5 0 
8218 5 0 
8218 5 0 
8218 4 0 
8218 4 0 
8218 4 0 
8217 3 0 
8217 3 0 
8217 3 0 
8214 2 0 
8214 2 0 
8214 2 0 
8214 1 0 
8214 1 0 
8214 1 0 
8214 4 0 
8214 4 0 
8214 4 0 
0 0 0
0 0 0
0 0 0
0 0 0
0 0 0
0 0 0
0 0 0
0 0 0
0 0 0
