2
5503 5504 5505 5506 5507 5508 5509 
9
8
3.959368E+00 2.940478E+00 0.000000E+00
4.338685E+00 2.590087E+00 0.000000E+00
4.718002E+00 2.239696E+00 0.000000E+00
3.959368E+00 2.940478E+00 7.425000E-01
4.338685E+00 2.590087E+00 7.425000E-01
4.718002E+00 2.239696E+00 7.425000E-01
3.959368E+00 2.940478E+00 1.485000E+00
4.338685E+00 2.590087E+00 1.485000E+00
4.718002E+00 2.239696E+00 1.485000E+00
0 1 4
0 4 3
3 4 6
4 7 6
1 2 4
2 5 4
4 5 8
4 8 7
5503 7 0 
5503 7 0 
5503 7 0 
5503 5 0 
5503 5 0 
5503 5 0 
5142 12 0 
5142 12 0 
5142 12 0 
5509 5 0 
5509 5 0 
5509 5 0 



5147 5 0 
5147 5 0 
5147 5 0 
5504 7 0 
5504 7 0 
5504 7 0 
5504 5 0 
5504 5 0 
5504 5 0 
5143 12 0 
5143 12 0 
5143 12 0 
0 0 0
0 0 0
0 0 0
0 0 0
0 0 0
0 0 0
0 0 0
0 0 0
0 0 0
