2
3220 3221 3222 3223 3224 3226 3227 
6
4
1.410692E+01 -1.104146E+01 0.000000E+00
1.416844E+01 -1.045191E+01 0.000000E+00
1.410692E+01 -1.104146E+01 7.425000E-01
1.416844E+01 -1.045191E+01 7.425000E-01
1.410692E+01 -1.104146E+01 1.485000E+00
1.416844E+01 -1.045191E+01 1.485000E+00
0 1 3
0 3 2
2 3 5
2 5 4
3204 7 0 
3204 7 0 
3204 7 0 
3211 7 0 
3211 7 0 
3211 7 0 
3208 5 0 
3208 5 0 
3208 5 0 
3217 5 0 
3217 5 0 
3217 5 0 
3205 7 0 
3205 7 0 
3205 7 0 
3212 7 0 
3212 7 0 
3212 7 0 
0 0 0
0 0 0
0 0 0
0 0 0
0 0 0
0 0 0
