1
8206 8207 8208 8209 8210 8211 8212 
12
13
-1.631606E+01 1.771355E+01 0.000000E+00
-1.691929E+01 1.780767E+01 0.000000E+00
-1.677067E+01 1.701498E+01 0.000000E+00
-1.753089E+01 1.721455E+01 0.000000E+00
-1.602288E+01 1.709542E+01 0.000000E+00
-1.537142E+01 1.691459E+01 0.000000E+00
-1.571283E+01 1.761942E+01 0.000000E+00
-1.671550E+01 1.621260E+01 0.000000E+00
-1.629219E+01 1.659084E+01 0.000000E+00
-1.732059E+01 1.637773E+01 0.000000E+00
-1.611041E+01 1.604748E+01 0.000000E+00
-1.574091E+01 1.648103E+01 0.000000E+00
2 1 0
2 3 1
6 5 4
8 7 2
4 2 0
2 9 3
10 7 8
7 9 2
11 10 8
4 0 6
11 8 4
8 2 4
5 11 4









7509 12 0 
7509 12 0 
7509 12 0 



7525 5 0 
7525 5 0 
7525 5 0 
8197 1 0 
8197 1 0 
8197 1 0 
7517 3 0 
7517 3 0 
7517 3 0 



7509 8 0 
7509 8 0 
7509 8 0 
7517 11 0 
7517 11 0 
7517 11 0 
7525 6 0 
7525 6 0 
7525 6 0 
1 1 1
1 1 1
1 1 1
1 1 1
1 1 1
1 1 1
1 1 1
1 1 1
1 1 1
1 1 1
1 1 1
1 1 1
