0
911 913 914 915 916 917 
13
14
-2.333185E+01 -2.451476E+01 1.485000E+00
-2.312620E+01 -2.505546E+01 1.485000E+00
-2.276832E+01 -2.470075E+01 1.485000E+00
-2.237313E+01 -2.389954E+01 1.485000E+00
-2.270730E+01 -2.360476E+01 1.485000E+00
-2.271569E+01 -2.422344E+01 1.485000E+00
-2.221042E+01 -2.465926E+01 1.485000E+00
-2.238188E+01 -2.512421E+01 1.485000E+00
-2.203895E+01 -2.419432E+01 1.485000E+00
-2.332434E+01 -2.386962E+01 1.485000E+00
-2.394137E+01 -2.413449E+01 1.485000E+00
-2.275404E+01 -2.508983E+01 1.485000E+00
-2.387052E+01 -2.498671E+01 1.485000E+00
0 1 2
3 4 5
6 2 7
6 8 5
4 9 5
5 2 6
10 0 9
5 0 2
0 5 9
2 11 7
2 1 11
1 0 12
0 10 12
8 3 5



870 1 0 
870 1 0 
870 1 0 















870 5 0 
870 5 0 
870 5 0 






903 12 0 
903 12 0 
903 12 0 
870 0 0 
870 0 0 
870 0 0 
870 13 0 
870 13 0 
870 13 0 
0 0 0
0 0 0
0 0 0
0 0 0
0 0 0
0 0 0
0 0 0
0 0 0
0 0 0
0 0 0
0 0 0
0 0 0
0 0 0
