2
9411 9412 9413 9414 9415 9417 9418 
9
8
-1.095266E+01 2.557026E+01 0.000000E+00
-1.153247E+01 2.565425E+01 0.000000E+00
-1.211229E+01 2.573824E+01 0.000000E+00
-1.095266E+01 2.557026E+01 7.425000E-01
-1.153247E+01 2.565425E+01 7.425000E-01
-1.211229E+01 2.573824E+01 7.425000E-01
-1.095266E+01 2.557026E+01 1.485000E+00
-1.153247E+01 2.565425E+01 1.485000E+00
-1.211229E+01 2.573824E+01 1.485000E+00
0 1 4
0 4 3
3 4 6
4 7 6
1 2 4
2 5 4
4 5 8
4 8 7
9403 6 0 
9403 6 0 
9403 6 0 
9411 8 0 
9411 8 0 
9411 8 0 
9411 11 0 
9411 11 0 
9411 11 0 
9405 2 0 
9405 2 0 
9405 2 0 






9404 6 0 
9404 6 0 
9404 6 0 
9412 8 0 
9412 8 0 
9412 8 0 
9412 11 0 
9412 11 0 
9412 11 0 
0 0 0
0 0 0
0 0 0
0 0 0
0 0 0
0 0 0
0 0 0
0 0 0
0 0 0
