2
1926 1927 1928 1929 1930 1931 1933 
9
8
-7.211581E+00 -1.557987E+01 0.000000E+00
-7.722161E+00 -1.555744E+01 0.000000E+00
-8.232741E+00 -1.553501E+01 0.000000E+00
-7.211581E+00 -1.557987E+01 7.425000E-01
-7.722161E+00 -1.555744E+01 7.425000E-01
-8.232741E+00 -1.553501E+01 7.425000E-01
-7.211581E+00 -1.557987E+01 1.485000E+00
-7.722161E+00 -1.555744E+01 1.485000E+00
-8.232741E+00 -1.553501E+01 1.485000E+00
0 1 4
0 4 3
3 4 6
4 7 6
1 2 4
2 5 4
4 5 8
4 8 7
1926 14 0 
1926 14 0 
1926 14 0 
1926 5 0 
1926 5 0 
1926 5 0 
1919 9 0 
1919 9 0 
1919 9 0 
1931 5 0 
1931 5 0 
1931 5 0 



1922 5 0 
1922 5 0 
1922 5 0 
1927 14 0 
1927 14 0 
1927 14 0 
1927 5 0 
1927 5 0 
1927 5 0 
1920 9 0 
1920 9 0 
1920 9 0 
0 0 0
0 0 0
0 0 0
0 0 0
0 0 0
0 0 0
0 0 0
0 0 0
0 0 0
