2
3038 3039 3041 3042 3043 3044 3045 3046 
9
8
-9.983366E+00 -9.967638E+00 0.000000E+00
-9.441273E+00 -1.026136E+01 0.000000E+00
-8.899181E+00 -1.055508E+01 0.000000E+00
-9.983366E+00 -9.967638E+00 7.425000E-01
-9.441273E+00 -1.026136E+01 7.425000E-01
-8.899181E+00 -1.055508E+01 7.425000E-01
-9.983366E+00 -9.967638E+00 1.485000E+00
-9.441273E+00 -1.026136E+01 1.485000E+00
-8.899181E+00 -1.055508E+01 1.485000E+00
0 1 4
0 4 3
3 4 6
4 7 6
1 2 4
2 5 4
4 5 8
4 8 7
2854 5 0 
2854 5 0 
2854 5 0 
2854 3 0 
2854 3 0 
2854 3 0 
2846 11 0 
2846 11 0 
2846 11 0 
2859 5 0 
2859 5 0 
2859 5 0 
2859 4 0 
2859 4 0 
2859 4 0 
2852 3 0 
2852 3 0 
2852 3 0 
2855 5 0 
2855 5 0 
2855 5 0 
2855 3 0 
2855 3 0 
2855 3 0 
2847 11 0 
2847 11 0 
2847 11 0 
0 0 0
0 0 0
0 0 0
0 0 0
0 0 0
0 0 0
0 0 0
0 0 0
0 0 0
