2
6393 6394 6396 6397 6398 6399 6400 
6
4
9.501769E+00 7.893960E+00 0.000000E+00
1.037090E+01 7.617636E+00 0.000000E+00
9.501769E+00 7.893960E+00 7.425000E-01
1.037090E+01 7.617636E+00 7.425000E-01
9.501769E+00 7.893960E+00 1.485000E+00
1.037090E+01 7.617636E+00 1.485000E+00
0 1 3
0 3 2
2 3 5
2 5 4
5677 3 0 
5677 3 0 
5677 3 0 
5677 4 0 
5677 4 0 
5677 4 0 
5682 3 0 
5682 3 0 
5682 3 0 
5681 5 0 
5681 5 0 
5681 5 0 
5678 3 0 
5678 3 0 
5678 3 0 
5678 4 0 
5678 4 0 
5678 4 0 
0 0 0
0 0 0
0 0 0
0 0 0
0 0 0
0 0 0
