2
5928 5929 5930 5931 5932 5934 5935 5936 
6
4
-1.908973E+01 5.100400E+00 0.000000E+00
-1.965383E+01 5.776665E+00 0.000000E+00
-1.908973E+01 5.100400E+00 7.425000E-01
-1.965383E+01 5.776665E+00 7.425000E-01
-1.908973E+01 5.100400E+00 1.485000E+00
-1.965383E+01 5.776665E+00 1.485000E+00
0 1 3
0 3 2
2 3 5
2 5 4
5928 10 0 
5928 10 0 
5928 10 0 
5928 14 0 
5928 14 0 
5928 14 0 
5932 5 0 
5932 5 0 
5932 5 0 



5929 10 0 
5929 10 0 
5929 10 0 
5929 14 0 
5929 14 0 
5929 14 0 
0 0 0
0 0 0
0 0 0
0 0 0
0 0 0
0 0 0
