2
2876 2877 2878 2879 2880 2882 2883 
9
8
-1.288804E+01 -1.166482E+01 0.000000E+00
-1.311166E+01 -1.110497E+01 0.000000E+00
-1.333528E+01 -1.054511E+01 0.000000E+00
-1.288804E+01 -1.166482E+01 7.425000E-01
-1.311166E+01 -1.110497E+01 7.425000E-01
-1.333528E+01 -1.054511E+01 7.425000E-01
-1.288804E+01 -1.166482E+01 1.485000E+00
-1.311166E+01 -1.110497E+01 1.485000E+00
-1.333528E+01 -1.054511E+01 1.485000E+00
0 1 4
0 4 3
3 4 6
4 7 6
1 2 4
2 5 4
4 5 8
4 8 7
2808 7 0 
2808 7 0 
2808 7 0 
2869 9 0 
2869 9 0 
2869 9 0 
2869 8 0 
2869 8 0 
2869 8 0 
2813 3 0 
2813 3 0 
2813 3 0 
2875 4 0 
2875 4 0 
2875 4 0 
2874 5 0 
2874 5 0 
2874 5 0 
2809 7 0 
2809 7 0 
2809 7 0 
2870 9 0 
2870 9 0 
2870 9 0 
2870 8 0 
2870 8 0 
2870 8 0 
0 0 0
0 0 0
0 0 0
0 0 0
0 0 0
0 0 0
0 0 0
0 0 0
0 0 0
