2
8373 8374 8375 8376 8377 8378 8380 8381 
9
8
7.022328E+00 2.188070E+01 0.000000E+00
6.384304E+00 2.195683E+01 0.000000E+00
5.746280E+00 2.203295E+01 0.000000E+00
7.022328E+00 2.188070E+01 7.425000E-01
6.384304E+00 2.195683E+01 7.425000E-01
5.746280E+00 2.203295E+01 7.425000E-01
7.022328E+00 2.188070E+01 1.485000E+00
6.384304E+00 2.195683E+01 1.485000E+00
5.746280E+00 2.203295E+01 1.485000E+00
0 1 4
0 4 3
3 4 6
4 7 6
1 2 4
2 5 4
4 5 8
4 8 7
8373 10 0 
8373 10 0 
8373 10 0 
8373 13 0 
8373 13 0 
8373 13 0 
8373 12 0 
8373 12 0 
8373 12 0 
8378 3 0 
8378 3 0 
8378 3 0 






8374 10 0 
8374 10 0 
8374 10 0 
8374 13 0 
8374 13 0 
8374 13 0 
8374 12 0 
8374 12 0 
8374 12 0 
0 0 0
0 0 0
0 0 0
0 0 0
0 0 0
0 0 0
0 0 0
0 0 0
0 0 0
