2
1991 1992 1993 1994 1996 1997 
9
8
5.696015E+00 -1.797062E+01 0.000000E+00
5.600740E+00 -1.733048E+01 0.000000E+00
5.505465E+00 -1.669034E+01 0.000000E+00
5.696015E+00 -1.797062E+01 7.425000E-01
5.600740E+00 -1.733048E+01 7.425000E-01
5.505465E+00 -1.669034E+01 7.425000E-01
5.696015E+00 -1.797062E+01 1.485000E+00
5.600740E+00 -1.733048E+01 1.485000E+00
5.505465E+00 -1.669034E+01 1.485000E+00
0 1 4
0 4 3
3 4 6
4 7 6
1 2 4
2 5 4
4 5 8
4 8 7
1767 10 0 
1767 10 0 
1767 10 0 
1991 8 0 
1991 8 0 
1991 8 0 
1991 9 0 
1991 9 0 
1991 9 0 
1772 3 0 
1772 3 0 
1772 3 0 






1768 10 0 
1768 10 0 
1768 10 0 
1992 8 0 
1992 8 0 
1992 8 0 
1992 9 0 
1992 9 0 
1992 9 0 
0 0 0
0 0 0
0 0 0
0 0 0
0 0 0
0 0 0
0 0 0
0 0 0
0 0 0
