2
8140 8141 8142 8143 8144 8145 8146 
9
8
-6.002141E+00 1.981921E+01 0.000000E+00
-5.711703E+00 1.921669E+01 0.000000E+00
-5.421264E+00 1.861417E+01 0.000000E+00
-6.002141E+00 1.981921E+01 7.425000E-01
-5.711703E+00 1.921669E+01 7.425000E-01
-5.421264E+00 1.861417E+01 7.425000E-01
-6.002141E+00 1.981921E+01 1.485000E+00
-5.711703E+00 1.921669E+01 1.485000E+00
-5.421264E+00 1.861417E+01 1.485000E+00
0 1 4
0 4 3
3 4 6
4 7 6
1 2 4
2 5 4
4 5 8
4 8 7
8140 6 0 
8140 6 0 
8140 6 0 
8140 5 0 
8140 5 0 
8140 5 0 
7966 1 0 
7966 1 0 
7966 1 0 
8146 3 0 
8146 3 0 
8146 3 0 



7972 3 0 
7972 3 0 
7972 3 0 
8141 6 0 
8141 6 0 
8141 6 0 
8141 5 0 
8141 5 0 
8141 5 0 
7967 1 0 
7967 1 0 
7967 1 0 
0 0 0
0 0 0
0 0 0
0 0 0
0 0 0
0 0 0
0 0 0
0 0 0
0 0 0
