2
6276 6277 6278 6280 6281 6282 6283 6284 6285 
6
4
-8.960536E+00 7.416465E+00 0.000000E+00
-8.544331E+00 7.504103E+00 0.000000E+00
-8.960536E+00 7.416465E+00 7.425000E-01
-8.544331E+00 7.504103E+00 7.425000E-01
-8.960536E+00 7.416465E+00 1.485000E+00
-8.544331E+00 7.504103E+00 1.485000E+00
0 1 3
0 3 2
2 3 5
2 5 4
6022 8 0 
6022 8 0 
6022 8 0 
6022 10 0 
6022 10 0 
6022 10 0 
6028 3 0 
6028 3 0 
6028 3 0 
6027 5 0 
6027 5 0 
6027 5 0 
6023 8 0 
6023 8 0 
6023 8 0 
6023 10 0 
6023 10 0 
6023 10 0 
0 0 0
0 0 0
0 0 0
0 0 0
0 0 0
0 0 0
