1
7718 7719 7720 7721 7722 7723 7724 
14
16
2.040235E+01 1.534349E+01 0.000000E+00
1.996044E+01 1.558628E+01 0.000000E+00
2.004378E+01 1.506048E+01 0.000000E+00
2.092434E+01 1.539303E+01 0.000000E+00
2.154733E+01 1.512845E+01 0.000000E+00
2.149496E+01 1.582492E+01 0.000000E+00
2.144259E+01 1.652139E+01 0.000000E+00
2.072624E+01 1.684811E+01 0.000000E+00
2.090180E+01 1.614216E+01 0.000000E+00
2.042818E+01 1.584565E+01 0.000000E+00
1.987710E+01 1.611208E+01 0.000000E+00
2.050386E+01 1.486820E+01 0.000000E+00
2.096394E+01 1.467591E+01 0.000000E+00
2.030167E+01 1.648009E+01 0.000000E+00
2 1 0
5 4 3
8 7 6
1 10 9
3 12 11
10 13 9
13 7 8
3 0 9
11 2 0
8 9 13
9 0 1
8 3 9
3 4 12
3 11 0
8 6 5
8 5 3



7709 1 0 
7709 1 0 
7709 1 0 
7148 2 0 
7148 2 0 
7148 2 0 





















7709 10 0 
7709 10 0 
7709 10 0 
7148 8 0 
7148 8 0 
7148 8 0 
7148 11 0 
7148 11 0 
7148 11 0 



1 1 1
1 1 1
1 1 1
1 1 1
1 1 1
1 1 1
1 1 1
1 1 1
1 1 1
1 1 1
1 1 1
1 1 1
1 1 1
1 1 1
