0
9646 9648 9649 9650 9651 9652 9653 
14
16
-1.113042E+01 2.793479E+01 1.485000E+00
-1.103717E+01 2.849970E+01 1.485000E+00
-1.170117E+01 2.834442E+01 1.485000E+00
-1.232787E+01 2.864660E+01 1.485000E+00
-1.229707E+01 2.806414E+01 1.485000E+00
-1.230189E+01 2.749648E+01 1.485000E+00
-1.286604E+01 2.779478E+01 1.485000E+00
-1.288318E+01 2.727357E+01 1.485000E+00
-1.122368E+01 2.736988E+01 1.485000E+00
-1.174701E+01 2.774726E+01 1.485000E+00
-1.180684E+01 2.897721E+01 1.485000E+00
-1.284890E+01 2.831599E+01 1.485000E+00
-1.226932E+01 2.688946E+01 1.485000E+00
-1.174650E+01 2.712967E+01 1.485000E+00
0 1 2
2 3 4
5 6 7
8 0 9
9 2 4
2 10 3
5 4 6
4 11 6
0 2 9
3 11 4
5 9 4
1 10 2
12 5 7
12 13 5
13 9 5
13 8 9
9623 9 0 
9623 9 0 
9623 9 0 
104 6 0 
104 6 5.675002e+01 
104 6 0 



96 4 0 
96 4 5.675002e+01 
96 4 0 






80 8 0 
80 8 5.675002e+01 
80 8 0 
80 9 0 
80 9 5.675002e+01 
80 9 0 
9616 7 0 
9616 7 0 
9616 7 0 



96 6 0 
96 6 5.675002e+01 
96 6 0 
80 12 0 
80 12 5.675002e+01 
80 12 0 
9607 9 0 
9607 9 0 
9607 9 0 
9616 3 0 
9616 3 0 
9616 3 0 
0 0 0
0 0 0
0 0 0
0 0 0
0 0 0
0 0 0
0 0 0
0 0 0
0 0 0
0 0 0
0 0 0
0 0 0
0 0 0
0 0 0
