2
9050 9051 9052 9053 9054 9055 9057 
6
4
-2.487710E+01 2.047865E+01 0.000000E+00
-2.546600E+01 2.030597E+01 0.000000E+00
-2.487710E+01 2.047865E+01 7.425000E-01
-2.546600E+01 2.030597E+01 7.425000E-01
-2.487710E+01 2.047865E+01 1.485000E+00
-2.546600E+01 2.030597E+01 1.485000E+00
0 1 3
0 3 2
2 3 5
2 5 4
9050 9 0 
9050 9 0 
9050 9 0 
9050 10 0 
9050 10 0 
9050 10 0 
9055 5 0 
9055 5 0 
9055 5 0 



9051 9 0 
9051 9 0 
9051 9 0 
9051 10 0 
9051 10 0 
9051 10 0 
0 0 0
0 0 0
0 0 0
0 0 0
0 0 0
0 0 0
