1
9300 9301 9302 9303 9304 
9
8
1.287108E+01 2.719299E+01 0.000000E+00
1.228076E+01 2.743880E+01 0.000000E+00
1.260141E+01 2.657920E+01 0.000000E+00
1.169044E+01 2.768460E+01 0.000000E+00
1.143219E+01 2.709294E+01 0.000000E+00
1.195562E+01 2.668651E+01 0.000000E+00
1.233175E+01 2.596540E+01 0.000000E+00
1.175285E+01 2.623334E+01 0.000000E+00
1.117395E+01 2.650129E+01 0.000000E+00
2 1 0
4 3 1
5 4 1
7 5 6
8 4 5
7 8 5
1 2 5
5 2 6
220 12 0 
220 12 5.675002e+01 
220 12 0 
220 11 0 
220 11 5.675002e+01 
220 11 0 
8854 3 0 
8854 3 0 
8854 3 0 
220 6 0 
220 6 5.675002e+01 
220 6 0 
9291 1 0 
9291 1 0 
9291 1 0 



8854 8 0 
8854 8 0 
8854 8 0 
8863 15 0 
8863 15 0 
8863 15 0 
8863 14 0 
8863 14 0 
8863 14 0 
1 1 1
1 1 1
1 1 1
1 1 1
1 1 1
1 1 1
1 1 1
1 1 1
1 1 1
