1
8573 8574 8575 8576 8577 8578 8579 
13
14
1.267873E+01 2.133202E+01 0.000000E+00
1.339565E+01 2.162338E+01 0.000000E+00
1.283325E+01 2.215707E+01 0.000000E+00
1.221353E+01 2.167541E+01 0.000000E+00
1.322012E+01 2.116922E+01 0.000000E+00
1.304459E+01 2.071505E+01 0.000000E+00
1.192511E+01 2.109195E+01 0.000000E+00
1.225351E+01 2.067776E+01 0.000000E+00
1.175102E+01 2.246879E+01 0.000000E+00
1.167386E+01 2.198747E+01 0.000000E+00
1.220491E+01 2.216686E+01 0.000000E+00
1.227085E+01 2.269076E+01 0.000000E+00
1.159670E+01 2.150615E+01 0.000000E+00
2 1 0
2 0 3
1 4 0
0 4 5
7 6 0
10 9 8
2 10 11
12 3 6
2 3 10
3 9 10
3 0 6
0 5 7
12 9 3
8 11 10



8563 4 0 
8563 4 0 
8563 4 0 






8563 3 0 
8563 3 0 
8563 3 0 
8406 2 0 
8406 2 0 
8406 2 0 
8399 9 0 
8399 9 0 
8399 9 0 
8399 3 0 
8399 3 0 
8399 3 0 












8399 5 0 
8399 5 0 
8399 5 0 
1 1 1
1 1 1
1 1 1
1 1 1
1 1 1
1 1 1
1 1 1
1 1 1
1 1 1
1 1 1
1 1 1
1 1 1
1 1 1
