2
245 246 247 248 249 250 251 252 
9
8
1.765380E+01 -2.799673E+01 0.000000E+00
1.769774E+01 -2.847619E+01 0.000000E+00
1.774168E+01 -2.895564E+01 0.000000E+00
1.765380E+01 -2.799673E+01 7.425000E-01
1.769774E+01 -2.847619E+01 7.425000E-01
1.774168E+01 -2.895564E+01 7.425000E-01
1.765380E+01 -2.799673E+01 1.485000E+00
1.769774E+01 -2.847619E+01 1.485000E+00
1.774168E+01 -2.895564E+01 1.485000E+00
0 1 4
0 4 3
3 4 6
4 7 6
1 2 4
2 5 4
4 5 8
4 8 7
237 14 0 
237 14 0 
237 14 0 
237 9 0 
237 9 0 
237 9 0 
237 12 0 
237 12 0 
237 12 0 
242 5 0 
242 5 0 
242 5 0 
242 4 0 
242 4 0 
242 4 0 
241 5 0 
241 5 0 
241 5 0 
238 14 0 
238 14 0 
238 14 0 
238 9 0 
238 9 0 
238 9 0 
238 12 0 
238 12 0 
238 12 0 
0 0 0
0 0 0
0 0 0
0 0 0
0 0 0
0 0 0
0 0 0
0 0 0
0 0 0
