2
5859 5860 5861 5863 5864 5865 5866 
9
8
-2.525311E+01 1.374755E+00 0.000000E+00
-2.488594E+01 1.929822E+00 0.000000E+00
-2.451876E+01 2.484889E+00 0.000000E+00
-2.525311E+01 1.374755E+00 7.425000E-01
-2.488594E+01 1.929822E+00 7.425000E-01
-2.451876E+01 2.484889E+00 7.425000E-01
-2.525311E+01 1.374755E+00 1.485000E+00
-2.488594E+01 1.929822E+00 1.485000E+00
-2.451876E+01 2.484889E+00 1.485000E+00
0 1 4
0 4 3
3 4 6
4 7 6
1 2 4
2 5 4
4 5 8
4 8 7
4981 12 0 
4981 12 0 
4981 12 0 
5850 6 0 
5850 6 0 
5850 6 0 
5850 7 0 
5850 7 0 
5850 7 0 
4987 3 0 
4987 3 0 
4987 3 0 
5858 4 0 
5858 4 0 
5858 4 0 
5857 5 0 
5857 5 0 
5857 5 0 
4982 12 0 
4982 12 0 
4982 12 0 
5851 6 0 
5851 6 0 
5851 6 0 
5851 7 0 
5851 7 0 
5851 7 0 
0 0 0
0 0 0
0 0 0
0 0 0
0 0 0
0 0 0
0 0 0
0 0 0
0 0 0
