2
2698 2699 2700 2701 2702 2704 2705 
9
8
-2.658025E+01 -1.288678E+01 0.000000E+00
-2.710170E+01 -1.263359E+01 0.000000E+00
-2.762315E+01 -1.238041E+01 0.000000E+00
-2.658025E+01 -1.288678E+01 7.425000E-01
-2.710170E+01 -1.263359E+01 7.425000E-01
-2.762315E+01 -1.238041E+01 7.425000E-01
-2.658025E+01 -1.288678E+01 1.485000E+00
-2.710170E+01 -1.263359E+01 1.485000E+00
-2.762315E+01 -1.238041E+01 1.485000E+00
0 1 4
0 4 3
3 4 6
4 7 6
1 2 4
2 5 4
4 5 8
4 8 7
2698 10 0 
2698 10 0 
2698 10 0 
2698 5 0 
2698 5 0 
2698 5 0 
2698 6 0 
2698 6 0 
2698 6 0 
2702 3 0 
2702 3 0 
2702 3 0 






2699 10 0 
2699 10 0 
2699 10 0 
2699 5 0 
2699 5 0 
2699 5 0 
2699 6 0 
2699 6 0 
2699 6 0 
0 0 0
0 0 0
0 0 0
0 0 0
0 0 0
0 0 0
0 0 0
0 0 0
0 0 0
