0
7741 7743 7744 7745 7746 7747 7748 7749 
14
16
2.552859E+01 1.441772E+01 1.485000E+00
2.518225E+01 1.478863E+01 1.485000E+00
2.480800E+01 1.413612E+01 1.485000E+00
2.531738E+01 1.376687E+01 1.485000E+00
2.587493E+01 1.404681E+01 1.485000E+00
2.404993E+01 1.421760E+01 1.485000E+00
2.437575E+01 1.474437E+01 1.485000E+00
2.431258E+01 1.364371E+01 1.485000E+00
2.478183E+01 1.335121E+01 1.485000E+00
2.496368E+01 1.278012E+01 1.485000E+00
2.538971E+01 1.311507E+01 1.485000E+00
2.581575E+01 1.345001E+01 1.485000E+00
2.372410E+01 1.369083E+01 1.485000E+00
2.409946E+01 1.290576E+01 1.485000E+00
0 1 2
3 4 0
5 2 6
7 2 5
3 0 2
8 2 7
9 10 8
2 1 6
11 4 3
12 13 7
12 7 5
8 10 3
13 8 7
13 9 8
8 3 2
10 11 3















7734 9 0 
7734 9 0 
7734 9 0 
7734 3 0 
7734 3 0 
7734 3 0 






7094 3 0 
7094 3 0 
7094 3 0 
7094 9 0 
7094 9 0 
7094 9 0 
7094 10 0 
7094 10 0 
7094 10 0 
7109 0 0 
7109 0 0 
7109 0 0 
7101 2 0 
7101 2 0 
7101 2 0 
0 0 0
0 0 0
0 0 0
0 0 0
0 0 0
0 0 0
0 0 0
0 0 0
0 0 0
0 0 0
0 0 0
0 0 0
0 0 0
0 0 0
