2
9338 9339 9340 9341 9342 9344 9345 
9
8
3.141697E+00 2.694912E+01 0.000000E+00
2.845989E+00 2.742526E+01 0.000000E+00
2.550281E+00 2.790139E+01 0.000000E+00
3.141697E+00 2.694912E+01 7.425000E-01
2.845989E+00 2.742526E+01 7.425000E-01
2.550281E+00 2.790139E+01 7.425000E-01
3.141697E+00 2.694912E+01 1.485000E+00
2.845989E+00 2.742526E+01 1.485000E+00
2.550281E+00 2.790139E+01 1.485000E+00
0 1 4
0 4 3
3 4 6
4 7 6
1 2 4
2 5 4
4 5 8
4 8 7
9331 6 0 
9331 6 0 
9331 6 0 
9338 3 0 
9338 3 0 
9338 3 0 
171 13 0 
171 13 5.675002e+01 
171 13 0 
9336 5 0 
9336 5 0 
9336 5 0 



174 3 0 
174 3 5.675002e+01 
174 3 0 
9332 6 0 
9332 6 0 
9332 6 0 
9339 3 0 
9339 3 0 
9339 3 0 
172 13 0 
172 13 5.675002e+01 
172 13 0 
0 0 0
0 0 0
0 0 0
0 0 0
0 0 0
0 0 0
0 0 0
0 0 0
0 0 0
