1
7477 7478 7479 7480 7481 7482 7483 7484 7485 
17
21
-2.385268E+01 1.636395E+01 0.000000E+00
-2.372958E+01 1.694920E+01 0.000000E+00
-2.445358E+01 1.678066E+01 0.000000E+00
-2.428499E+01 1.738607E+01 0.000000E+00
-2.460210E+01 1.789028E+01 0.000000E+00
-2.505448E+01 1.719736E+01 0.000000E+00
-2.523576E+01 1.782502E+01 0.000000E+00
-2.415929E+01 1.857169E+01 0.000000E+00
-2.497633E+01 1.830156E+01 0.000000E+00
-2.322744E+01 1.715728E+01 0.000000E+00
-2.360992E+01 1.768292E+01 0.000000E+00
-2.406158E+01 1.800219E+01 0.000000E+00
-2.367157E+01 1.837639E+01 0.000000E+00
-2.293422E+01 1.762931E+01 0.000000E+00
-2.268460E+01 1.707754E+01 0.000000E+00
-2.318384E+01 1.818108E+01 0.000000E+00
-2.305542E+01 1.644340E+01 0.000000E+00
2 1 0
5 4 3
5 6 4
8 7 4
10 9 1
7 12 11
9 10 13
4 7 11
10 1 3
9 13 14
15 13 10
14 16 9
12 15 10
5 3 2
8 4 6
11 10 3
4 11 3
11 12 10
3 1 2
1 16 0
9 16 1
7389 2 0 
7389 2 0 
7389 2 0 



7437 3 0 
7437 3 0 
7437 3 0 






7437 5 0 
7437 5 0 
7437 5 0 
7444 1 0 
7444 1 0 
7444 1 0 



7468 10 0 
7468 10 0 
7468 10 0 















7380 15 0 
7380 15 0 
7380 15 0 



7380 12 0 
7380 12 0 
7380 12 0 
1 1 1
1 1 1
1 1 1
1 1 1
1 1 1
1 1 1
1 1 1
1 1 1
1 1 1
1 1 1
1 1 1
1 1 1
1 1 1
1 1 1
1 1 1
1 1 1
1 1 1
