2
4387 4388 4390 4391 4392 4393 
9
8
-2.379690E+00 -5.436781E+00 0.000000E+00
-1.796706E+00 -5.304035E+00 0.000000E+00
-1.213722E+00 -5.171289E+00 0.000000E+00
-2.379690E+00 -5.436781E+00 7.425000E-01
-1.796706E+00 -5.304035E+00 7.425000E-01
-1.213722E+00 -5.171289E+00 7.425000E-01
-2.379690E+00 -5.436781E+00 1.485000E+00
-1.796706E+00 -5.304035E+00 1.485000E+00
-1.213722E+00 -5.171289E+00 1.485000E+00
0 1 4
0 4 3
3 4 6
4 7 6
1 2 4
2 5 4
4 5 8
4 8 7
3846 12 0 
3846 12 0 
3846 12 0 
3855 6 0 
3855 6 0 
3855 6 0 
3855 5 0 
3855 5 0 
3855 5 0 
3851 3 0 
3851 3 0 
3851 3 0 
3861 4 0 
3861 4 0 
3861 4 0 
3860 3 0 
3860 3 0 
3860 3 0 
3847 12 0 
3847 12 0 
3847 12 0 
3856 6 0 
3856 6 0 
3856 6 0 
3856 5 0 
3856 5 0 
3856 5 0 
0 0 0
0 0 0
0 0 0
0 0 0
0 0 0
0 0 0
0 0 0
0 0 0
0 0 0
