2
2243 2244 2246 2247 2248 2249 2250 
9
8
1.795879E+01 -1.734410E+01 0.000000E+00
1.846605E+01 -1.734929E+01 0.000000E+00
1.897331E+01 -1.735448E+01 0.000000E+00
1.795879E+01 -1.734410E+01 7.425000E-01
1.846605E+01 -1.734929E+01 7.425000E-01
1.897331E+01 -1.735448E+01 7.425000E-01
1.795879E+01 -1.734410E+01 1.485000E+00
1.846605E+01 -1.734929E+01 1.485000E+00
1.897331E+01 -1.735448E+01 1.485000E+00
0 1 4
0 4 3
3 4 6
4 7 6
1 2 4
2 5 4
4 5 8
4 8 7
2060 4 0 
2060 4 0 
2060 4 0 
2068 1 0 
2068 1 0 
2068 1 0 
2068 8 0 
2068 8 0 
2068 8 0 
2064 5 0 
2064 5 0 
2064 5 0 
2073 4 0 
2073 4 0 
2073 4 0 
2072 5 0 
2072 5 0 
2072 5 0 
2061 4 0 
2061 4 0 
2061 4 0 
2069 1 0 
2069 1 0 
2069 1 0 
2069 8 0 
2069 8 0 
2069 8 0 
0 0 0
0 0 0
0 0 0
0 0 0
0 0 0
0 0 0
0 0 0
0 0 0
0 0 0
