0
3543 3545 3546 3547 3548 3549 
12
13
9.567667E-01 -8.481079E+00 1.485000E+00
1.407237E+00 -8.023510E+00 1.485000E+00
7.328392E-01 -7.983478E+00 1.485000E+00
8.861175E-01 -8.992300E+00 1.485000E+00
4.749521E-01 -8.670284E+00 1.485000E+00
1.201305E+00 -7.364847E+00 1.485000E+00
5.239243E-01 -7.242697E+00 1.485000E+00
6.378670E-02 -8.348268E+00 1.485000E+00
2.938555E-01 -7.795482E+00 1.485000E+00
1.878685E+00 -7.486997E+00 1.485000E+00
1.989656E+00 -8.403786E+00 1.485000E+00
1.437887E+00 -8.698043E+00 1.485000E+00
0 1 2
3 0 4
5 6 2
2 7 4
2 8 7
6 8 2
1 9 5
1 5 2
10 9 1
0 11 1
4 0 2
1 11 10
0 3 11









3505 14 0 
3505 14 0 
3505 14 0 
3505 9 0 
3505 9 0 
3505 9 0 






3505 10 0 
3505 10 0 
3505 10 0 



3535 14 0 
3535 14 0 
3535 14 0 
3513 6 0 
3513 6 0 
3513 6 0 
3513 5 0 
3513 5 0 
3513 5 0 
0 0 0
0 0 0
0 0 0
0 0 0
0 0 0
0 0 0
0 0 0
0 0 0
0 0 0
0 0 0
0 0 0
0 0 0
