2
7509 7510 7512 7513 7514 7515 7516 
9
8
-1.938029E+01 1.680725E+01 0.000000E+00
-1.924498E+01 1.630957E+01 0.000000E+00
-1.910968E+01 1.581188E+01 0.000000E+00
-1.938029E+01 1.680725E+01 7.425000E-01
-1.924498E+01 1.630957E+01 7.425000E-01
-1.910968E+01 1.581188E+01 7.425000E-01
-1.938029E+01 1.680725E+01 1.485000E+00
-1.924498E+01 1.630957E+01 1.485000E+00
-1.910968E+01 1.581188E+01 1.485000E+00
0 1 4
0 4 3
3 4 6
4 7 6
1 2 4
2 5 4
4 5 8
4 8 7
7501 13 0 
7501 13 0 
7501 13 0 
7501 4 0 
7501 4 0 
7501 4 0 
7363 6 0 
7363 6 0 
7363 6 0 
7505 5 0 
7505 5 0 
7505 5 0 
7505 4 0 
7505 4 0 
7505 4 0 
7369 5 0 
7369 5 0 
7369 5 0 
7502 13 0 
7502 13 0 
7502 13 0 
7502 4 0 
7502 4 0 
7502 4 0 
7364 6 0 
7364 6 0 
7364 6 0 
0 0 0
0 0 0
0 0 0
0 0 0
0 0 0
0 0 0
0 0 0
0 0 0
0 0 0
