0
2492 2494 2495 2496 2497 2498 2499 2500 
17
20
6.714905E+00 -1.472147E+01 1.485000E+00
6.530662E+00 -1.516263E+01 1.485000E+00
7.144406E+00 -1.515944E+01 1.485000E+00
8.833270E+00 -1.497077E+01 1.485000E+00
8.726142E+00 -1.447626E+01 1.485000E+00
8.293938E+00 -1.482108E+01 1.485000E+00
8.132278E+00 -1.570099E+01 1.485000E+00
7.824145E+00 -1.513679E+01 1.485000E+00
7.451326E+00 -1.563619E+01 1.485000E+00
7.781100E+00 -1.451834E+01 1.485000E+00
8.259592E+00 -1.422569E+01 1.485000E+00
7.793042E+00 -1.397511E+01 1.485000E+00
8.482774E+00 -1.533588E+01 1.485000E+00
7.346095E+00 -1.412771E+01 1.485000E+00
7.316491E+00 -1.468717E+01 1.485000E+00
6.899148E+00 -1.428030E+01 1.485000E+00
6.770374E+00 -1.557138E+01 1.485000E+00
0 1 2
3 4 5
6 7 8
9 10 11
12 5 7
3 5 12
9 11 13
8 7 2
13 14 9
10 5 4
14 13 15
7 14 2
7 5 9
1 16 2
12 7 6
7 9 14
5 10 9
2 14 0
15 0 14
8 2 16









2014 2 0 
2014 2 0 
2014 2 0 
2485 8 0 
2485 8 0 
2485 8 0 



2006 6 0 
2006 6 0 
2006 6 0 



2006 2 0 
2006 2 0 
2006 2 0 









2014 9 0 
2014 9 0 
2014 9 0 









2006 5 0 
2006 5 0 
2006 5 0 
0 0 0
0 0 0
0 0 0
0 0 0
0 0 0
0 0 0
0 0 0
0 0 0
0 0 0
0 0 0
0 0 0
0 0 0
0 0 0
0 0 0
0 0 0
0 0 0
0 0 0
