4
4014 4015 4016 4017 4018 4020 4021 4022 4023 
6
4
2.751760E+01 -6.262559E+00 0.000000E+00
2.803629E+01 -5.725980E+00 0.000000E+00
2.751760E+01 -6.262559E+00 7.425000E-01
2.803629E+01 -5.725980E+00 7.425000E-01
2.751760E+01 -6.262559E+00 1.485000E+00
2.803629E+01 -5.725980E+00 1.485000E+00
0 1 3
0 3 2
2 3 5
2 5 4
3692 8 5.675002e+01 
3692 8 0 
3692 8 0 
3692 7 5.675002e+01 
3692 7 0 
3692 7 0 
3698 3 5.675002e+01 
3698 3 0 
3698 3 0 
3697 5 5.675002e+01 
3697 5 0 
3697 5 0 
3693 8 5.675002e+01 
3693 8 0 
3693 8 0 
3693 7 5.675002e+01 
3693 7 0 
3693 7 0 
0 0 0
0 0 0
0 0 0
0 0 0
0 0 0
0 0 0
