2
3970 3971 3972 3973 3974 3976 3977 
9
8
2.182071E+01 -7.063642E+00 0.000000E+00
2.157587E+01 -6.569974E+00 0.000000E+00
2.133103E+01 -6.076305E+00 0.000000E+00
2.182071E+01 -7.063642E+00 7.425000E-01
2.157587E+01 -6.569974E+00 7.425000E-01
2.133103E+01 -6.076305E+00 7.425000E-01
2.182071E+01 -7.063642E+00 1.485000E+00
2.157587E+01 -6.569974E+00 1.485000E+00
2.133103E+01 -6.076305E+00 1.485000E+00
0 1 4
0 4 3
3 4 6
4 7 6
1 2 4
2 5 4
4 5 8
4 8 7
3343 6 0 
3343 6 0 
3343 6 0 
3970 7 0 
3970 7 0 
3970 7 0 
3970 1 0 
3970 1 0 
3970 1 0 
3348 3 0 
3348 3 0 
3348 3 0 






3344 6 0 
3344 6 0 
3344 6 0 
3971 7 0 
3971 7 0 
3971 7 0 
3971 1 0 
3971 1 0 
3971 1 0 
0 0 0
0 0 0
0 0 0
0 0 0
0 0 0
0 0 0
0 0 0
0 0 0
0 0 0
