2
5479 5480 5481 5482 5484 5485 5486 
6
4
1.077756E+01 2.199825E+00 0.000000E+00
1.085200E+01 3.100237E+00 0.000000E+00
1.077756E+01 2.199825E+00 7.425000E-01
1.085200E+01 3.100237E+00 7.425000E-01
1.077756E+01 2.199825E+00 1.485000E+00
1.085200E+01 3.100237E+00 1.485000E+00
0 1 3
0 3 2
2 3 5
2 5 4
5166 13 0 
5166 13 0 
5166 13 0 
5471 8 0 
5471 8 0 
5471 8 0 
5172 5 0 
5172 5 0 
5172 5 0 
5477 5 0 
5477 5 0 
5477 5 0 
5167 13 0 
5167 13 0 
5167 13 0 
5472 8 0 
5472 8 0 
5472 8 0 
0 0 0
0 0 0
0 0 0
0 0 0
0 0 0
0 0 0
