2
9229 9230 9231 9232 9233 9234 
9
8
-1.111744E+00 2.468253E+01 0.000000E+00
-7.610875E-01 2.415175E+01 0.000000E+00
-4.104307E-01 2.362098E+01 0.000000E+00
-1.111744E+00 2.468253E+01 7.425000E-01
-7.610875E-01 2.415175E+01 7.425000E-01
-4.104307E-01 2.362098E+01 7.425000E-01
-1.111744E+00 2.468253E+01 1.485000E+00
-7.610875E-01 2.415175E+01 1.485000E+00
-4.104307E-01 2.362098E+01 1.485000E+00
0 1 4
0 4 3
3 4 6
4 7 6
1 2 4
2 5 4
4 5 8
4 8 7
9221 2 0 
9221 2 0 
9221 2 0 
9221 5 0 
9221 5 0 
9221 5 0 
8920 5 0 
8920 5 0 
8920 5 0 
9225 5 0 
9225 5 0 
9225 5 0 
9225 4 0 
9225 4 0 
9225 4 0 
8927 5 0 
8927 5 0 
8927 5 0 
9222 2 0 
9222 2 0 
9222 2 0 
9222 5 0 
9222 5 0 
9222 5 0 
8921 5 0 
8921 5 0 
8921 5 0 
0 0 0
0 0 0
0 0 0
0 0 0
0 0 0
0 0 0
0 0 0
0 0 0
0 0 0
