2
7261 7262 7264 7265 7266 7267 
9
8
-2.170169E+00 1.221844E+01 0.000000E+00
-1.632284E+00 1.195138E+01 0.000000E+00
-1.094398E+00 1.168433E+01 0.000000E+00
-2.170169E+00 1.221844E+01 7.425000E-01
-1.632284E+00 1.195138E+01 7.425000E-01
-1.094398E+00 1.168433E+01 7.425000E-01
-2.170169E+00 1.221844E+01 1.485000E+00
-1.632284E+00 1.195138E+01 1.485000E+00
-1.094398E+00 1.168433E+01 1.485000E+00
0 1 4
0 4 3
3 4 6
4 7 6
1 2 4
2 5 4
4 5 8
4 8 7
6934 5 0 
6934 5 0 
6934 5 0 
6934 7 0 
6934 7 0 
6934 7 0 
6934 11 0 
6934 11 0 
6934 11 0 
6939 5 0 
6939 5 0 
6939 5 0 
6939 4 0 
6939 4 0 
6939 4 0 
6938 3 0 
6938 3 0 
6938 3 0 
6935 5 0 
6935 5 0 
6935 5 0 
6935 7 0 
6935 7 0 
6935 7 0 
6935 11 0 
6935 11 0 
6935 11 0 
0 0 0
0 0 0
0 0 0
0 0 0
0 0 0
0 0 0
0 0 0
0 0 0
0 0 0
