2
6080 6081 6082 6084 6085 6086 6087 
6
4
-1.965383E+01 5.776665E+00 0.000000E+00
-1.945407E+01 6.355888E+00 0.000000E+00
-1.965383E+01 5.776665E+00 7.425000E-01
-1.945407E+01 6.355888E+00 7.425000E-01
-1.965383E+01 5.776665E+00 1.485000E+00
-1.945407E+01 6.355888E+00 1.485000E+00
0 1 3
0 3 2
2 3 5
2 5 4
5928 14 0 
5928 14 0 
5928 14 0 
6071 1 0 
6071 1 0 
6071 1 0 
5933 3 0 
5933 3 0 
5933 3 0 
6077 5 0 
6077 5 0 
6077 5 0 
5929 14 0 
5929 14 0 
5929 14 0 
6072 1 0 
6072 1 0 
6072 1 0 
0 0 0
0 0 0
0 0 0
0 0 0
0 0 0
0 0 0
