2
4935 4936 4937 4938 4939 4940 4941 
9
8
-2.200798E+01 7.425172E-01 0.000000E+00
-2.217734E+01 2.564793E-01 0.000000E+00
-2.234670E+01 -2.295587E-01 0.000000E+00
-2.200798E+01 7.425172E-01 7.425000E-01
-2.217734E+01 2.564793E-01 7.425000E-01
-2.234670E+01 -2.295587E-01 7.425000E-01
-2.200798E+01 7.425172E-01 1.485000E+00
-2.217734E+01 2.564793E-01 1.485000E+00
-2.234670E+01 -2.295587E-01 1.485000E+00
0 1 4
0 4 3
3 4 6
4 7 6
1 2 4
2 5 4
4 5 8
4 8 7
4935 7 0 
4935 7 0 
4935 7 0 
4935 12 0 
4935 12 0 
4935 12 0 
4935 13 0 
4935 13 0 
4935 13 0 
4941 3 0 
4941 3 0 
4941 3 0 



4937 3 0 
4937 3 0 
4937 3 0 
4936 7 0 
4936 7 0 
4936 7 0 
4936 12 0 
4936 12 0 
4936 12 0 
4936 13 0 
4936 13 0 
4936 13 0 
0 0 0
0 0 0
0 0 0
0 0 0
0 0 0
0 0 0
0 0 0
0 0 0
0 0 0
