2
597 598 599 600 602 603 604 
6
4
9.340631E+00 -2.514172E+01 0.000000E+00
9.745551E+00 -2.467442E+01 0.000000E+00
9.340631E+00 -2.514172E+01 7.425000E-01
9.745551E+00 -2.467442E+01 7.425000E-01
9.340631E+00 -2.514172E+01 1.485000E+00
9.745551E+00 -2.467442E+01 1.485000E+00
0 1 3
0 3 2
2 3 5
2 5 4
382 13 0 
382 13 0 
382 13 0 
382 12 0 
382 12 0 
382 12 0 
390 3 0 
390 3 0 
390 3 0 
389 3 0 
389 3 0 
389 3 0 
383 13 0 
383 13 0 
383 13 0 
383 12 0 
383 12 0 
383 12 0 
0 0 0
0 0 0
0 0 0
0 0 0
0 0 0
0 0 0
