2
5191 5192 5193 5194 5196 5197 5198 5199 
9
8
1.500438E+01 -1.476280E+00 0.000000E+00
1.547814E+01 -1.161513E+00 0.000000E+00
1.595189E+01 -8.467459E-01 0.000000E+00
1.500438E+01 -1.476280E+00 7.425000E-01
1.547814E+01 -1.161513E+00 7.425000E-01
1.595189E+01 -8.467459E-01 7.425000E-01
1.500438E+01 -1.476280E+00 1.485000E+00
1.547814E+01 -1.161513E+00 1.485000E+00
1.595189E+01 -8.467459E-01 1.485000E+00
0 1 4
0 4 3
3 4 6
4 7 6
1 2 4
2 5 4
4 5 8
4 8 7
4291 12 0 
4291 12 0 
4291 12 0 
4291 0 0 
4291 0 0 
4291 0 0 
4291 10 0 
4291 10 0 
4291 10 0 
4297 5 0 
4297 5 0 
4297 5 0 
4297 4 0 
4297 4 0 
4297 4 0 
4296 3 0 
4296 3 0 
4296 3 0 
4292 12 0 
4292 12 0 
4292 12 0 
4292 0 0 
4292 0 0 
4292 0 0 
4292 10 0 
4292 10 0 
4292 10 0 
0 0 0
0 0 0
0 0 0
0 0 0
0 0 0
0 0 0
0 0 0
0 0 0
0 0 0
