2
2283 2284 2285 2286 2287 2288 2289 2291 
6
4
1.163750E+01 -1.461987E+01 0.000000E+00
1.082294E+01 -1.446603E+01 0.000000E+00
1.163750E+01 -1.461987E+01 7.425000E-01
1.082294E+01 -1.446603E+01 7.425000E-01
1.163750E+01 -1.461987E+01 1.485000E+00
1.082294E+01 -1.446603E+01 1.485000E+00
0 1 3
0 3 2
2 3 5
2 5 4
2283 7 0 
2283 7 0 
2283 7 0 
2283 6 0 
2283 6 0 
2283 6 0 
2289 5 0 
2289 5 0 
2289 5 0 



2284 7 0 
2284 7 0 
2284 7 0 
2284 6 0 
2284 6 0 
2284 6 0 
0 0 0
0 0 0
0 0 0
0 0 0
0 0 0
0 0 0
