0
6071 6073 6074 6075 6076 6077 6078 6079 
15
17
-1.896634E+01 6.596873E+00 1.485000E+00
-1.945407E+01 6.355888E+00 1.485000E+00
-1.890090E+01 5.829958E+00 1.485000E+00
-1.908973E+01 5.100400E+00 1.485000E+00
-1.844481E+01 5.161868E+00 1.485000E+00
-1.720742E+01 6.185039E+00 1.485000E+00
-1.781557E+01 6.205325E+00 1.485000E+00
-1.750365E+01 5.704187E+00 1.485000E+00
-1.816989E+01 5.747408E+00 1.485000E+00
-1.965383E+01 5.776665E+00 1.485000E+00
-1.779989E+01 5.223336E+00 1.485000E+00
-1.837991E+01 6.300679E+00 1.485000E+00
-1.796381E+01 6.733146E+00 1.485000E+00
-1.744901E+01 6.628435E+00 1.485000E+00
-1.847862E+01 6.837858E+00 1.485000E+00
0 1 2
2 3 4
5 6 7
4 8 2
2 1 9
8 10 7
11 8 6
11 6 12
8 7 6
12 6 13
13 6 5
11 14 0
11 12 14
8 11 2
0 2 11
9 3 2
10 8 4









5929 10 0 
5929 10 0 
5929 10 0 
5938 7 0 
5938 7 0 
5938 7 0 
5945 0 0 
5945 0 0 
5945 0 0 



5945 1 0 
5945 1 0 
5945 1 0 



5929 14 0 
5929 14 0 
5929 14 0 
5938 3 0 
5938 3 0 
5938 3 0 






6063 15 0 
6063 15 0 
6063 15 0 



0 0 0
0 0 0
0 0 0
0 0 0
0 0 0
0 0 0
0 0 0
0 0 0
0 0 0
0 0 0
0 0 0
0 0 0
0 0 0
0 0 0
0 0 0
