2
8148 8149 8150 8151 8152 8153 8154 
9
8
-6.766353E+00 1.984094E+01 0.000000E+00
-7.085613E+00 1.934916E+01 0.000000E+00
-7.404872E+00 1.885738E+01 0.000000E+00
-6.766353E+00 1.984094E+01 7.425000E-01
-7.085613E+00 1.934916E+01 7.425000E-01
-7.404872E+00 1.885738E+01 7.425000E-01
-6.766353E+00 1.984094E+01 1.485000E+00
-7.085613E+00 1.934916E+01 1.485000E+00
-7.404872E+00 1.885738E+01 1.485000E+00
0 1 4
0 4 3
3 4 6
4 7 6
1 2 4
2 5 4
4 5 8
4 8 7
8148 9 0 
8148 9 0 
8148 9 0 
8148 2 0 
8148 2 0 
8148 2 0 
8148 0 0 
8148 0 0 
8148 0 0 
8154 3 0 
8154 3 0 
8154 3 0 



8150 2 0 
8150 2 0 
8150 2 0 
8149 9 0 
8149 9 0 
8149 9 0 
8149 2 0 
8149 2 0 
8149 2 0 
8149 0 0 
8149 0 0 
8149 0 0 
0 0 0
0 0 0
0 0 0
0 0 0
0 0 0
0 0 0
0 0 0
0 0 0
0 0 0
