1
2397 2398 2399 2400 2401 2402 2403 
12
13
2.622629E+01 -1.082758E+01 0.000000E+00
2.611782E+01 -1.140536E+01 0.000000E+00
2.662082E+01 -1.121728E+01 0.000000E+00
2.714487E+01 -1.115381E+01 0.000000E+00
2.681236E+01 -1.181156E+01 0.000000E+00
2.751662E+01 -1.223743E+01 0.000000E+00
2.669942E+01 -1.255777E+01 0.000000E+00
2.763126E+01 -1.165515E+01 0.000000E+00
2.774589E+01 -1.107287E+01 0.000000E+00
2.600934E+01 -1.198314E+01 0.000000E+00
2.669715E+01 -1.067491E+01 0.000000E+00
2.716802E+01 -1.052223E+01 0.000000E+00
2 1 0
4 2 3
6 4 5
4 7 5
7 3 8
7 4 3
6 9 4
4 1 2
9 1 4
10 2 0
2 10 3
8 3 11
3 10 11















2388 7 0 
2388 7 0 
2388 7 0 
2380 6 0 
2380 6 0 
2380 6 0 






2380 3 0 
2380 3 0 
2380 3 0 






1 1 1
1 1 1
1 1 1
1 1 1
1 1 1
1 1 1
1 1 1
1 1 1
1 1 1
1 1 1
1 1 1
1 1 1
