0
2846 2848 2849 2850 2851 2852 2853 
14
16
-8.330389E+00 -1.081385E+01 1.485000E+00
-8.435803E+00 -1.137989E+01 1.485000E+00
-7.846105E+00 -1.121928E+01 1.485000E+00
-7.971526E+00 -1.174672E+01 1.485000E+00
-7.374892E+00 -1.162633E+01 1.485000E+00
-7.531360E+00 -1.213987E+01 1.485000E+00
-8.559338E+00 -1.192503E+01 1.485000E+00
-8.146173E+00 -1.228785E+01 1.485000E+00
-7.638236E+00 -1.066936E+01 1.485000E+00
-8.972502E+00 -1.156220E+01 1.485000E+00
-8.935842E+00 -1.105864E+01 1.485000E+00
-8.899181E+00 -1.055508E+01 1.485000E+00
-8.058049E+00 -1.022593E+01 1.485000E+00
-7.218424E+00 -1.111279E+01 1.485000E+00
0 1 2
3 4 2
4 3 5
6 3 1
7 5 3
0 2 8
1 3 2
1 9 6
0 10 1
3 6 7
9 1 10
11 0 12
11 10 0
0 8 12
2 4 13
8 2 13












2840 1 0 
2840 1 0 
2840 1 0 
2832 6 0 
2832 6 0 
2832 6 0 
2825 3 0 
2825 3 0 
2825 3 0 
2825 4 0 
2825 4 0 
2825 4 0 



2825 7 0 
2825 7 0 
2825 7 0 









2840 0 0 
2840 0 0 
2840 0 0 
0 0 0
0 0 0
0 0 0
0 0 0
0 0 0
0 0 0
0 0 0
0 0 0
0 0 0
0 0 0
0 0 0
0 0 0
0 0 0
0 0 0
