0
958 960 961 962 963 964 965 
13
14
-1.446835E+01 -2.476993E+01 1.485000E+00
-1.475032E+01 -2.530339E+01 1.485000E+00
-1.404967E+01 -2.524539E+01 1.485000E+00
-1.484400E+01 -2.592033E+01 1.485000E+00
-1.544928E+01 -2.522830E+01 1.485000E+00
-1.450847E+01 -2.429128E+01 1.485000E+00
-1.399644E+01 -2.428674E+01 1.485000E+00
-1.421521E+01 -2.581761E+01 1.485000E+00
-1.358642E+01 -2.571489E+01 1.485000E+00
-1.368353E+01 -2.475655E+01 1.485000E+00
-1.502051E+01 -2.429582E+01 1.485000E+00
-1.523490E+01 -2.476206E+01 1.485000E+00
-1.337063E+01 -2.522636E+01 1.485000E+00
0 1 2
3 1 4
5 0 6
2 7 8
9 6 0
10 11 0
9 0 2
5 10 0
8 12 2
0 11 1
1 11 4
7 1 3
7 2 1
2 12 9









830 5 0 
830 5 0 
830 5 0 
837 4 0 
837 4 0 
837 4 0 






830 4 0 
830 4 0 
830 4 0 
822 8 0 
822 8 0 
822 8 0 



950 11 0 
950 11 0 
950 11 0 
950 13 0 
950 13 0 
950 13 0 
822 7 0 
822 7 0 
822 7 0 
0 0 0
0 0 0
0 0 0
0 0 0
0 0 0
0 0 0
0 0 0
0 0 0
0 0 0
0 0 0
0 0 0
0 0 0
0 0 0
