2
1005 1006 1007 1008 1009 1011 1012 1013 
9
8
-6.457585E+00 -2.142394E+01 0.000000E+00
-6.528554E+00 -2.095640E+01 0.000000E+00
-6.599524E+00 -2.048886E+01 0.000000E+00
-6.457585E+00 -2.142394E+01 7.425000E-01
-6.528554E+00 -2.095640E+01 7.425000E-01
-6.599524E+00 -2.048886E+01 7.425000E-01
-6.457585E+00 -2.142394E+01 1.485000E+00
-6.528554E+00 -2.095640E+01 1.485000E+00
-6.599524E+00 -2.048886E+01 1.485000E+00
0 1 4
0 4 3
3 4 6
4 7 6
1 2 4
2 5 4
4 5 8
4 8 7
788 13 0 
788 13 0 
788 13 0 
1005 0 0 
1005 0 0 
1005 0 0 
1005 11 0 
1005 11 0 
1005 11 0 
793 5 0 
793 5 0 
793 5 0 






789 13 0 
789 13 0 
789 13 0 
1006 0 0 
1006 0 0 
1006 0 0 
1006 11 0 
1006 11 0 
1006 11 0 
0 0 0
0 0 0
0 0 0
0 0 0
0 0 0
0 0 0
0 0 0
0 0 0
0 0 0
