2
7683 7684 7685 7686 7687 7688 7689 7690 
9
8
1.285385E+01 1.669715E+01 0.000000E+00
1.275618E+01 1.608694E+01 0.000000E+00
1.265851E+01 1.547674E+01 0.000000E+00
1.285385E+01 1.669715E+01 7.425000E-01
1.275618E+01 1.608694E+01 7.425000E-01
1.265851E+01 1.547674E+01 7.425000E-01
1.285385E+01 1.669715E+01 1.485000E+00
1.275618E+01 1.608694E+01 1.485000E+00
1.265851E+01 1.547674E+01 1.485000E+00
0 1 4
0 4 3
3 4 6
4 7 6
1 2 4
2 5 4
4 5 8
4 8 7
7683 10 0 
7683 10 0 
7683 10 0 
7683 14 0 
7683 14 0 
7683 14 0 
7675 8 0 
7675 8 0 
7675 8 0 
7690 3 0 
7690 3 0 
7690 3 0 



7679 5 0 
7679 5 0 
7679 5 0 
7684 10 0 
7684 10 0 
7684 10 0 
7684 14 0 
7684 14 0 
7684 14 0 
7676 8 0 
7676 8 0 
7676 8 0 
0 0 0
0 0 0
0 0 0
0 0 0
0 0 0
0 0 0
0 0 0
0 0 0
0 0 0
