2
8628 8629 8630 8631 8633 8634 8635 8636 
9
8
1.917356E+01 2.112106E+01 0.000000E+00
1.936773E+01 2.169869E+01 0.000000E+00
1.956189E+01 2.227633E+01 0.000000E+00
1.917356E+01 2.112106E+01 7.425000E-01
1.936773E+01 2.169869E+01 7.425000E-01
1.956189E+01 2.227633E+01 7.425000E-01
1.917356E+01 2.112106E+01 1.485000E+00
1.936773E+01 2.169869E+01 1.485000E+00
1.956189E+01 2.227633E+01 1.485000E+00
0 1 4
0 4 3
3 4 6
4 7 6
1 2 4
2 5 4
4 5 8
4 8 7
8531 15 0 
8531 15 0 
8531 15 0 
8531 12 0 
8531 12 0 
8531 12 0 
8531 11 0 
8531 11 0 
8531 11 0 
8533 3 0 
8533 3 0 
8533 3 0 
8538 4 0 
8538 4 0 
8538 4 0 
8537 5 0 
8537 5 0 
8537 5 0 
8532 15 0 
8532 15 0 
8532 15 0 
8532 12 0 
8532 12 0 
8532 12 0 
8532 11 0 
8532 11 0 
8532 11 0 
0 0 0
0 0 0
0 0 0
0 0 0
0 0 0
0 0 0
0 0 0
0 0 0
0 0 0
