2
7308 7309 7311 7312 7313 7314 7315 
9
8
-9.582127E+00 1.395517E+01 0.000000E+00
-9.292167E+00 1.347832E+01 0.000000E+00
-9.002207E+00 1.300148E+01 0.000000E+00
-9.582127E+00 1.395517E+01 7.425000E-01
-9.292167E+00 1.347832E+01 7.425000E-01
-9.002207E+00 1.300148E+01 7.425000E-01
-9.582127E+00 1.395517E+01 1.485000E+00
-9.292167E+00 1.347832E+01 1.485000E+00
-9.002207E+00 1.300148E+01 1.485000E+00
0 1 4
0 4 3
3 4 6
4 7 6
1 2 4
2 5 4
4 5 8
4 8 7
7308 12 0 
7308 12 0 
7308 12 0 
7308 10 0 
7308 10 0 
7308 10 0 
6892 15 0 
6892 15 0 
6892 15 0 






6899 5 0 
6899 5 0 
6899 5 0 
7309 12 0 
7309 12 0 
7309 12 0 
7309 10 0 
7309 10 0 
7309 10 0 
6893 15 0 
6893 15 0 
6893 15 0 
0 0 0
0 0 0
0 0 0
0 0 0
0 0 0
0 0 0
0 0 0
0 0 0
0 0 0
