2
7164 7165 7167 7168 7169 7170 7171 7172 
6
4
1.558128E+01 1.281895E+01 0.000000E+00
1.574674E+01 1.263578E+01 0.000000E+00
1.558128E+01 1.281895E+01 7.425000E-01
1.574674E+01 1.263578E+01 7.425000E-01
1.558128E+01 1.281895E+01 1.485000E+00
1.574674E+01 1.263578E+01 1.485000E+00
0 1 3
0 3 2
2 3 5
2 5 4
7020 5 0 
7020 5 0 
7020 5 0 
7020 10 0 
7020 10 0 
7020 10 0 
7025 3 0 
7025 3 0 
7025 3 0 
7024 5 0 
7024 5 0 
7024 5 0 
7021 5 0 
7021 5 0 
7021 5 0 
7021 10 0 
7021 10 0 
7021 10 0 
0 0 0
0 0 0
0 0 0
0 0 0
0 0 0
0 0 0
