0
7037 7039 7040 7041 7042 7043 7044 7045 
14
16
1.876699E+01 1.109741E+01 1.485000E+00
1.852240E+01 1.152857E+01 1.485000E+00
1.814439E+01 1.102406E+01 1.485000E+00
1.691605E+01 1.102826E+01 1.485000E+00
1.709343E+01 1.020453E+01 1.485000E+00
1.759400E+01 1.060879E+01 1.485000E+00
1.833356E+01 1.040033E+01 1.485000E+00
1.800451E+01 1.158850E+01 1.485000E+00
1.767795E+01 9.910483E+00 1.485000E+00
1.748663E+01 1.164843E+01 1.485000E+00
1.759114E+01 1.115469E+01 1.485000E+00
1.826248E+01 9.616436E+00 1.485000E+00
1.901158E+01 1.066625E+01 1.485000E+00
1.872815E+01 9.811738E+00 1.485000E+00
0 1 2
3 4 5
5 6 2
1 7 2
8 6 5
7 9 10
10 9 3
8 11 6
3 5 10
2 7 10
5 2 10
6 12 0
6 0 2
11 13 6
6 13 12
4 8 5









6541 11 0 
6541 11 0 
6541 11 0 
6534 8 0 
6534 8 0 
6534 8 0 









6534 10 0 
6534 10 0 
6534 10 0 
7031 1 0 
7031 1 0 
7031 1 0 



6526 2 0 
6526 2 0 
6526 2 0 



6526 10 0 
6526 10 0 
6526 10 0 
0 0 0
0 0 0
0 0 0
0 0 0
0 0 0
0 0 0
0 0 0
0 0 0
0 0 0
0 0 0
0 0 0
0 0 0
0 0 0
0 0 0
