1
7197 7198 7199 7200 7201 7202 7203 
14
16
1.094553E+01 1.390869E+01 0.000000E+00
1.030039E+01 1.401705E+01 0.000000E+00
1.052521E+01 1.349225E+01 0.000000E+00
1.134661E+01 1.432207E+01 0.000000E+00
1.071535E+01 1.443738E+01 0.000000E+00
9.676689E+00 1.413439E+01 0.000000E+00
9.863194E+00 1.358099E+01 0.000000E+00
1.008409E+01 1.455270E+01 0.000000E+00
1.117583E+01 1.340394E+01 0.000000E+00
1.131485E+01 1.279369E+01 0.000000E+00
1.179329E+01 1.346718E+01 0.000000E+00
1.004970E+01 1.302760E+01 0.000000E+00
1.068227E+01 1.291065E+01 0.000000E+00
1.156995E+01 1.389463E+01 0.000000E+00
2 1 0
4 3 0
6 5 1
7 4 1
7 1 5
10 9 8
6 2 11
1 4 0
1 2 6
2 12 11
9 12 8
8 12 2
13 10 8
2 0 8
0 13 8
3 13 0



























6997 6 0 
6997 6 0 
6997 6 0 
7187 15 0 
7187 15 0 
7187 15 0 
6997 11 0 
6997 11 0 
6997 11 0 
6997 8 0 
6997 8 0 
6997 8 0 



0 0 0
0 0 0
0 0 0
0 0 0
0 0 0
0 0 0
0 0 0
0 0 0
0 0 0
0 0 0
0 0 0
0 0 0
0 0 0
0 0 0
