0
2721 2723 2724 2725 2726 2727 2728 
13
14
-2.851786E+01 -1.210801E+01 1.485000E+00
-2.883347E+01 -1.252377E+01 1.485000E+00
-2.843354E+01 -1.281012E+01 1.485000E+00
-2.796619E+01 -1.190046E+01 1.485000E+00
-2.802835E+01 -1.259526E+01 1.485000E+00
-2.911876E+01 -1.165515E+01 1.485000E+00
-2.923339E+01 -1.223743E+01 1.485000E+00
-2.845311E+01 -1.147265E+01 1.485000E+00
-2.821335E+01 -1.088675E+01 1.485000E+00
-2.900412E+01 -1.107287E+01 1.485000E+00
-2.754143E+01 -1.154414E+01 1.485000E+00
-2.787739E+01 -1.121544E+01 1.485000E+00
-2.762315E+01 -1.238041E+01 1.485000E+00
0 1 2
3 0 4
5 6 0
7 8 9
10 11 3
11 8 7
3 11 7
3 4 12
1 0 6
7 9 5
7 0 3
7 5 0
4 0 2
12 10 3



2389 8 -5.675002e+01 
2389 8 0 
2389 8 0 
2389 10 -5.675002e+01 
2389 10 0 
2389 10 0 



2699 7 0 
2699 7 0 
2699 7 0 
2397 7 -5.675002e+01 
2397 7 0 
2397 7 0 
2389 7 -5.675002e+01 
2389 7 0 
2389 7 0 






2397 8 -5.675002e+01 
2397 8 0 
2397 8 0 
2715 1 0 
2715 1 0 
2715 1 0 



2699 6 0 
2699 6 0 
2699 6 0 
0 0 0
0 0 0
0 0 0
0 0 0
0 0 0
0 0 0
0 0 0
0 0 0
0 0 0
0 0 0
0 0 0
0 0 0
0 0 0
