2
6206 6207 6208 6209 6210 6212 6213 
6
4
-1.950368E+01 9.201756E+00 0.000000E+00
-2.014626E+01 9.631581E+00 0.000000E+00
-1.950368E+01 9.201756E+00 7.425000E-01
-2.014626E+01 9.631581E+00 7.425000E-01
-1.950368E+01 9.201756E+00 1.485000E+00
-2.014626E+01 9.631581E+00 1.485000E+00
0 1 3
0 3 2
2 3 5
2 5 4
6206 11 0 
6206 11 0 
6206 11 0 
6206 12 0 
6206 12 0 
6206 12 0 
6210 5 0 
6210 5 0 
6210 5 0 



6207 11 0 
6207 11 0 
6207 11 0 
6207 12 0 
6207 12 0 
6207 12 0 
0 0 0
0 0 0
0 0 0
0 0 0
0 0 0
0 0 0
