0
6836 6838 6839 6840 6841 6842 6843 
12
13
-2.005773E+01 1.070229E+01 1.485000E+00
-2.007396E+01 1.141936E+01 1.485000E+00
-2.078169E+01 1.128558E+01 1.485000E+00
-1.941600E+01 1.164664E+01 1.485000E+00
-1.928609E+01 1.240897E+01 1.485000E+00
-1.996828E+01 1.219185E+01 1.485000E+00
-2.067265E+01 1.196712E+01 1.485000E+00
-2.056361E+01 1.264865E+01 1.485000E+00
-1.978208E+01 1.289735E+01 1.485000E+00
-1.879009E+01 1.192058E+01 1.485000E+00
-1.952152E+01 1.089068E+01 1.485000E+00
-1.898531E+01 1.107906E+01 1.485000E+00
0 1 2
3 4 5
1 6 2
5 6 1
5 7 6
3 5 1
4 8 5
9 4 3
10 1 0
1 10 3
3 10 11
11 9 3
8 7 5
6742 0 0 
6742 0 0 
6742 0 0 



6750 5 0 
6750 5 0 
6750 5 0 









6829 14 0 
6829 14 0 
6829 14 0 
6829 15 0 
6829 15 0 
6829 15 0 



6734 9 0 
6734 9 0 
6734 9 0 
6742 2 0 
6742 2 0 
6742 2 0 
6734 10 0 
6734 10 0 
6734 10 0 
0 0 0
0 0 0
0 0 0
0 0 0
0 0 0
0 0 0
0 0 0
0 0 0
0 0 0
0 0 0
0 0 0
0 0 0
