2
8702 8703 8705 8706 8707 8708 
9
8
2.098048E+01 2.307699E+01 0.000000E+00
2.154506E+01 2.303945E+01 0.000000E+00
2.210964E+01 2.300192E+01 0.000000E+00
2.098048E+01 2.307699E+01 7.425000E-01
2.154506E+01 2.303945E+01 7.425000E-01
2.210964E+01 2.300192E+01 7.425000E-01
2.098048E+01 2.307699E+01 1.485000E+00
2.154506E+01 2.303945E+01 1.485000E+00
2.210964E+01 2.300192E+01 1.485000E+00
0 1 4
0 4 3
3 4 6
4 7 6
1 2 4
2 5 4
4 5 8
4 8 7
8637 3 0 
8637 3 0 
8637 3 0 
8646 9 0 
8646 9 0 
8646 9 0 
8646 11 0 
8646 11 0 
8646 11 0 
8641 3 0 
8641 3 0 
8641 3 0 
8651 4 0 
8651 4 0 
8651 4 0 
8650 5 0 
8650 5 0 
8650 5 0 
8638 3 0 
8638 3 0 
8638 3 0 
8647 9 0 
8647 9 0 
8647 9 0 
8647 11 0 
8647 11 0 
8647 11 0 
0 0 0
0 0 0
0 0 0
0 0 0
0 0 0
0 0 0
0 0 0
0 0 0
0 0 0
