2
7814 7815 7816 7817 7818 7820 7821 
9
8
2.044784E+01 1.780459E+01 0.000000E+00
1.987386E+01 1.789782E+01 0.000000E+00
1.929987E+01 1.799105E+01 0.000000E+00
2.044784E+01 1.780459E+01 7.425000E-01
1.987386E+01 1.789782E+01 7.425000E-01
1.929987E+01 1.799105E+01 7.425000E-01
2.044784E+01 1.780459E+01 1.485000E+00
1.987386E+01 1.789782E+01 1.485000E+00
1.929987E+01 1.799105E+01 1.485000E+00
0 1 4
0 4 3
3 4 6
4 7 6
1 2 4
2 5 4
4 5 8
4 8 7
7805 6 0 
7805 6 0 
7805 6 0 
7814 9 0 
7814 9 0 
7814 9 0 
7814 7 0 
7814 7 0 
7814 7 0 
7812 3 0 
7812 3 0 
7812 3 0 






7806 6 0 
7806 6 0 
7806 6 0 
7815 9 0 
7815 9 0 
7815 9 0 
7815 7 0 
7815 7 0 
7815 7 0 
0 0 0
0 0 0
0 0 0
0 0 0
0 0 0
0 0 0
0 0 0
0 0 0
0 0 0
