2
2666 2667 2669 2670 2671 2672 2673 
6
4
-2.543957E+01 -1.472647E+01 0.000000E+00
-2.457276E+01 -1.499162E+01 0.000000E+00
-2.543957E+01 -1.472647E+01 7.425000E-01
-2.457276E+01 -1.499162E+01 7.425000E-01
-2.543957E+01 -1.472647E+01 1.485000E+00
-2.457276E+01 -1.499162E+01 1.485000E+00
0 1 3
0 3 2
2 3 5
2 5 4
1340 4 0 
1340 4 0 
1340 4 0 
1340 11 0 
1340 11 0 
1340 11 0 
1345 3 0 
1345 3 0 
1345 3 0 
1344 5 0 
1344 5 0 
1344 5 0 
1341 4 0 
1341 4 0 
1341 4 0 
1341 11 0 
1341 11 0 
1341 11 0 
0 0 0
0 0 0
0 0 0
0 0 0
0 0 0
0 0 0
