2
3527 3528 3529 3530 3531 3532 
9
8
3.485375E+00 -8.489738E+00 0.000000E+00
3.789377E+00 -8.969900E+00 0.000000E+00
4.093379E+00 -9.450062E+00 0.000000E+00
3.485375E+00 -8.489738E+00 7.425000E-01
3.789377E+00 -8.969900E+00 7.425000E-01
4.093379E+00 -9.450062E+00 7.425000E-01
3.485375E+00 -8.489738E+00 1.485000E+00
3.789377E+00 -8.969900E+00 1.485000E+00
4.093379E+00 -9.450062E+00 1.485000E+00
0 1 4
0 4 3
3 4 6
4 7 6
1 2 4
2 5 4
4 5 8
4 8 7
3520 5 0 
3520 5 0 
3520 5 0 
3520 4 0 
3520 4 0 
3520 4 0 
3446 3 0 
3446 3 0 
3446 3 0 
3524 5 0 
3524 5 0 
3524 5 0 
3524 4 0 
3524 4 0 
3524 4 0 
3451 5 0 
3451 5 0 
3451 5 0 
3521 5 0 
3521 5 0 
3521 5 0 
3521 4 0 
3521 4 0 
3521 4 0 
3447 3 0 
3447 3 0 
3447 3 0 
0 0 0
0 0 0
0 0 0
0 0 0
0 0 0
0 0 0
0 0 0
0 0 0
0 0 0
