1
805 806 807 808 809 810 811 
15
17
-9.750076E+00 -2.415720E+01 0.000000E+00
-1.003147E+01 -2.460527E+01 0.000000E+00
-9.516864E+00 -2.464572E+01 0.000000E+00
-9.194589E+00 -2.424093E+01 0.000000E+00
-9.554857E+00 -2.363677E+01 0.000000E+00
-1.028067E+01 -2.384954E+01 0.000000E+00
-1.076881E+01 -2.403671E+01 0.000000E+00
-1.099154E+01 -2.350861E+01 0.000000E+00
-1.054608E+01 -2.456481E+01 0.000000E+00
-1.007865E+01 -2.331774E+01 0.000000E+00
-1.061729E+01 -2.316025E+01 0.000000E+00
-8.872314E+00 -2.383614E+01 0.000000E+00
-9.687674E+00 -2.296122E+01 0.000000E+00
-9.132310E+00 -2.311055E+01 0.000000E+00
-1.024304E+01 -2.281189E+01 0.000000E+00
2 1 0
3 2 0
5 4 0
7 5 6
8 6 5
8 5 1
5 10 9
3 4 11
0 1 5
9 4 5
4 3 0
9 12 4
13 11 4
12 13 4
10 5 7
9 10 14
9 14 12



495 10 0 
495 10 0 
495 10 0 
495 2 0 
495 2 0 
495 2 0 
502 8 0 
502 8 0 
502 8 0 












495 4 0 
495 4 0 
495 4 0 






502 9 0 
502 9 0 
502 9 0 



796 6 0 
796 6 0 
796 6 0 



1 1 1
1 1 1
1 1 1
1 1 1
1 1 1
1 1 1
1 1 1
1 1 1
1 1 1
1 1 1
1 1 1
1 1 1
1 1 1
1 1 1
1 1 1
