2
8896 8897 8898 8899 8900 8901 8902 8903 
9
8
4.317930E+00 2.367789E+01 0.000000E+00
4.026227E+00 2.311047E+01 0.000000E+00
3.734524E+00 2.254305E+01 0.000000E+00
4.317930E+00 2.367789E+01 7.425000E-01
4.026227E+00 2.311047E+01 7.425000E-01
3.734524E+00 2.254305E+01 7.425000E-01
4.317930E+00 2.367789E+01 1.485000E+00
4.026227E+00 2.311047E+01 1.485000E+00
3.734524E+00 2.254305E+01 1.485000E+00
0 1 4
0 4 3
3 4 6
4 7 6
1 2 4
2 5 4
4 5 8
4 8 7
8896 11 0 
8896 11 0 
8896 11 0 
8896 10 0 
8896 10 0 
8896 10 0 
8357 11 0 
8357 11 0 
8357 11 0 
8903 3 0 
8903 3 0 
8903 3 0 



8362 3 0 
8362 3 0 
8362 3 0 
8897 11 0 
8897 11 0 
8897 11 0 
8897 10 0 
8897 10 0 
8897 10 0 
8358 11 0 
8358 11 0 
8358 11 0 
0 0 0
0 0 0
0 0 0
0 0 0
0 0 0
0 0 0
0 0 0
0 0 0
0 0 0
