0
5014 5016 5017 5018 5019 5020 5021 5022 
16
19
-1.984694E+01 3.057886E-01 1.485000E+00
-2.015977E+01 8.928190E-01 1.485000E+00
-2.048822E+01 2.790771E-01 1.485000E+00
-2.046511E+01 2.226328E+00 1.485000E+00
-1.990607E+01 1.927534E+00 1.485000E+00
-2.000211E+01 2.456838E+00 1.485000E+00
-2.063630E+01 1.137811E+00 1.485000E+00
-2.080285E+01 6.387855E-01 1.485000E+00
-1.968645E+01 1.392505E+00 1.485000E+00
-1.918572E+01 2.013004E+00 1.485000E+00
-1.909589E+01 1.153089E+00 1.485000E+00
-1.947142E+01 7.294388E-01 1.485000E+00
-2.111749E+01 9.984939E-01 1.485000E+00
-2.038578E+01 1.592823E+00 1.485000E+00
-2.092811E+01 1.995817E+00 1.485000E+00
-2.102280E+01 1.497155E+00 1.485000E+00
0 1 2
3 4 5
1 6 7
8 9 4
8 10 9
1 7 2
8 1 11
6 12 7
1 0 11
13 4 3
13 1 8
13 8 4
14 13 3
12 6 15
13 14 15
13 6 1
13 15 6
4 9 5
11 10 8
4921 0 0 
4921 0 0 
4921 0 0 



4928 12 0 
4928 12 0 
4928 12 0 












4936 0 0 
4936 0 0 
4936 0 0 






4921 10 0 
4921 10 0 
4921 10 0 
4921 9 0 
4921 9 0 
4921 9 0 
4936 6 0 
4936 6 0 
4936 6 0 



5007 12 0 
5007 12 0 
5007 12 0 
5007 13 0 
5007 13 0 
5007 13 0 
0 0 0
0 0 0
0 0 0
0 0 0
0 0 0
0 0 0
0 0 0
0 0 0
0 0 0
0 0 0
0 0 0
0 0 0
0 0 0
0 0 0
0 0 0
0 0 0
