1
6625 6626 6627 6628 6629 6630 
11
11
1.352001E-01 9.114218E+00 0.000000E+00
2.078202E-01 9.861402E+00 0.000000E+00
-3.410579E-01 9.614264E+00 0.000000E+00
-3.443120E-01 8.799442E+00 0.000000E+00
-8.899359E-01 9.367126E+00 0.000000E+00
-8.880778E-01 8.862448E+00 0.000000E+00
-8.862196E-01 8.357770E+00 0.000000E+00
-1.140422E-01 7.977593E+00 0.000000E+00
3.699863E-01 8.451318E+00 0.000000E+00
5.309175E-01 9.393222E+00 0.000000E+00
8.540148E-01 8.925043E+00 0.000000E+00
2 1 0
5 4 3
0 3 2
6 5 3
6 3 7
7 3 8
3 4 2
3 0 8
1 9 0
10 8 0
10 0 9



6614 14 0 
6614 14 0 
6614 14 0 












6324 7 0 
6324 7 0 
6324 7 0 
6324 9 0 
6324 9 0 
6324 9 0 
6332 11 0 
6332 11 0 
6332 11 0 
6614 13 0 
6614 13 0 
6614 13 0 
6332 7 0 
6332 7 0 
6332 7 0 
0 0 0
0 0 0
0 0 0
0 0 0
0 0 0
0 0 0
0 0 0
0 0 0
0 0 0
0 0 0
0 0 0
