0
5464 5466 5467 5468 5469 5470 
12
13
1.284135E+01 1.726562E+00 1.485000E+00
1.278695E+01 2.458232E+00 1.485000E+00
1.221182E+01 2.100991E+00 1.485000E+00
1.163669E+01 1.743750E+00 1.485000E+00
1.225566E+01 1.471062E+00 1.485000E+00
1.281873E+01 1.239239E+00 1.485000E+00
1.187327E+01 9.427491E-01 1.485000E+00
1.246787E+01 8.770026E-01 1.485000E+00
1.318855E+01 2.069714E+00 1.485000E+00
1.332631E+01 1.246226E+00 1.485000E+00
1.306248E+01 8.112561E-01 1.485000E+00
1.359015E+01 1.681195E+00 1.485000E+00
0 1 2
2 3 4
5 0 4
6 7 4
8 1 0
0 5 9
6 4 3
0 2 4
4 7 5
5 7 10
9 5 10
11 0 9
8 0 11



5456 12 0 
5456 12 0 
5456 12 0 



5167 10 0 
5167 10 0 
5167 10 0 






5167 11 0 
5167 11 0 
5167 11 0 
5177 2 0 
5177 2 0 
5177 2 0 
5456 8 0 
5456 8 0 
5456 8 0 
5184 1 0 
5184 1 0 
5184 1 0 
5177 1 0 
5177 1 0 
5177 1 0 
5184 11 0 
5184 11 0 
5184 11 0 
0 0 0
0 0 0
0 0 0
0 0 0
0 0 0
0 0 0
0 0 0
0 0 0
0 0 0
0 0 0
0 0 0
0 0 0
