2
1942 1943 1944 1945 1946 1947 1949 
9
8
-3.809564E+00 -1.516874E+01 0.000000E+00
-4.471553E+00 -1.524717E+01 0.000000E+00
-5.133542E+00 -1.532560E+01 0.000000E+00
-3.809564E+00 -1.516874E+01 7.425000E-01
-4.471553E+00 -1.524717E+01 7.425000E-01
-5.133542E+00 -1.532560E+01 7.425000E-01
-3.809564E+00 -1.516874E+01 1.485000E+00
-4.471553E+00 -1.524717E+01 1.485000E+00
-5.133542E+00 -1.532560E+01 1.485000E+00
0 1 4
0 4 3
3 4 6
4 7 6
1 2 4
2 5 4
4 5 8
4 8 7
1942 6 0 
1942 6 0 
1942 6 0 
1942 7 0 
1942 7 0 
1942 7 0 
1934 9 0 
1934 9 0 
1934 9 0 
1947 3 0 
1947 3 0 
1947 3 0 



1938 5 0 
1938 5 0 
1938 5 0 
1943 6 0 
1943 6 0 
1943 6 0 
1943 7 0 
1943 7 0 
1943 7 0 
1935 9 0 
1935 9 0 
1935 9 0 
0 0 0
0 0 0
0 0 0
0 0 0
0 0 0
0 0 0
0 0 0
0 0 0
0 0 0
