2
6533 6534 6535 6536 6538 6539 
9
8
1.826248E+01 9.616436E+00 0.000000E+00
1.767795E+01 9.910483E+00 0.000000E+00
1.709343E+01 1.020453E+01 0.000000E+00
1.826248E+01 9.616436E+00 7.425000E-01
1.767795E+01 9.910483E+00 7.425000E-01
1.709343E+01 1.020453E+01 7.425000E-01
1.826248E+01 9.616436E+00 1.485000E+00
1.767795E+01 9.910483E+00 1.485000E+00
1.709343E+01 1.020453E+01 1.485000E+00
0 1 4
0 4 3
3 4 6
4 7 6
1 2 4
2 5 4
4 5 8
4 8 7
6525 2 0 
6525 2 0 
6525 2 0 
6533 10 0 
6533 10 0 
6533 10 0 
6533 8 0 
6533 8 0 
6533 8 0 
6531 3 0 
6531 3 0 
6531 3 0 






6526 2 0 
6526 2 0 
6526 2 0 
6534 10 0 
6534 10 0 
6534 10 0 
6534 8 0 
6534 8 0 
6534 8 0 
0 0 0
0 0 0
0 0 0
0 0 0
0 0 0
0 0 0
0 0 0
0 0 0
0 0 0
