2
7397 7398 7399 7400 7402 7403 7404 
9
8
-2.398418E+01 1.441929E+01 0.000000E+00
-2.416067E+01 1.492916E+01 0.000000E+00
-2.433716E+01 1.543904E+01 0.000000E+00
-2.398418E+01 1.441929E+01 7.425000E-01
-2.416067E+01 1.492916E+01 7.425000E-01
-2.433716E+01 1.543904E+01 7.425000E-01
-2.398418E+01 1.441929E+01 1.485000E+00
-2.416067E+01 1.492916E+01 1.485000E+00
-2.433716E+01 1.543904E+01 1.485000E+00
0 1 4
0 4 3
3 4 6
4 7 6
1 2 4
2 5 4
4 5 8
4 8 7
6812 4 0 
6812 4 0 
6812 4 0 
7389 11 0 
7389 11 0 
7389 11 0 
7389 7 0 
7389 7 0 
7389 7 0 
6817 3 0 
6817 3 0 
6817 3 0 
7396 4 0 
7396 4 0 
7396 4 0 
7395 5 0 
7395 5 0 
7395 5 0 
6813 4 0 
6813 4 0 
6813 4 0 
7390 11 0 
7390 11 0 
7390 11 0 
7390 7 0 
7390 7 0 
7390 7 0 
0 0 0
0 0 0
0 0 0
0 0 0
0 0 0
0 0 0
0 0 0
0 0 0
0 0 0
