0
1451 1453 1454 1455 1456 1457 1458 1459 1460 
19
23
-4.910728E+00 -2.092234E+01 1.485000E+00
-5.522118E+00 -2.042051E+01 1.485000E+00
-5.491329E+00 -2.123258E+01 1.485000E+00
-5.858969E+00 -1.972793E+01 1.485000E+00
-6.229247E+00 -2.010840E+01 1.485000E+00
-6.029917E+00 -2.072537E+01 1.485000E+00
-6.048806E+00 -2.120075E+01 1.485000E+00
-6.528554E+00 -2.095640E+01 1.485000E+00
-6.457585E+00 -2.142394E+01 1.485000E+00
-4.867367E+00 -2.029872E+01 1.485000E+00
-5.293698E+00 -1.973385E+01 1.485000E+00
-6.599524E+00 -2.048886E+01 1.485000E+00
-6.046520E+00 -2.166529E+01 1.485000E+00
-4.777557E+00 -2.171742E+01 1.485000E+00
-5.635455E+00 -2.190664E+01 1.485000E+00
-4.281886E+00 -2.065474E+01 1.485000E+00
-4.281724E+00 -2.110533E+01 1.485000E+00
-4.728428E+00 -1.973976E+01 1.485000E+00
-4.282048E+00 -2.020414E+01 1.485000E+00
0 1 2
3 4 1
2 5 6
7 8 6
6 5 7
5 1 4
9 1 0
10 3 1
5 4 11
5 11 7
12 2 6
6 8 12
13 0 2
2 12 14
5 2 1
9 0 15
2 14 13
0 13 16
17 9 18
10 1 9
10 9 17
9 15 18
0 16 15









1444 9 0 
1444 9 0 
1444 9 0 
1444 8 0 
1444 8 0 
1444 8 0 






1006 0 0 
1006 0 0 
1006 0 0 
789 13 0 
789 13 0 
789 13 0 






1006 11 0 
1006 11 0 
1006 11 0 
789 14 0 
789 14 0 
789 14 0 
775 11 0 
775 11 0 
775 11 0 
782 7 0 
782 7 0 
782 7 0 



775 10 0 
775 10 0 
775 10 0 






0 0 0
0 0 0
0 0 0
0 0 0
0 0 0
0 0 0
0 0 0
0 0 0
0 0 0
0 0 0
0 0 0
0 0 0
0 0 0
0 0 0
0 0 0
0 0 0
0 0 0
0 0 0
0 0 0
