2
7790 7791 7792 7793 7794 7796 7797 
9
8
2.372621E+01 1.753738E+01 0.000000E+00
2.314314E+01 1.750414E+01 0.000000E+00
2.256008E+01 1.747090E+01 0.000000E+00
2.372621E+01 1.753738E+01 7.425000E-01
2.314314E+01 1.750414E+01 7.425000E-01
2.256008E+01 1.747090E+01 7.425000E-01
2.372621E+01 1.753738E+01 1.485000E+00
2.314314E+01 1.750414E+01 1.485000E+00
2.256008E+01 1.747090E+01 1.485000E+00
0 1 4
0 4 3
3 4 6
4 7 6
1 2 4
2 5 4
4 5 8
4 8 7
7790 11 0 
7790 11 0 
7790 11 0 
7790 12 0 
7790 12 0 
7790 12 0 
7790 1 0 
7790 1 0 
7790 1 0 
7794 5 0 
7794 5 0 
7794 5 0 






7791 11 0 
7791 11 0 
7791 11 0 
7791 12 0 
7791 12 0 
7791 12 0 
7791 1 0 
7791 1 0 
7791 1 0 
0 0 0
0 0 0
0 0 0
0 0 0
0 0 0
0 0 0
0 0 0
0 0 0
0 0 0
