2
7517 7518 7519 7520 7521 7523 7524 
9
8
-1.611041E+01 1.604748E+01 0.000000E+00
-1.671550E+01 1.621260E+01 0.000000E+00
-1.732059E+01 1.637773E+01 0.000000E+00
-1.611041E+01 1.604748E+01 7.425000E-01
-1.671550E+01 1.621260E+01 7.425000E-01
-1.732059E+01 1.637773E+01 7.425000E-01
-1.611041E+01 1.604748E+01 1.485000E+00
-1.671550E+01 1.621260E+01 1.485000E+00
-1.732059E+01 1.637773E+01 1.485000E+00
0 1 4
0 4 3
3 4 6
4 7 6
1 2 4
2 5 4
4 5 8
4 8 7
7517 11 0 
7517 11 0 
7517 11 0 
7517 3 0 
7517 3 0 
7517 3 0 
7509 8 0 
7509 8 0 
7509 8 0 
7521 3 0 
7521 3 0 
7521 3 0 



7513 5 0 
7513 5 0 
7513 5 0 
7518 11 0 
7518 11 0 
7518 11 0 
7518 3 0 
7518 3 0 
7518 3 0 
7510 8 0 
7510 8 0 
7510 8 0 
0 0 0
0 0 0
0 0 0
0 0 0
0 0 0
0 0 0
0 0 0
0 0 0
0 0 0
