2
6276 6277 6278 6279 6280 6281 6282 6283 6285 
6
4
-9.572917E+00 9.525312E+00 0.000000E+00
-1.006129E+01 8.816569E+00 0.000000E+00
-9.572917E+00 9.525312E+00 7.425000E-01
-1.006129E+01 8.816569E+00 7.425000E-01
-9.572917E+00 9.525312E+00 1.485000E+00
-1.006129E+01 8.816569E+00 1.485000E+00
0 1 3
0 3 2
2 3 5
2 5 4
6276 6 0 
6276 6 0 
6276 6 0 
6268 11 0 
6268 11 0 
6268 11 0 
6283 3 0 
6283 3 0 
6283 3 0 
6272 3 0 
6272 3 0 
6272 3 0 
6277 6 0 
6277 6 0 
6277 6 0 
6269 11 0 
6269 11 0 
6269 11 0 
0 0 0
0 0 0
0 0 0
0 0 0
0 0 0
0 0 0
