2
6693 6694 6696 6697 6698 6699 
9
8
-1.293148E+01 8.694557E+00 0.000000E+00
-1.239430E+01 8.456588E+00 0.000000E+00
-1.185712E+01 8.218619E+00 0.000000E+00
-1.293148E+01 8.694557E+00 7.425000E-01
-1.239430E+01 8.456588E+00 7.425000E-01
-1.185712E+01 8.218619E+00 7.425000E-01
-1.293148E+01 8.694557E+00 1.485000E+00
-1.239430E+01 8.456588E+00 1.485000E+00
-1.185712E+01 8.218619E+00 1.485000E+00
0 1 4
0 4 3
3 4 6
4 7 6
1 2 4
2 5 4
4 5 8
4 8 7
6260 10 0 
6260 10 0 
6260 10 0 
6260 7 0 
6260 7 0 
6260 7 0 
6260 6 0 
6260 6 0 
6260 6 0 
6265 5 0 
6265 5 0 
6265 5 0 
6265 4 0 
6265 4 0 
6265 4 0 
6264 3 0 
6264 3 0 
6264 3 0 
6261 10 0 
6261 10 0 
6261 10 0 
6261 7 0 
6261 7 0 
6261 7 0 
6261 6 0 
6261 6 0 
6261 6 0 
0 0 0
0 0 0
0 0 0
0 0 0
0 0 0
0 0 0
0 0 0
0 0 0
0 0 0
