0
439 441 442 443 444 445 446 447 
17
20
-8.584154E-01 -2.465561E+01 1.485000E+00
-1.459708E+00 -2.507962E+01 1.485000E+00
-8.673629E-01 -2.523100E+01 1.485000E+00
-1.028447E-02 -2.591056E+01 1.485000E+00
-2.871242E-01 -2.535994E+01 1.485000E+00
-7.561632E-01 -2.584880E+01 1.485000E+00
4.595649E-02 -2.488634E+01 1.485000E+00
3.212880E-01 -2.529016E+01 1.485000E+00
4.469939E-01 -2.640449E+01 1.485000E+00
8.484938E-03 -2.659898E+01 1.485000E+00
-9.242997E-01 -2.648977E+01 1.485000E+00
-1.418575E+00 -2.618608E+01 1.485000E+00
-4.300241E-01 -2.679347E+01 1.485000E+00
-4.118814E-01 -2.629794E+01 1.485000E+00
5.966194E-01 -2.569398E+01 1.485000E+00
-4.062294E-01 -2.477098E+01 1.485000E+00
-1.439142E+00 -2.563285E+01 1.485000E+00
0 1 2
3 4 5
6 4 7
8 3 9
10 5 11
2 5 4
10 12 13
8 14 3
15 0 2
16 11 5
1 16 2
10 13 5
15 4 6
5 13 3
2 16 5
2 4 15
7 4 3
9 3 13
14 7 3
12 9 13
























164 13 0 
164 13 0 
164 13 0 
164 3 0 
164 3 0 
164 3 0 
156 1 0 
156 1 0 
156 1 0 
156 2 0 
156 2 0 
156 2 0 
156 13 0 
156 13 0 
156 13 0 



432 11 0 
432 11 0 
432 11 0 






0 0 0
0 0 0
0 0 0
0 0 0
0 0 0
0 0 0
0 0 0
0 0 0
0 0 0
0 0 0
0 0 0
0 0 0
0 0 0
0 0 0
0 0 0
0 0 0
0 0 0
