2
5897 5898 5899 5900 5901 5902 5903 
6
4
-2.613711E+01 4.440835E+00 0.000000E+00
-2.580683E+01 3.576305E+00 0.000000E+00
-2.613711E+01 4.440835E+00 7.425000E-01
-2.580683E+01 3.576305E+00 7.425000E-01
-2.613711E+01 4.440835E+00 1.485000E+00
-2.580683E+01 3.576305E+00 1.485000E+00
0 1 3
0 3 2
2 3 5
2 5 4
5888 7 0 
5888 7 0 
5888 7 0 
5859 3 0 
5859 3 0 
5859 3 0 
5893 3 0 
5893 3 0 
5893 3 0 
5864 3 0 
5864 3 0 
5864 3 0 
5889 7 0 
5889 7 0 
5889 7 0 
5860 3 0 
5860 3 0 
5860 3 0 
0 0 0
0 0 0
0 0 0
0 0 0
0 0 0
0 0 0
