2
6758 6759 6760 6761 6763 6764 
9
8
-2.158527E+01 1.100469E+01 0.000000E+00
-2.201820E+01 1.131585E+01 0.000000E+00
-2.245112E+01 1.162701E+01 0.000000E+00
-2.158527E+01 1.100469E+01 7.425000E-01
-2.201820E+01 1.131585E+01 7.425000E-01
-2.245112E+01 1.162701E+01 7.425000E-01
-2.158527E+01 1.100469E+01 1.485000E+00
-2.201820E+01 1.131585E+01 1.485000E+00
-2.245112E+01 1.162701E+01 1.485000E+00
0 1 4
0 4 3
3 4 6
4 7 6
1 2 4
2 5 4
4 5 8
4 8 7
6749 3 0 
6749 3 0 
6749 3 0 
6758 8 0 
6758 8 0 
6758 8 0 
6758 1 0 
6758 1 0 
6758 1 0 
6756 3 0 
6756 3 0 
6756 3 0 






6750 3 0 
6750 3 0 
6750 3 0 
6759 8 0 
6759 8 0 
6759 8 0 
6759 1 0 
6759 1 0 
6759 1 0 
0 0 0
0 0 0
0 0 0
0 0 0
0 0 0
0 0 0
0 0 0
0 0 0
0 0 0
