2
4217 4218 4219 4220 4222 4223 4224 
9
8
2.586990E+01 -3.553443E+00 0.000000E+00
2.634757E+01 -3.091595E+00 0.000000E+00
2.682525E+01 -2.629747E+00 0.000000E+00
2.586990E+01 -3.553443E+00 7.425000E-01
2.634757E+01 -3.091595E+00 7.425000E-01
2.682525E+01 -2.629747E+00 7.425000E-01
2.586990E+01 -3.553443E+00 1.485000E+00
2.634757E+01 -3.091595E+00 1.485000E+00
2.682525E+01 -2.629747E+00 1.485000E+00
0 1 4
0 4 3
3 4 6
4 7 6
1 2 4
2 5 4
4 5 8
4 8 7
4024 5 0 
4024 5 0 
4024 5 0 
4217 5 0 
4217 5 0 
4217 5 0 
4217 3 0 
4217 3 0 
4217 3 0 
4028 5 0 
4028 5 0 
4028 5 0 






4025 5 0 
4025 5 0 
4025 5 0 
4218 5 0 
4218 5 0 
4218 5 0 
4218 3 0 
4218 3 0 
4218 3 0 
0 0 0
0 0 0
0 0 0
0 0 0
0 0 0
0 0 0
0 0 0
0 0 0
0 0 0
