0
1461 1463 1464 1465 1466 1467 
13
14
-2.855596E+00 -1.988618E+01 1.485000E+00
-3.568822E+00 -2.004516E+01 1.485000E+00
-3.150724E+00 -2.040156E+01 1.485000E+00
-2.664973E+00 -2.126375E+01 1.485000E+00
-2.301148E+00 -2.092325E+01 1.485000E+00
-3.045824E+00 -2.093805E+01 1.485000E+00
-3.028797E+00 -2.160425E+01 1.485000E+00
-3.720460E+00 -2.066741E+01 1.485000E+00
-2.578372E+00 -2.040471E+01 1.485000E+00
-4.282048E+00 -2.020414E+01 1.485000E+00
-4.281886E+00 -2.065474E+01 1.485000E+00
-4.281724E+00 -2.110533E+01 1.485000E+00
-3.655261E+00 -2.135479E+01 1.485000E+00
0 1 2
3 4 5
6 3 5
7 2 1
8 5 4
9 10 7
2 7 5
7 11 12
1 9 7
8 0 2
11 7 10
12 5 7
12 6 5
5 8 2









766 12 0 
766 12 0 
766 12 0 
766 11 0 
766 11 0 
766 11 0 



766 16 0 
766 16 0 
766 16 0 






1452 18 0 
1452 18 0 
1452 18 0 
1452 15 0 
1452 15 0 
1452 15 0 
775 10 0 
775 10 0 
775 10 0 
775 0 0 
775 0 0 
775 0 0 
0 0 0
0 0 0
0 0 0
0 0 0
0 0 0
0 0 0
0 0 0
0 0 0
0 0 0
0 0 0
0 0 0
0 0 0
0 0 0
