0
4822 4824 4825 4826 4827 4828 4829 
13
13
-4.013118E-02 -1.209205E+00 1.485000E+00
3.973815E-01 -1.018574E+00 1.485000E+00
-3.453168E-01 -4.155910E-01 1.485000E+00
-8.859594E-01 -1.032278E+00 1.485000E+00
-4.776438E-01 -1.399836E+00 1.485000E+00
-1.294275E+00 -6.647194E-01 1.485000E+00
-6.111946E-01 1.873405E-01 1.485000E+00
-1.221054E+00 -1.059053E-01 1.485000E+00
-4.740199E-01 7.695902E-01 1.485000E+00
-1.147832E+00 4.529089E-01 1.485000E+00
4.199404E-01 -4.475096E-01 1.485000E+00
4.424993E-01 1.235545E-01 1.485000E+00
-1.576029E-02 4.465724E-01 1.485000E+00
0 1 2
0 3 4
5 3 2
2 3 0
6 7 2
2 7 5
8 9 6
7 6 9
2 10 11
6 12 8
6 2 12
12 2 11
1 10 2
4712 9 0 
4712 9 0 
4712 9 0 
4712 8 0 
4712 8 0 
4712 8 0 



4697 11 0 
4697 11 0 
4697 11 0 
4697 6 0 
4697 6 0 
4697 6 0 
4697 12 0 
4697 12 0 
4697 12 0 












4815 4 0 
4815 4 0 
4815 4 0 
4815 6 0 
4815 6 0 
4815 6 0 



0 0 0
0 0 0
0 0 0
0 0 0
0 0 0
0 0 0
0 0 0
0 0 0
0 0 0
0 0 0
0 0 0
0 0 0
0 0 0
