0
878 880 881 882 883 884 885 
17
20
-2.467120E+01 -2.623197E+01 1.485000E+00
-2.451682E+01 -2.677920E+01 1.485000E+00
-2.400380E+01 -2.632423E+01 1.485000E+00
-2.576709E+01 -2.577765E+01 1.485000E+00
-2.534564E+01 -2.608586E+01 1.485000E+00
-2.542394E+01 -2.553898E+01 1.485000E+00
-2.479974E+01 -2.570116E+01 1.485000E+00
-2.411892E+01 -2.583942E+01 1.485000E+00
-2.423404E+01 -2.535461E+01 1.485000E+00
-2.598956E+01 -2.614084E+01 1.485000E+00
-2.499036E+01 -2.521492E+01 1.485000E+00
-2.577926E+01 -2.655285E+01 1.485000E+00
-2.514804E+01 -2.666602E+01 1.485000E+00
-2.574667E+01 -2.507524E+01 1.485000E+00
-2.597327E+01 -2.540204E+01 1.485000E+00
-2.536851E+01 -2.514508E+01 1.485000E+00
-2.619986E+01 -2.572884E+01 1.485000E+00
0 1 2
3 4 5
6 7 8
3 9 4
8 10 6
2 7 0
11 4 9
1 0 12
4 11 12
12 0 4
13 14 5
4 0 6
5 4 6
15 5 10
5 6 10
0 7 6
9 3 16
5 15 13
14 3 5
14 16 3



25 0 0 
25 0 0 
25 0 0 
32 9 0 
32 9 0 
32 9 0 












870 7 0 
870 7 0 
870 7 0 
870 14 0 
870 14 0 
870 14 0 
17 13 0 
17 13 0 
17 13 0 



17 12 0 
17 12 0 
17 12 0 
25 9 0 
25 9 0 
25 9 0 









17 14 0 
17 14 0 
17 14 0 
0 0 0
0 0 0
0 0 0
0 0 0
0 0 0
0 0 0
0 0 0
0 0 0
0 0 0
0 0 0
0 0 0
0 0 0
0 0 0
0 0 0
0 0 0
0 0 0
0 0 0
