2
2340 2341 2342 2343 2345 2346 2347 
9
8
1.981370E+01 -1.355294E+01 0.000000E+00
1.973287E+01 -1.303848E+01 0.000000E+00
1.965204E+01 -1.252402E+01 0.000000E+00
1.981370E+01 -1.355294E+01 7.425000E-01
1.973287E+01 -1.303848E+01 7.425000E-01
1.965204E+01 -1.252402E+01 7.425000E-01
1.981370E+01 -1.355294E+01 1.485000E+00
1.973287E+01 -1.303848E+01 1.485000E+00
1.965204E+01 -1.252402E+01 1.485000E+00
0 1 4
0 4 3
3 4 6
4 7 6
1 2 4
2 5 4
4 5 8
4 8 7
2332 3 0 
2332 3 0 
2332 3 0 
2340 8 0 
2340 8 0 
2340 8 0 
2340 13 0 
2340 13 0 
2340 13 0 
2338 5 0 
2338 5 0 
2338 5 0 






2333 3 0 
2333 3 0 
2333 3 0 
2341 8 0 
2341 8 0 
2341 8 0 
2341 13 0 
2341 13 0 
2341 13 0 
0 0 0
0 0 0
0 0 0
0 0 0
0 0 0
0 0 0
0 0 0
0 0 0
0 0 0
