0
9762 9764 9765 9766 9767 9768 9769 
14
16
2.230449E+01 2.761484E+01 1.485000E+00
2.286450E+01 2.808218E+01 1.485000E+00
2.235216E+01 2.826026E+01 1.485000E+00
2.301505E+01 2.745436E+01 1.485000E+00
2.235318E+01 2.686935E+01 1.485000E+00
2.220742E+01 2.881717E+01 1.485000E+00
2.170088E+01 2.892435E+01 1.485000E+00
2.181638E+01 2.820166E+01 1.485000E+00
2.117894E+01 2.828859E+01 1.485000E+00
2.130606E+01 2.775773E+01 1.485000E+00
2.176601E+01 2.759496E+01 1.485000E+00
2.143318E+01 2.722687E+01 1.485000E+00
2.189318E+01 2.704811E+01 1.485000E+00
2.271395E+01 2.871000E+01 1.485000E+00
0 1 2
3 0 4
5 6 7
2 7 0
8 9 7
0 7 10
6 8 7
10 9 11
11 12 10
4 0 12
7 9 10
12 0 10
3 1 0
13 2 1
5 7 2
5 2 13









8753 10 0 
8753 10 0 
8753 10 0 
8753 5 0 
8753 5 0 
8753 5 0 
263 9 0 
263 9 5.675002e+01 
263 9 0 
255 12 0 
255 12 5.675002e+01 
255 12 0 



255 11 0 
255 11 5.675002e+01 
255 11 0 
9756 8 0 
9756 8 0 
9756 8 0 



8761 11 0 
8761 11 0 
8761 11 0 
8761 5 0 
8761 5 0 
8761 5 0 
263 14 0 
263 14 5.675002e+01 
263 14 0 
0 0 0
0 0 0
0 0 0
0 0 0
0 0 0
0 0 0
0 0 0
0 0 0
0 0 0
0 0 0
0 0 0
0 0 0
0 0 0
0 0 0
