2
6071 6072 6073 6074 6075 6076 6078 6079 
9
8
-1.847862E+01 6.837858E+00 0.000000E+00
-1.896634E+01 6.596873E+00 0.000000E+00
-1.945407E+01 6.355888E+00 0.000000E+00
-1.847862E+01 6.837858E+00 7.425000E-01
-1.896634E+01 6.596873E+00 7.425000E-01
-1.945407E+01 6.355888E+00 7.425000E-01
-1.847862E+01 6.837858E+00 1.485000E+00
-1.896634E+01 6.596873E+00 1.485000E+00
-1.945407E+01 6.355888E+00 1.485000E+00
0 1 4
0 4 3
3 4 6
4 7 6
1 2 4
2 5 4
4 5 8
4 8 7
6071 14 0 
6071 14 0 
6071 14 0 
6071 0 0 
6071 0 0 
6071 0 0 
6071 1 0 
6071 1 0 
6071 1 0 
6076 5 0 
6076 5 0 
6076 5 0 






6072 14 0 
6072 14 0 
6072 14 0 
6072 0 0 
6072 0 0 
6072 0 0 
6072 1 0 
6072 1 0 
6072 1 0 
0 0 0
0 0 0
0 0 0
0 0 0
0 0 0
0 0 0
0 0 0
0 0 0
0 0 0
