2
3390 3391 3392 3393 3395 3396 3397 
6
4
1.634887E+01 -8.230001E+00 0.000000E+00
1.627445E+01 -7.386161E+00 0.000000E+00
1.634887E+01 -8.230001E+00 7.425000E-01
1.627445E+01 -7.386161E+00 7.425000E-01
1.634887E+01 -8.230001E+00 1.485000E+00
1.627445E+01 -7.386161E+00 1.485000E+00
0 1 3
0 3 2
2 3 5
2 5 4
3244 9 0 
3244 9 0 
3244 9 0 
3381 15 0 
3381 15 0 
3381 15 0 
3249 3 0 
3249 3 0 
3249 3 0 
3388 5 0 
3388 5 0 
3388 5 0 
3245 9 0 
3245 9 0 
3245 9 0 
3382 15 0 
3382 15 0 
3382 15 0 
0 0 0
0 0 0
0 0 0
0 0 0
0 0 0
0 0 0
