2
4049 4050 4051 4052 4053 4054 
9
8
1.965204E+01 -3.836009E+00 0.000000E+00
1.957924E+01 -4.435444E+00 0.000000E+00
1.950644E+01 -5.034878E+00 0.000000E+00
1.965204E+01 -3.836009E+00 7.425000E-01
1.957924E+01 -4.435444E+00 7.425000E-01
1.950644E+01 -5.034878E+00 7.425000E-01
1.965204E+01 -3.836009E+00 1.485000E+00
1.957924E+01 -4.435444E+00 1.485000E+00
1.950644E+01 -5.034878E+00 1.485000E+00
0 1 4
0 4 3
3 4 6
4 7 6
1 2 4
2 5 4
4 5 8
4 8 7
4049 9 0 
4049 9 0 
4049 9 0 
4049 2 0 
4049 2 0 
4049 2 0 
3960 9 0 
3960 9 0 
3960 9 0 
4054 5 0 
4054 5 0 
4054 5 0 



3967 3 0 
3967 3 0 
3967 3 0 
4050 9 0 
4050 9 0 
4050 9 0 
4050 2 0 
4050 2 0 
4050 2 0 
3961 9 0 
3961 9 0 
3961 9 0 
0 0 0
0 0 0
0 0 0
0 0 0
0 0 0
0 0 0
0 0 0
0 0 0
0 0 0
