1
7423 7424 7425 7426 7427 7428 
14
15
-2.848883E+01 1.571434E+01 0.000000E+00
-2.776528E+01 1.520342E+01 0.000000E+00
-2.801416E+01 1.583565E+01 0.000000E+00
-2.811849E+01 1.472335E+01 0.000000E+00
-2.848389E+01 1.501737E+01 0.000000E+00
-2.848142E+01 1.466888E+01 0.000000E+00
-2.727171E+01 1.455940E+01 0.000000E+00
-2.696112E+01 1.503316E+01 0.000000E+00
-2.803062E+01 1.420301E+01 0.000000E+00
-2.773928E+01 1.458812E+01 0.000000E+00
-2.758229E+01 1.408563E+01 0.000000E+00
-2.847894E+01 1.432040E+01 0.000000E+00
-2.753949E+01 1.595695E+01 0.000000E+00
-2.725030E+01 1.549506E+01 0.000000E+00
2 1 0
5 4 3
4 1 3
1 7 6
9 8 3
8 9 10
11 3 8
5 3 11
2 12 1
3 1 9
1 6 9
9 6 10
12 13 1
13 7 1
0 1 4


















7405 10 0 
7405 10 0 
7405 10 0 
7405 11 0 
7405 11 0 
7405 11 0 
7413 0 0 
7413 0 0 
7413 0 0 



7405 9 0 
7405 9 0 
7405 9 0 
7413 1 0 
7413 1 0 
7413 1 0 






1 1 1
1 1 1
1 1 1
1 1 1
1 1 1
1 1 1
1 1 1
1 1 1
1 1 1
1 1 1
1 1 1
1 1 1
1 1 1
1 1 1
