2
2268 2269 2270 2271 2272 2273 2274 
9
8
1.294150E+01 -1.578291E+01 0.000000E+00
1.297399E+01 -1.646063E+01 0.000000E+00
1.300649E+01 -1.713834E+01 0.000000E+00
1.294150E+01 -1.578291E+01 7.425000E-01
1.297399E+01 -1.646063E+01 7.425000E-01
1.300649E+01 -1.713834E+01 7.425000E-01
1.294150E+01 -1.578291E+01 1.485000E+00
1.297399E+01 -1.646063E+01 1.485000E+00
1.300649E+01 -1.713834E+01 1.485000E+00
0 1 4
0 4 3
3 4 6
4 7 6
1 2 4
2 5 4
4 5 8
4 8 7
2268 9 0 
2268 9 0 
2268 9 0 
2268 8 0 
2268 8 0 
2268 8 0 
2036 12 0 
2036 12 0 
2036 12 0 
2274 3 0 
2274 3 0 
2274 3 0 



2042 3 0 
2042 3 0 
2042 3 0 
2269 9 0 
2269 9 0 
2269 9 0 
2269 8 0 
2269 8 0 
2269 8 0 
2037 12 0 
2037 12 0 
2037 12 0 
0 0 0
0 0 0
0 0 0
0 0 0
0 0 0
0 0 0
0 0 0
0 0 0
0 0 0
