2
4161 4162 4163 4164 4165 4166 4167 
6
4
1.264011E+01 -3.855110E+00 0.000000E+00
1.292934E+01 -4.695448E+00 0.000000E+00
1.264011E+01 -3.855110E+00 7.425000E-01
1.292934E+01 -4.695448E+00 7.425000E-01
1.264011E+01 -3.855110E+00 1.485000E+00
1.292934E+01 -4.695448E+00 1.485000E+00
0 1 3
0 3 2
2 3 5
2 5 4
4089 10 0 
4089 10 0 
4089 10 0 
4081 13 0 
4081 13 0 
4081 13 0 
4094 3 0 
4094 3 0 
4094 3 0 
4086 5 0 
4086 5 0 
4086 5 0 
4090 10 0 
4090 10 0 
4090 10 0 
4082 13 0 
4082 13 0 
4082 13 0 
0 0 0
0 0 0
0 0 0
0 0 0
0 0 0
0 0 0
