2
2869 2870 2871 2872 2873 2875 
9
8
-1.219148E+01 -9.794226E+00 0.000000E+00
-1.276338E+01 -1.016967E+01 0.000000E+00
-1.333528E+01 -1.054511E+01 0.000000E+00
-1.219148E+01 -9.794226E+00 7.425000E-01
-1.276338E+01 -1.016967E+01 7.425000E-01
-1.333528E+01 -1.054511E+01 7.425000E-01
-1.219148E+01 -9.794226E+00 1.485000E+00
-1.276338E+01 -1.016967E+01 1.485000E+00
-1.333528E+01 -1.054511E+01 1.485000E+00
0 1 4
0 4 3
3 4 6
4 7 6
1 2 4
2 5 4
4 5 8
4 8 7
2869 3 0 
2869 3 0 
2869 3 0 
2869 7 0 
2869 7 0 
2869 7 0 
2869 8 0 
2869 8 0 
2869 8 0 
2873 3 0 
2873 3 0 
2873 3 0 






2870 3 0 
2870 3 0 
2870 3 0 
2870 7 0 
2870 7 0 
2870 7 0 
2870 8 0 
2870 8 0 
2870 8 0 
0 0 0
0 0 0
0 0 0
0 0 0
0 0 0
0 0 0
0 0 0
0 0 0
0 0 0
