0
7148 7150 7151 7152 7153 7154 7155 
14
16
1.965804E+01 1.478006E+01 1.485000E+00
2.010483E+01 1.460092E+01 1.485000E+00
2.004378E+01 1.506048E+01 1.485000E+00
1.993255E+01 1.335361E+01 1.485000E+00
2.048035E+01 1.368134E+01 1.485000E+00
1.987016E+01 1.411756E+01 1.485000E+00
2.053540E+01 1.299394E+01 1.485000E+00
2.111652E+01 1.333290E+01 1.485000E+00
2.050386E+01 1.486820E+01 1.485000E+00
2.104023E+01 1.400440E+01 1.485000E+00
2.050356E+01 1.428981E+01 1.485000E+00
2.096394E+01 1.467591E+01 1.485000E+00
1.932970E+01 1.371329E+01 1.485000E+00
1.927231E+01 1.449965E+01 1.485000E+00
0 1 2
3 4 5
6 7 4
8 2 1
9 4 7
1 10 8
10 4 9
8 10 11
1 5 10
10 9 11
3 5 12
4 10 5
6 4 3
12 5 13
1 0 5
13 5 0









7142 5 0 
7142 5 0 
7142 5 0 






7117 8 0 
7117 8 0 
7117 8 0 
7117 7 0 
7117 7 0 
7117 7 0 












7142 7 0 
7142 7 0 
7142 7 0 



0 0 0
0 0 0
0 0 0
0 0 0
0 0 0
0 0 0
0 0 0
0 0 0
0 0 0
0 0 0
0 0 0
0 0 0
0 0 0
0 0 0
