2
5455 5456 5457 5458 5459 5461 5462 5463 
9
8
1.475291E+01 3.246117E+00 0.000000E+00
1.413451E+01 3.433384E+00 0.000000E+00
1.351610E+01 3.620651E+00 0.000000E+00
1.475291E+01 3.246117E+00 7.425000E-01
1.413451E+01 3.433384E+00 7.425000E-01
1.351610E+01 3.620651E+00 7.425000E-01
1.475291E+01 3.246117E+00 1.485000E+00
1.413451E+01 3.433384E+00 1.485000E+00
1.351610E+01 3.620651E+00 1.485000E+00
0 1 4
0 4 3
3 4 6
4 7 6
1 2 4
2 5 4
4 5 8
4 8 7
5447 12 0 
5447 12 0 
5447 12 0 
5455 1 0 
5455 1 0 
5455 1 0 
5455 7 0 
5455 7 0 
5455 7 0 
5449 2 0 
5449 2 0 
5449 2 0 






5448 12 0 
5448 12 0 
5448 12 0 
5456 1 0 
5456 1 0 
5456 1 0 
5456 7 0 
5456 7 0 
5456 7 0 
0 0 0
0 0 0
0 0 0
0 0 0
0 0 0
0 0 0
0 0 0
0 0 0
0 0 0
