1
1608 1609 1610 1611 1612 1613 
11
10
2.534472E+01 -2.465691E+01 0.000000E+00
2.456016E+01 -2.421081E+01 0.000000E+00
2.482294E+01 -2.495955E+01 0.000000E+00
2.376553E+01 -2.398191E+01 0.000000E+00
2.389103E+01 -2.490199E+01 0.000000E+00
2.405017E+01 -2.342203E+01 0.000000E+00
2.348089E+01 -2.454179E+01 0.000000E+00
2.461800E+01 -2.353375E+01 0.000000E+00
2.518582E+01 -2.364546E+01 0.000000E+00
2.526527E+01 -2.415119E+01 0.000000E+00
2.430117E+01 -2.526219E+01 0.000000E+00
2 1 0
1 4 3
1 3 5
6 3 4
5 7 1
1 7 8
9 1 8
1 9 0
10 4 2
4 1 2
296 5 0 
296 5 0 
296 5 0 



296 3 0 
296 3 0 
296 3 0 
1598 0 0 
1598 0 0 
1598 0 0 
304 0 0 
304 0 0 
304 0 0 
1598 13 0 
1598 13 0 
1598 13 0 
304 1 0 
304 1 0 
304 1 0 









296 11 0 
296 11 0 
296 11 0 
1 1 1
1 1 1
1 1 1
1 1 1
1 1 1
1 1 1
1 1 1
1 1 1
1 1 1
1 1 1
1 1 1
