2
8173 8174 8175 8176 8178 8179 8180 
9
8
-9.666393E+00 1.589920E+01 0.000000E+00
-9.537854E+00 1.652866E+01 0.000000E+00
-9.409315E+00 1.715812E+01 0.000000E+00
-9.666393E+00 1.589920E+01 7.425000E-01
-9.537854E+00 1.652866E+01 7.425000E-01
-9.409315E+00 1.715812E+01 7.425000E-01
-9.666393E+00 1.589920E+01 1.485000E+00
-9.537854E+00 1.652866E+01 1.485000E+00
-9.409315E+00 1.715812E+01 1.485000E+00
0 1 4
0 4 3
3 4 6
4 7 6
1 2 4
2 5 4
4 5 8
4 8 7
7556 10 0 
7556 10 0 
7556 10 0 
7564 11 0 
7564 11 0 
7564 11 0 
7564 13 0 
7564 13 0 
7564 13 0 
7561 5 0 
7561 5 0 
7561 5 0 
7572 4 0 
7572 4 0 
7572 4 0 
7571 3 0 
7571 3 0 
7571 3 0 
7557 10 0 
7557 10 0 
7557 10 0 
7565 11 0 
7565 11 0 
7565 11 0 
7565 13 0 
7565 13 0 
7565 13 0 
0 0 0
0 0 0
0 0 0
0 0 0
0 0 0
0 0 0
0 0 0
0 0 0
0 0 0
