0
9387 9389 9390 9391 9392 9393 9394 
14
16
-6.963235E+00 2.538981E+01 1.485000E+00
-6.725674E+00 2.592853E+01 1.485000E+00
-7.313854E+00 2.590476E+01 1.485000E+00
-6.594109E+00 2.488513E+01 1.485000E+00
-7.261538E+00 2.485067E+01 1.485000E+00
-7.082799E+00 2.647234E+01 1.485000E+00
-7.586537E+00 2.645751E+01 1.485000E+00
-6.142744E+00 2.602686E+01 1.485000E+00
-6.328298E+00 2.544441E+01 1.485000E+00
-5.706425E+00 2.556653E+01 1.485000E+00
-7.593525E+00 2.538688E+01 1.485000E+00
-6.579062E+00 2.648718E+01 1.485000E+00
-5.926680E+00 2.491958E+01 1.485000E+00
-7.925513E+00 2.592308E+01 1.485000E+00
0 1 2
3 0 4
5 6 2
7 8 9
10 4 0
0 2 10
1 11 5
1 8 7
11 1 7
12 9 8
2 6 13
2 1 5
8 1 0
13 10 2
3 8 0
3 12 8









9196 12 0 
9196 12 0 
9196 12 0 
9196 4 0 
9196 4 0 
9196 4 0 






9381 4 0 
9381 4 0 
9381 4 0 



9204 10 0 
9204 10 0 
9204 10 0 



9381 6 0 
9381 6 0 
9381 6 0 
9196 13 0 
9196 13 0 
9196 13 0 



0 0 0
0 0 0
0 0 0
0 0 0
0 0 0
0 0 0
0 0 0
0 0 0
0 0 0
0 0 0
0 0 0
0 0 0
0 0 0
0 0 0
