2
1038 1039 1040 1041 1042 1043 1044 
9
8
-1.519628E+01 -2.166764E+01 0.000000E+00
-1.503310E+01 -2.211645E+01 0.000000E+00
-1.486992E+01 -2.256527E+01 0.000000E+00
-1.519628E+01 -2.166764E+01 7.425000E-01
-1.503310E+01 -2.211645E+01 7.425000E-01
-1.486992E+01 -2.256527E+01 7.425000E-01
-1.519628E+01 -2.166764E+01 1.485000E+00
-1.503310E+01 -2.211645E+01 1.485000E+00
-1.486992E+01 -2.256527E+01 1.485000E+00
0 1 4
0 4 3
3 4 6
4 7 6
1 2 4
2 5 4
4 5 8
4 8 7
1038 0 0 
1038 0 0 
1038 0 0 
1038 1 0 
1038 1 0 
1038 1 0 
973 6 0 
973 6 0 
973 6 0 
1044 3 0 
1044 3 0 
1044 3 0 



978 5 0 
978 5 0 
978 5 0 
1039 0 0 
1039 0 0 
1039 0 0 
1039 1 0 
1039 1 0 
1039 1 0 
974 6 0 
974 6 0 
974 6 0 
0 0 0
0 0 0
0 0 0
0 0 0
0 0 0
0 0 0
0 0 0
0 0 0
0 0 0
