2
6685 6686 6687 6688 6689 6691 6692 
9
8
-1.011083E+01 1.057584E+01 0.000000E+00
-1.064236E+01 1.062498E+01 0.000000E+00
-1.117390E+01 1.067413E+01 0.000000E+00
-1.011083E+01 1.057584E+01 7.425000E-01
-1.064236E+01 1.062498E+01 7.425000E-01
-1.117390E+01 1.067413E+01 7.425000E-01
-1.011083E+01 1.057584E+01 1.485000E+00
-1.064236E+01 1.062498E+01 1.485000E+00
-1.117390E+01 1.067413E+01 1.485000E+00
0 1 4
0 4 3
3 4 6
4 7 6
1 2 4
2 5 4
4 5 8
4 8 7
6678 9 0 
6678 9 0 
6678 9 0 
6685 11 0 
6685 11 0 
6685 11 0 
6685 12 0 
6685 12 0 
6685 12 0 
6683 5 0 
6683 5 0 
6683 5 0 






6679 9 0 
6679 9 0 
6679 9 0 
6686 11 0 
6686 11 0 
6686 11 0 
6686 12 0 
6686 12 0 
6686 12 0 
0 0 0
0 0 0
0 0 0
0 0 0
0 0 0
0 0 0
0 0 0
0 0 0
0 0 0
