2
4498 4499 4500 4501 4502 4503 4504 4506 
6
4
-1.784448E+01 -2.247755E+00 0.000000E+00
-1.870416E+01 -2.463567E+00 0.000000E+00
-1.784448E+01 -2.247755E+00 7.425000E-01
-1.870416E+01 -2.463567E+00 7.425000E-01
-1.784448E+01 -2.247755E+00 1.485000E+00
-1.870416E+01 -2.463567E+00 1.485000E+00
0 1 3
0 3 2
2 3 5
2 5 4
4498 7 0 
4498 7 0 
4498 7 0 
4498 8 0 
4498 8 0 
4498 8 0 
4504 5 0 
4504 5 0 
4504 5 0 



4499 7 0 
4499 7 0 
4499 7 0 
4499 8 0 
4499 8 0 
4499 8 0 
0 0 0
0 0 0
0 0 0
0 0 0
0 0 0
0 0 0
