2
4837 4838 4839 4840 4842 4843 4844 4845 
6
4
-2.236194E+00 9.894998E-01 0.000000E+00
-2.377258E+00 1.805105E+00 0.000000E+00
-2.236194E+00 9.894998E-01 7.425000E-01
-2.377258E+00 1.805105E+00 7.425000E-01
-2.236194E+00 9.894998E-01 1.485000E+00
-2.377258E+00 1.805105E+00 1.485000E+00
0 1 3
0 3 2
2 3 5
2 5 4
4830 10 0 
4830 10 0 
4830 10 0 
4837 14 0 
4837 14 0 
4837 14 0 
4834 5 0 
4834 5 0 
4834 5 0 



4831 10 0 
4831 10 0 
4831 10 0 
4838 14 0 
4838 14 0 
4838 14 0 
0 0 0
0 0 0
0 0 0
0 0 0
0 0 0
0 0 0
