2
7635 7636 7637 7638 7639 7640 7641 
9
8
3.600124E+00 1.469821E+01 0.000000E+00
3.926120E+00 1.430099E+01 0.000000E+00
4.252117E+00 1.390377E+01 0.000000E+00
3.600124E+00 1.469821E+01 7.425000E-01
3.926120E+00 1.430099E+01 7.425000E-01
4.252117E+00 1.390377E+01 7.425000E-01
3.600124E+00 1.469821E+01 1.485000E+00
3.926120E+00 1.430099E+01 1.485000E+00
4.252117E+00 1.390377E+01 1.485000E+00
0 1 4
0 4 3
3 4 6
4 7 6
1 2 4
2 5 4
4 5 8
4 8 7
7236 4 0 
7236 4 0 
7236 4 0 
7236 5 0 
7236 5 0 
7236 5 0 
7227 0 0 
7227 0 0 
7227 0 0 
7240 5 0 
7240 5 0 
7240 5 0 
7240 4 0 
7240 4 0 
7240 4 0 
7234 3 0 
7234 3 0 
7234 3 0 
7237 4 0 
7237 4 0 
7237 4 0 
7237 5 0 
7237 5 0 
7237 5 0 
7228 0 0 
7228 0 0 
7228 0 0 
0 0 0
0 0 0
0 0 0
0 0 0
0 0 0
0 0 0
0 0 0
0 0 0
0 0 0
