1
4612 4613 4614 4615 4616 4617 4618 
14
16
-1.445219E+01 -2.376399E+00 0.000000E+00
-1.504217E+01 -2.023472E+00 0.000000E+00
-1.514463E+01 -2.756446E+00 0.000000E+00
-1.545227E+01 -1.518349E+00 0.000000E+00
-1.600302E+01 -1.730342E+00 0.000000E+00
-1.559619E+01 -1.987370E+00 0.000000E+00
-1.438042E+01 -1.664591E+00 0.000000E+00
-1.489300E+01 -1.317365E+00 0.000000E+00
-1.602421E+01 -2.199793E+00 0.000000E+00
-1.536008E+01 -9.444233E-01 0.000000E+00
-1.598183E+01 -1.260891E+00 0.000000E+00
-1.430866E+01 -9.527825E-01 0.000000E+00
-1.473834E+01 -6.279552E-01 0.000000E+00
-1.558442E+01 -2.478119E+00 0.000000E+00
2 1 0
5 4 3
0 1 6
1 5 3
7 1 3
4 5 8
10 9 3
12 11 7
11 6 7
7 3 9
3 4 10
7 9 12
1 13 5
13 8 5
1 2 13
7 6 1
4474 10 0 
4474 10 0 
4474 10 0 



4474 9 0 
4474 9 0 
4474 9 0 



4603 5 0 
4603 5 0 
4603 5 0 









4490 10 0 
4490 10 0 
4490 10 0 



4603 3 0 
4603 3 0 
4603 3 0 






4490 6 0 
4490 6 0 
4490 6 0 
0 0 0
0 0 0
0 0 0
0 0 0
0 0 0
0 0 0
0 0 0
0 0 0
0 0 0
0 0 0
0 0 0
0 0 0
0 0 0
0 0 0
