0
7845 7847 7848 7849 7850 7851 7852 
15
17
1.455356E+01 1.789942E+01 1.485000E+00
1.507488E+01 1.831607E+01 1.485000E+00
1.465806E+01 1.856131E+01 1.485000E+00
1.501425E+01 1.761192E+01 1.485000E+00
1.358912E+01 1.802851E+01 1.485000E+00
1.402923E+01 1.753243E+01 1.485000E+00
1.412359E+01 1.829491E+01 1.485000E+00
1.549170E+01 1.807083E+01 1.485000E+00
1.545245E+01 1.724098E+01 1.485000E+00
1.492432E+01 1.691605E+01 1.485000E+00
1.448032E+01 1.722413E+01 1.485000E+00
1.354939E+01 1.753657E+01 1.485000E+00
1.350967E+01 1.704462E+01 1.485000E+00
1.395293E+01 1.681787E+01 1.485000E+00
1.439620E+01 1.659111E+01 1.485000E+00
0 1 2
0 3 1
4 5 6
6 0 2
7 3 8
9 8 3
10 9 3
1 3 7
11 5 4
12 5 11
10 3 0
13 10 5
5 0 6
5 10 0
5 12 13
13 14 10
14 9 10





















7830 7 0 
7830 7 0 
7830 7 0 
7830 5 0 
7830 5 0 
7830 5 0 
7839 1 0 
7839 1 0 
7839 1 0 






7684 12 0 
7684 12 0 
7684 12 0 
7684 15 0 
7684 15 0 
7684 15 0 
7684 16 0 
7684 16 0 
7684 16 0 
0 0 0
0 0 0
0 0 0
0 0 0
0 0 0
0 0 0
0 0 0
0 0 0
0 0 0
0 0 0
0 0 0
0 0 0
0 0 0
0 0 0
0 0 0
