2
351 352 354 355 356 357 
9
8
1.371805E+01 -2.856618E+01 0.000000E+00
1.427667E+01 -2.824846E+01 0.000000E+00
1.483530E+01 -2.793074E+01 0.000000E+00
1.371805E+01 -2.856618E+01 7.425000E-01
1.427667E+01 -2.824846E+01 7.425000E-01
1.483530E+01 -2.793074E+01 7.425000E-01
1.371805E+01 -2.856618E+01 1.485000E+00
1.427667E+01 -2.824846E+01 1.485000E+00
1.483530E+01 -2.793074E+01 1.485000E+00
0 1 4
0 4 3
3 4 6
4 7 6
1 2 4
2 5 4
4 5 8
4 8 7
220 8 0 
220 8 0 
220 8 0 
229 6 0 
229 6 0 
229 6 0 
229 2 0 
229 2 0 
229 2 0 
224 3 0 
224 3 0 
224 3 0 
236 4 0 
236 4 0 
236 4 0 
235 5 0 
235 5 0 
235 5 0 
221 8 0 
221 8 0 
221 8 0 
230 6 0 
230 6 0 
230 6 0 
230 2 0 
230 2 0 
230 2 0 
0 0 0
0 0 0
0 0 0
0 0 0
0 0 0
0 0 0
0 0 0
0 0 0
0 0 0
