2
6981 6982 6983 6984 6985 6986 6987 
6
4
6.271623E+00 1.089646E+01 0.000000E+00
6.588726E+00 1.006157E+01 0.000000E+00
6.271623E+00 1.089646E+01 7.425000E-01
6.588726E+00 1.006157E+01 7.425000E-01
6.271623E+00 1.089646E+01 1.485000E+00
6.588726E+00 1.006157E+01 1.485000E+00
0 1 3
0 3 2
2 3 5
2 5 4
6597 12 0 
6597 12 0 
6597 12 0 
6588 9 0 
6588 9 0 
6588 9 0 
6602 3 0 
6602 3 0 
6602 3 0 
6594 5 0 
6594 5 0 
6594 5 0 
6598 12 0 
6598 12 0 
6598 12 0 
6589 9 0 
6589 9 0 
6589 9 0 
0 0 0
0 0 0
0 0 0
0 0 0
0 0 0
0 0 0
