0
2762 2764 2765 2766 2767 2768 2769 
14
16
-2.072078E+01 -1.359968E+01 1.485000E+00
-2.026173E+01 -1.328408E+01 1.485000E+00
-2.081945E+01 -1.301378E+01 1.485000E+00
-2.131886E+01 -1.337699E+01 1.485000E+00
-2.118859E+01 -1.399647E+01 1.485000E+00
-2.035185E+01 -1.264587E+01 1.485000E+00
-2.194734E+01 -1.316965E+01 1.485000E+00
-2.177595E+01 -1.382730E+01 1.485000E+00
-2.141211E+01 -1.277338E+01 1.485000E+00
-2.060123E+01 -1.416563E+01 1.485000E+00
-2.020674E+01 -1.389543E+01 1.485000E+00
-2.087687E+01 -1.237711E+01 1.485000E+00
-1.982683E+01 -1.291463E+01 1.485000E+00
-1.981224E+01 -1.362523E+01 1.485000E+00
0 1 2
0 3 4
1 5 2
6 7 3
3 8 6
2 8 3
0 9 10
7 4 3
0 10 1
2 11 8
3 0 2
4 9 0
2 5 11
1 12 5
13 1 10
13 12 1












2651 1 0 
2651 1 0 
2651 1 0 



2658 2 0 
2658 2 0 
2658 2 0 
2651 3 0 
2651 3 0 
2651 3 0 
2755 11 0 
2755 11 0 
2755 11 0 
2643 3 0 
2643 3 0 
2643 3 0 
2643 9 0 
2643 9 0 
2643 9 0 
2755 6 0 
2755 6 0 
2755 6 0 



2643 12 0 
2643 12 0 
2643 12 0 
0 0 0
0 0 0
0 0 0
0 0 0
0 0 0
0 0 0
0 0 0
0 0 0
0 0 0
0 0 0
0 0 0
0 0 0
0 0 0
0 0 0
