0
9504 9506 9507 9508 9509 9510 9511 
15
17
-2.928658E+01 2.376285E+01 1.485000E+00
-2.931990E+01 2.320614E+01 1.485000E+00
-2.864079E+01 2.348239E+01 1.485000E+00
-2.764050E+01 2.280499E+01 1.485000E+00
-2.825381E+01 2.259720E+01 1.485000E+00
-2.772871E+01 2.231703E+01 1.485000E+00
-2.874372E+01 2.290665E+01 1.485000E+00
-2.835977E+01 2.200701E+01 1.485000E+00
-2.814420E+01 2.314686E+01 1.485000E+00
-2.885649E+01 2.232821E+01 1.485000E+00
-2.794728E+01 2.369783E+01 1.485000E+00
-2.755230E+01 2.329296E+01 1.485000E+00
-2.834226E+01 2.410271E+01 1.485000E+00
-2.881442E+01 2.393278E+01 1.485000E+00
-2.935322E+01 2.264942E+01 1.485000E+00
0 1 2
3 4 5
1 6 2
7 5 4
6 4 8
9 7 4
10 8 11
12 13 2
8 4 3
8 3 11
9 4 6
14 9 6
2 6 8
1 14 6
10 2 8
13 0 2
12 2 10
8680 7 -5.675002e+01 
8680 7 0 
8680 7 0 
8680 12 -5.675002e+01 
8680 12 0 
8680 12 0 



9498 1 0 
9498 1 0 
9498 1 0 



9075 6 0 
9075 6 0 
9075 6 0 



8672 13 -5.675002e+01 
8672 13 0 
8672 13 0 



8672 3 -5.675002e+01 
8672 3 0 
8672 3 0 



9498 9 0 
9498 9 0 
9498 9 0 
8728 16 -5.675002e+01 
8728 16 0 
8728 16 0 
8728 13 -5.675002e+01 
8728 13 0 
8728 13 0 
8672 4 -5.675002e+01 
8672 4 0 
8672 4 0 
0 0 0
0 0 0
0 0 0
0 0 0
0 0 0
0 0 0
0 0 0
0 0 0
0 0 0
0 0 0
0 0 0
0 0 0
0 0 0
0 0 0
0 0 0
