2
439 440 441 442 444 445 446 447 
6
4
4.469939E-01 -2.640449E+01 0.000000E+00
5.966194E-01 -2.569398E+01 0.000000E+00
4.469939E-01 -2.640449E+01 7.425000E-01
5.966194E-01 -2.569398E+01 7.425000E-01
4.469939E-01 -2.640449E+01 1.485000E+00
5.966194E-01 -2.569398E+01 1.485000E+00
0 1 3
0 3 2
2 3 5
2 5 4
163 13 0 
163 13 0 
163 13 0 
431 11 0 
431 11 0 
431 11 0 
168 5 0 
168 5 0 
168 5 0 
433 2 0 
433 2 0 
433 2 0 
164 13 0 
164 13 0 
164 13 0 
432 11 0 
432 11 0 
432 11 0 
0 0 0
0 0 0
0 0 0
0 0 0
0 0 0
0 0 0
