1
2802 2803 2804 2805 2806 2807 
12
12
-1.263888E+01 -1.340122E+01 0.000000E+00
-1.295830E+01 -1.288060E+01 0.000000E+00
-1.333704E+01 -1.351710E+01 0.000000E+00
-1.296037E+01 -1.381235E+01 0.000000E+00
-1.378078E+01 -1.306916E+01 0.000000E+00
-1.420842E+01 -1.244902E+01 0.000000E+00
-1.436070E+01 -1.300692E+01 0.000000E+00
-1.389741E+01 -1.389414E+01 0.000000E+00
-1.451297E+01 -1.356481E+01 0.000000E+00
-1.327772E+01 -1.235998E+01 0.000000E+00
-1.328186E+01 -1.422347E+01 0.000000E+00
-1.374307E+01 -1.240450E+01 0.000000E+00
2 1 0
2 0 3
1 2 4
4 6 5
4 2 7
4 7 8
1 4 9
2 10 7
9 4 11
4 8 6
5 11 4
3 10 2
2600 6 0 
2600 6 0 
2600 6 0 






2600 4 0 
2600 4 0 
2600 4 0 



2793 13 0 
2793 13 0 
2793 13 0 
2793 4 0 
2793 4 0 
2793 4 0 
2609 8 0 
2609 8 0 
2609 8 0 
2609 4 0 
2609 4 0 
2609 4 0 



2600 15 0 
2600 15 0 
2600 15 0 



0 0 0
0 0 0
0 0 0
0 0 0
0 0 0
0 0 0
0 0 0
0 0 0
1 1 1
0 0 0
0 0 0
0 0 0
