0
5826 5828 5829 5830 5831 5832 5833 
12
13
-1.815595E+01 2.643010E+00 1.485000E+00
-1.875482E+01 3.038857E+00 1.485000E+00
-1.867084E+01 2.328007E+00 1.485000E+00
-1.936676E+01 2.703282E+00 1.485000E+00
-1.918572E+01 2.013004E+00 1.485000E+00
-2.000211E+01 2.456838E+00 1.485000E+00
-2.001468E+01 3.074748E+00 1.485000E+00
-1.818562E+01 3.449104E+00 1.485000E+00
-1.939616E+01 3.400376E+00 1.485000E+00
-1.929420E+01 4.095649E+00 1.485000E+00
-2.002724E+01 3.692659E+00 1.485000E+00
-1.873991E+01 3.772376E+00 1.485000E+00
0 1 2
2 3 4
5 3 6
2 1 3
5 4 3
7 1 0
8 9 10
8 1 11
3 8 6
6 8 10
3 1 8
9 8 11
1 7 11
5024 9 0 
5024 9 0 
5024 9 0 



5024 4 0 
5024 4 0 
5024 4 0 



5015 9 0 
5015 9 0 
5015 9 0 
5015 5 0 
5015 5 0 
5015 5 0 



5818 10 0 
5818 10 0 
5818 10 0 












0 0 0
0 0 0
0 0 0
0 0 0
0 0 0
0 0 0
0 0 0
0 0 0
0 0 0
0 0 0
0 0 0
0 0 0
