2
8029 8030 8032 8033 8034 8035 8036 
9
8
6.649140E+00 1.706311E+01 0.000000E+00
7.176405E+00 1.703060E+01 0.000000E+00
7.703669E+00 1.699809E+01 0.000000E+00
6.649140E+00 1.706311E+01 7.425000E-01
7.176405E+00 1.703060E+01 7.425000E-01
7.703669E+00 1.699809E+01 7.425000E-01
6.649140E+00 1.706311E+01 1.485000E+00
7.176405E+00 1.703060E+01 1.485000E+00
7.703669E+00 1.699809E+01 1.485000E+00
0 1 4
0 4 3
3 4 6
4 7 6
1 2 4
2 5 4
4 5 8
4 8 7
7885 9 0 
7885 9 0 
7885 9 0 
7885 11 0 
7885 11 0 
7885 11 0 
7877 8 0 
7877 8 0 
7877 8 0 
7891 5 0 
7891 5 0 
7891 5 0 
7891 4 0 
7891 4 0 
7891 4 0 
7883 3 0 
7883 3 0 
7883 3 0 
7886 9 0 
7886 9 0 
7886 9 0 
7886 11 0 
7886 11 0 
7886 11 0 
7878 8 0 
7878 8 0 
7878 8 0 
0 0 0
0 0 0
0 0 0
0 0 0
0 0 0
0 0 0
0 0 0
0 0 0
0 0 0
