2
5176 5177 5178 5179 5181 5182 
9
8
1.335863E+01 -1.083025E-01 0.000000E+00
1.321055E+01 3.514768E-01 0.000000E+00
1.306248E+01 8.112561E-01 0.000000E+00
1.335863E+01 -1.083025E-01 7.425000E-01
1.321055E+01 3.514768E-01 7.425000E-01
1.306248E+01 8.112561E-01 7.425000E-01
1.335863E+01 -1.083025E-01 1.485000E+00
1.321055E+01 3.514768E-01 1.485000E+00
1.306248E+01 8.112561E-01 1.485000E+00
0 1 4
0 4 3
3 4 6
4 7 6
1 2 4
2 5 4
4 5 8
4 8 7
4307 11 0 
4307 11 0 
4307 11 0 
5176 7 0 
5176 7 0 
5176 7 0 
5176 1 0 
5176 1 0 
5176 1 0 
4312 3 0 
4312 3 0 
4312 3 0 






4308 11 0 
4308 11 0 
4308 11 0 
5177 7 0 
5177 7 0 
5177 7 0 
5177 1 0 
5177 1 0 
5177 1 0 
0 0 0
0 0 0
0 0 0
0 0 0
0 0 0
0 0 0
0 0 0
0 0 0
0 0 0
