2
5447 5448 5449 5450 5452 5453 5454 
9
8
1.610029E+01 2.414162E+00 0.000000E+00
1.651676E+01 2.889962E+00 0.000000E+00
1.693323E+01 3.365762E+00 0.000000E+00
1.610029E+01 2.414162E+00 7.425000E-01
1.651676E+01 2.889962E+00 7.425000E-01
1.693323E+01 3.365762E+00 7.425000E-01
1.610029E+01 2.414162E+00 1.485000E+00
1.651676E+01 2.889962E+00 1.485000E+00
1.693323E+01 3.365762E+00 1.485000E+00
0 1 4
0 4 3
3 4 6
4 7 6
1 2 4
2 5 4
4 5 8
4 8 7
5318 10 0 
5318 10 0 
5318 10 0 
5326 13 0 
5326 13 0 
5326 13 0 
5326 4 0 
5326 4 0 
5326 4 0 
5323 3 0 
5323 3 0 
5323 3 0 
5333 4 0 
5333 4 0 
5333 4 0 
5332 5 0 
5332 5 0 
5332 5 0 
5319 10 0 
5319 10 0 
5319 10 0 
5327 13 0 
5327 13 0 
5327 13 0 
5327 4 0 
5327 4 0 
5327 4 0 
0 0 0
0 0 0
0 0 0
0 0 0
0 0 0
0 0 0
0 0 0
0 0 0
0 0 0
