0
2467 2469 2470 2471 2472 2473 2474 
12
13
1.231318E+01 -1.314155E+01 1.485000E+00
1.284205E+01 -1.350474E+01 1.485000E+00
1.277672E+01 -1.284727E+01 1.485000E+00
1.289935E+01 -1.411470E+01 1.485000E+00
1.236643E+01 -1.391922E+01 1.485000E+00
1.348551E+01 -1.328227E+01 1.485000E+00
1.324025E+01 -1.255299E+01 1.485000E+00
1.343228E+01 -1.431018E+01 1.485000E+00
1.382878E+01 -1.396470E+01 1.485000E+00
1.331862E+01 -1.383259E+01 1.485000E+00
1.422528E+01 -1.361921E+01 1.485000E+00
1.404423E+01 -1.284387E+01 1.485000E+00
0 1 2
3 1 4
4 1 0
5 6 2
7 8 9
9 1 3
1 5 2
1 9 5
10 11 5
8 5 9
11 6 5
5 8 10
9 3 7









2293 12 0 
2293 12 0 
2293 12 0 
2293 9 0 
2293 9 0 
2293 9 0 






2293 13 0 
2293 13 0 
2293 13 0 
2301 0 0 
2301 0 0 
2301 0 0 



2301 6 0 
2301 6 0 
2301 6 0 
2460 7 0 
2460 7 0 
2460 7 0 
0 0 0
0 0 0
0 0 0
0 0 0
0 0 0
0 0 0
0 0 0
0 0 0
0 0 0
0 0 0
0 0 0
0 0 0
