2
5224 5225 5226 5228 5229 
9
8
2.212326E+01 -1.190591E+00 0.000000E+00
2.224130E+01 -6.051022E-01 0.000000E+00
2.235934E+01 -1.961329E-02 0.000000E+00
2.212326E+01 -1.190591E+00 7.425000E-01
2.224130E+01 -6.051022E-01 7.425000E-01
2.235934E+01 -1.961329E-02 7.425000E-01
2.212326E+01 -1.190591E+00 1.485000E+00
2.224130E+01 -6.051022E-01 1.485000E+00
2.235934E+01 -1.961329E-02 1.485000E+00
0 1 4
0 4 3
3 4 6
4 7 6
1 2 4
2 5 4
4 5 8
4 8 7
4257 13 0 
4257 13 0 
4257 13 0 
4257 2 0 
4257 2 0 
4257 2 0 
4257 12 0 
4257 12 0 
4257 12 0 
4259 3 0 
4259 3 0 
4259 3 0 
4265 4 0 
4265 4 0 
4265 4 0 
4264 3 0 
4264 3 0 
4264 3 0 
4258 13 0 
4258 13 0 
4258 13 0 
4258 2 0 
4258 2 0 
4258 2 0 
4258 12 0 
4258 12 0 
4258 12 0 
0 0 0
0 0 0
0 0 0
0 0 0
0 0 0
0 0 0
0 0 0
0 0 0
0 0 0
