2
3798 3799 3800 3802 3803 3804 3805 3806 
6
4
-6.450888E+00 -8.287578E+00 0.000000E+00
-5.833691E+00 -7.964557E+00 0.000000E+00
-6.450888E+00 -8.287578E+00 7.425000E-01
-5.833691E+00 -7.964557E+00 7.425000E-01
-6.450888E+00 -8.287578E+00 1.485000E+00
-5.833691E+00 -7.964557E+00 1.485000E+00
0 1 3
0 3 2
2 3 5
2 5 4
3574 3 0 
3574 3 0 
3574 3 0 
3574 5 0 
3574 5 0 
3574 5 0 
3581 3 0 
3581 3 0 
3581 3 0 
3580 5 0 
3580 5 0 
3580 5 0 
3575 3 0 
3575 3 0 
3575 3 0 
3575 5 0 
3575 5 0 
3575 5 0 
0 0 0
0 0 0
0 0 0
0 0 0
0 0 0
0 0 0
