2
3504 3505 3506 3507 3508 3509 3511 
9
8
6.378670E-02 -8.348268E+00 0.000000E+00
-4.513647E-01 -8.575771E+00 0.000000E+00
-9.665160E-01 -8.803274E+00 0.000000E+00
6.378670E-02 -8.348268E+00 7.425000E-01
-4.513647E-01 -8.575771E+00 7.425000E-01
-9.665160E-01 -8.803274E+00 7.425000E-01
6.378670E-02 -8.348268E+00 1.485000E+00
-4.513647E-01 -8.575771E+00 1.485000E+00
-9.665160E-01 -8.803274E+00 1.485000E+00
0 1 4
0 4 3
3 4 6
4 7 6
1 2 4
2 5 4
4 5 8
4 8 7
3504 10 0 
3504 10 0 
3504 10 0 
3504 3 0 
3504 3 0 
3504 3 0 
3496 13 0 
3496 13 0 
3496 13 0 
3509 5 0 
3509 5 0 
3509 5 0 



3500 5 0 
3500 5 0 
3500 5 0 
3505 10 0 
3505 10 0 
3505 10 0 
3505 3 0 
3505 3 0 
3505 3 0 
3497 13 0 
3497 13 0 
3497 13 0 
0 0 0
0 0 0
0 0 0
0 0 0
0 0 0
0 0 0
0 0 0
0 0 0
0 0 0
