2
4257 4258 4260 4261 4262 4263 4264 4265 
9
8
2.212326E+01 -1.190591E+00 0.000000E+00
2.242542E+01 -1.608859E+00 0.000000E+00
2.272757E+01 -2.027127E+00 0.000000E+00
2.212326E+01 -1.190591E+00 7.425000E-01
2.242542E+01 -1.608859E+00 7.425000E-01
2.272757E+01 -2.027127E+00 7.425000E-01
2.212326E+01 -1.190591E+00 1.485000E+00
2.242542E+01 -1.608859E+00 1.485000E+00
2.272757E+01 -2.027127E+00 1.485000E+00
0 1 4
0 4 3
3 4 6
4 7 6
1 2 4
2 5 4
4 5 8
4 8 7
4257 13 0 
4257 13 0 
4257 13 0 
4257 10 0 
4257 10 0 
4257 10 0 
4208 6 0 
4208 6 0 
4208 6 0 






4214 3 0 
4214 3 0 
4214 3 0 
4258 13 0 
4258 13 0 
4258 13 0 
4258 10 0 
4258 10 0 
4258 10 0 
4209 6 0 
4209 6 0 
4209 6 0 
0 0 0
0 0 0
0 0 0
0 0 0
0 0 0
0 0 0
0 0 0
0 0 0
0 0 0
