1
7636 7637 7638 7639 7640 7641 7642 
14
16
3.758862E+00 1.526164E+01 0.000000E+00
3.600124E+00 1.469821E+01 0.000000E+00
4.175875E+00 1.486095E+01 0.000000E+00
3.926120E+00 1.430099E+01 0.000000E+00
4.333949E+00 1.540818E+01 0.000000E+00
4.751741E+00 1.500228E+01 0.000000E+00
3.917600E+00 1.582507E+01 0.000000E+00
4.518501E+00 1.598569E+01 0.000000E+00
4.576180E+00 1.444095E+01 0.000000E+00
5.204633E+00 1.462892E+01 0.000000E+00
5.084526E+00 1.408980E+01 0.000000E+00
4.252117E+00 1.390377E+01 0.000000E+00
5.324741E+00 1.516805E+01 0.000000E+00
4.921621E+00 1.557687E+01 0.000000E+00
2 1 0
3 1 2
2 0 4
5 2 4
7 4 6
8 3 2
10 8 9
5 8 2
8 11 3
10 11 8
9 8 5
12 9 5
5 4 13
4 0 6
7 13 4
13 12 5
7628 6 0 
7628 6 0 
7628 6 0 
7236 4 0 
7236 4 0 
7236 4 0 



7236 5 0 
7236 5 0 
7236 5 0 






7628 11 0 
7628 11 0 
7628 11 0 









7227 2 0 
7227 2 0 
7227 2 0 
7227 0 0 
7227 0 0 
7227 0 0 






0 0 0
0 0 0
0 0 0
0 0 0
0 0 0
0 0 0
0 0 0
0 0 0
0 0 0
0 0 0
0 0 0
0 0 0
0 0 0
0 0 0
