0
3038 3040 3041 3042 3043 3044 3045 3046 
16
19
-8.817852E+00 -9.878139E+00 1.485000E+00
-8.899181E+00 -1.055508E+01 1.485000E+00
-8.058049E+00 -1.022593E+01 1.485000E+00
-9.441273E+00 -1.026136E+01 1.485000E+00
-8.784587E+00 -8.679477E+00 1.485000E+00
-9.096821E+00 -9.177143E+00 1.485000E+00
-8.617727E+00 -9.246321E+00 1.485000E+00
-8.094020E+00 -9.219186E+00 1.485000E+00
-8.326509E+00 -8.810651E+00 1.485000E+00
-8.327227E+00 -9.709639E+00 1.485000E+00
-7.861531E+00 -9.627722E+00 1.485000E+00
-1.004988E+01 -9.101730E+00 1.485000E+00
-9.983366E+00 -9.967638E+00 1.485000E+00
-9.500806E+00 -9.555266E+00 1.485000E+00
-9.646271E+00 -8.825017E+00 1.485000E+00
-9.242665E+00 -8.548304E+00 1.485000E+00
0 1 2
3 1 0
4 5 6
6 7 8
9 10 7
11 12 13
13 12 3
13 5 14
13 3 0
9 0 2
5 13 0
13 14 11
14 5 15
8 4 6
15 5 4
0 6 5
0 9 6
10 9 2
7 6 9



2847 11 0 
2847 11 0 
2847 11 0 
2847 12 0 
2847 12 0 
2847 12 0 
2855 3 0 
2855 3 0 
2855 3 0 





















3030 12 0 
3030 12 0 
3030 12 0 
2855 5 0 
2855 5 0 
2855 5 0 









0 0 0
0 0 0
0 0 0
0 0 0
0 0 0
0 0 0
0 0 0
0 0 0
0 0 0
0 0 0
0 0 0
0 0 0
0 0 0
0 0 0
0 0 0
0 0 0
