0
526 528 529 530 531 532 533 534 
19
23
-4.100563E+00 -2.387877E+01 1.485000E+00
-4.427831E+00 -2.424320E+01 1.485000E+00
-3.842867E+00 -2.430465E+01 1.485000E+00
-4.312028E+00 -2.475225E+01 1.485000E+00
-3.843054E+00 -2.492631E+01 1.485000E+00
-2.557626E+00 -2.452314E+01 1.485000E+00
-2.534521E+00 -2.390603E+01 1.485000E+00
-3.171811E+00 -2.414749E+01 1.485000E+00
-3.663101E+00 -2.360940E+01 1.485000E+00
-3.446082E+00 -2.462737E+01 1.485000E+00
-3.374080E+00 -2.510037E+01 1.485000E+00
-2.965853E+00 -2.481176E+01 1.485000E+00
-3.083793E+00 -2.345380E+01 1.485000E+00
-2.511415E+00 -2.328891E+01 1.485000E+00
-3.068230E+00 -2.284496E+01 1.485000E+00
-3.532632E+00 -2.292717E+01 1.485000E+00
-3.997033E+00 -2.300938E+01 1.485000E+00
-4.270333E+00 -2.337177E+01 1.485000E+00
-4.543633E+00 -2.373415E+01 1.485000E+00
0 1 2
3 4 2
5 6 7
2 1 3
2 8 0
9 10 11
7 12 8
7 8 2
12 6 13
14 15 12
8 16 17
8 12 15
16 8 15
14 12 13
7 2 9
17 0 8
17 18 0
9 4 10
5 7 11
2 4 9
11 7 9
6 12 7
1 0 18



519 9 0 
519 9 0 
519 9 0 



464 17 0 
464 17 0 
464 17 0 
464 12 0 
464 12 0 
464 12 0 
449 7 0 
449 7 0 
449 7 0 












449 1 0 
449 1 0 
449 1 0 
449 0 0 
449 0 0 
449 0 0 


















519 13 0 
519 13 0 
519 13 0 
0 0 0
0 0 0
0 0 0
0 0 0
0 0 0
0 0 0
0 0 0
0 0 0
0 0 0
0 0 0
0 0 0
0 0 0
0 0 0
0 0 0
0 0 0
0 0 0
0 0 0
0 0 0
0 0 0
