0
3070 3072 3073 3074 3075 3076 3077 
14
16
-3.064331E+00 -1.400410E+01 1.485000E+00
-3.478182E+00 -1.362823E+01 1.485000E+00
-3.554140E+00 -1.420163E+01 1.485000E+00
-2.979062E+00 -1.351025E+01 1.485000E+00
-2.506178E+00 -1.327813E+01 1.485000E+00
-3.187478E+00 -1.297835E+01 1.485000E+00
-2.437835E+00 -1.274969E+01 1.485000E+00
-3.201220E+00 -1.223441E+01 1.485000E+00
-4.571100E+00 -1.352544E+01 1.485000E+00
-4.062620E+00 -1.386353E+01 1.485000E+00
-3.905163E+00 -1.321979E+01 1.485000E+00
-3.865649E+00 -1.255314E+01 1.485000E+00
-2.574521E+00 -1.380657E+01 1.485000E+00
-4.530078E+00 -1.287188E+01 1.485000E+00
0 1 2
3 4 5
5 6 7
8 9 10
5 4 6
5 11 10
10 1 5
9 2 1
11 5 7
1 3 5
12 3 0
0 3 1
12 4 3
13 10 11
9 1 10
10 13 8
2558 14 0 
2558 14 0 
2558 14 0 



2558 12 0 
2558 12 0 
2558 12 0 












3064 3 0 
3064 3 0 
3064 3 0 
2567 5 0 
2567 5 0 
2567 5 0 
2567 4 0 
2567 4 0 
2567 4 0 



3064 2 0 
3064 2 0 
3064 2 0 
2558 13 0 
2558 13 0 
2558 13 0 
2574 0 0 
2574 0 0 
2574 0 0 
0 0 0
0 0 0
0 0 0
0 0 0
0 0 0
0 0 0
0 0 0
0 0 0
0 0 0
0 0 0
0 0 0
0 0 0
0 0 0
0 0 0
