2
6717 6718 6719 6720 6721 6723 6724 
9
8
-1.338058E+01 1.110175E+01 0.000000E+00
-1.387411E+01 1.140332E+01 0.000000E+00
-1.436763E+01 1.170490E+01 0.000000E+00
-1.338058E+01 1.110175E+01 7.425000E-01
-1.387411E+01 1.140332E+01 7.425000E-01
-1.436763E+01 1.170490E+01 7.425000E-01
-1.338058E+01 1.110175E+01 1.485000E+00
-1.387411E+01 1.140332E+01 1.485000E+00
-1.436763E+01 1.170490E+01 1.485000E+00
0 1 4
0 4 3
3 4 6
4 7 6
1 2 4
2 5 4
4 5 8
4 8 7
6708 10 0 
6708 10 0 
6708 10 0 
6717 11 0 
6717 11 0 
6717 11 0 
6717 12 0 
6717 12 0 
6717 12 0 
6715 5 0 
6715 5 0 
6715 5 0 






6709 10 0 
6709 10 0 
6709 10 0 
6718 11 0 
6718 11 0 
6718 11 0 
6718 12 0 
6718 12 0 
6718 12 0 
0 0 0
0 0 0
0 0 0
0 0 0
0 0 0
0 0 0
0 0 0
0 0 0
0 0 0
