2
9442 9443 9444 9445 9447 9448 
9
8
-1.638762E+01 2.321351E+01 0.000000E+00
-1.636970E+01 2.374956E+01 0.000000E+00
-1.635179E+01 2.428560E+01 0.000000E+00
-1.638762E+01 2.321351E+01 7.425000E-01
-1.636970E+01 2.374956E+01 7.425000E-01
-1.635179E+01 2.428560E+01 7.425000E-01
-1.638762E+01 2.321351E+01 1.485000E+00
-1.636970E+01 2.374956E+01 1.485000E+00
-1.635179E+01 2.428560E+01 1.485000E+00
0 1 4
0 4 3
3 4 6
4 7 6
1 2 4
2 5 4
4 5 8
4 8 7
9138 12 0 
9138 12 0 
9138 12 0 
9435 1 0 
9435 1 0 
9435 1 0 
9435 7 0 
9435 7 0 
9435 7 0 
9144 5 0 
9144 5 0 
9144 5 0 
9441 4 0 
9441 4 0 
9441 4 0 
9440 3 0 
9440 3 0 
9440 3 0 
9139 12 0 
9139 12 0 
9139 12 0 
9436 1 0 
9436 1 0 
9436 1 0 
9436 7 0 
9436 7 0 
9436 7 0 
0 0 0
0 0 0
0 0 0
0 0 0
0 0 0
0 0 0
0 0 0
0 0 0
0 0 0
