2
796 797 798 799 800 802 803 
9
8
-7.122111E+00 -2.340922E+01 0.000000E+00
-7.266345E+00 -2.282591E+01 0.000000E+00
-7.410579E+00 -2.224260E+01 0.000000E+00
-7.122111E+00 -2.340922E+01 7.425000E-01
-7.266345E+00 -2.282591E+01 7.425000E-01
-7.410579E+00 -2.224260E+01 7.425000E-01
-7.122111E+00 -2.340922E+01 1.485000E+00
-7.266345E+00 -2.282591E+01 1.485000E+00
-7.410579E+00 -2.224260E+01 1.485000E+00
0 1 4
0 4 3
3 4 6
4 7 6
1 2 4
2 5 4
4 5 8
4 8 7
510 2 0 
510 2 0 
510 2 0 
788 3 0 
788 3 0 
788 3 0 
788 8 0 
788 8 0 
788 8 0 
515 5 0 
515 5 0 
515 5 0 
795 4 0 
795 4 0 
795 4 0 
794 5 0 
794 5 0 
794 5 0 
511 2 0 
511 2 0 
511 2 0 
789 3 0 
789 3 0 
789 3 0 
789 8 0 
789 8 0 
789 8 0 
0 0 0
0 0 0
0 0 0
0 0 0
0 0 0
0 0 0
0 0 0
0 0 0
0 0 0
