2
3559 3560 3561 3562 3564 3565 3566 3567 
9
8
-1.575635E+00 -8.487387E+00 0.000000E+00
-1.635144E+00 -7.950969E+00 0.000000E+00
-1.694653E+00 -7.414552E+00 0.000000E+00
-1.575635E+00 -8.487387E+00 7.425000E-01
-1.635144E+00 -7.950969E+00 7.425000E-01
-1.694653E+00 -7.414552E+00 7.425000E-01
-1.575635E+00 -8.487387E+00 1.485000E+00
-1.635144E+00 -7.950969E+00 1.485000E+00
-1.694653E+00 -7.414552E+00 1.485000E+00
0 1 4
0 4 3
3 4 6
4 7 6
1 2 4
2 5 4
4 5 8
4 8 7
3496 10 0 
3496 10 0 
3496 10 0 
3550 11 0 
3550 11 0 
3550 11 0 
3550 15 0 
3550 15 0 
3550 15 0 
3501 3 0 
3501 3 0 
3501 3 0 
3552 4 0 
3552 4 0 
3552 4 0 
3552 3 0 
3552 3 0 
3552 3 0 
3497 10 0 
3497 10 0 
3497 10 0 
3551 11 0 
3551 11 0 
3551 11 0 
3551 15 0 
3551 15 0 
3551 15 0 
0 0 0
0 0 0
0 0 0
0 0 0
0 0 0
0 0 0
0 0 0
0 0 0
0 0 0
