2
8165 8166 8167 8168 8170 8171 8172 
9
8
-8.899878E+00 1.741577E+01 0.000000E+00
-8.914090E+00 1.809872E+01 0.000000E+00
-8.928302E+00 1.878166E+01 0.000000E+00
-8.899878E+00 1.741577E+01 7.425000E-01
-8.914090E+00 1.809872E+01 7.425000E-01
-8.928302E+00 1.878166E+01 7.425000E-01
-8.899878E+00 1.741577E+01 1.485000E+00
-8.914090E+00 1.809872E+01 1.485000E+00
-8.928302E+00 1.878166E+01 1.485000E+00
0 1 4
0 4 3
3 4 6
4 7 6
1 2 4
2 5 4
4 5 8
4 8 7
7564 12 0 
7564 12 0 
7564 12 0 
8156 3 0 
8156 3 0 
8156 3 0 
8156 12 0 
8156 12 0 
8156 12 0 
7570 3 0 
7570 3 0 
7570 3 0 
8164 4 0 
8164 4 0 
8164 4 0 
8163 3 0 
8163 3 0 
8163 3 0 
7565 12 0 
7565 12 0 
7565 12 0 
8157 3 0 
8157 3 0 
8157 3 0 
8157 12 0 
8157 12 0 
8157 12 0 
0 0 0
0 0 0
0 0 0
0 0 0
0 0 0
0 0 0
0 0 0
0 0 0
0 0 0
