1
5047 5048 5049 5050 5051 5052 
11
11
-1.320523E+01 1.770231E+00 0.000000E+00
-1.375953E+01 1.440850E+00 0.000000E+00
-1.318152E+01 1.123949E+00 0.000000E+00
-1.445895E+01 1.377872E+00 0.000000E+00
-1.412336E+01 9.066658E-01 0.000000E+00
-1.395414E+01 1.985093E+00 0.000000E+00
-1.322893E+01 2.416513E+00 0.000000E+00
-1.479454E+01 1.849078E+00 0.000000E+00
-1.381138E+01 2.524062E+00 0.000000E+00
-1.439383E+01 2.631612E+00 0.000000E+00
-1.365244E+01 1.015307E+00 0.000000E+00
2 1 0
1 4 3
1 5 0
6 0 5
7 5 3
5 9 8
4 1 10
10 1 2
1 3 5
6 5 8
7 9 5






4894 15 0 
4894 15 0 
4894 15 0 
5039 8 0 
5039 8 0 
5039 8 0 
4894 5 0 
4894 5 0 
4894 5 0 






5039 3 0 
5039 3 0 
5039 3 0 






4894 12 0 
4894 12 0 
4894 12 0 
0 0 0
0 0 0
0 0 0
0 0 0
0 0 0
0 0 0
0 0 0
0 0 0
0 0 0
0 0 0
0 0 0
