2
7093 7094 7095 7096 7097 7099 
9
8
2.581575E+01 1.345001E+01 0.000000E+00
2.538971E+01 1.311507E+01 0.000000E+00
2.496368E+01 1.278012E+01 0.000000E+00
2.581575E+01 1.345001E+01 7.425000E-01
2.538971E+01 1.311507E+01 7.425000E-01
2.496368E+01 1.278012E+01 7.425000E-01
2.581575E+01 1.345001E+01 1.485000E+00
2.538971E+01 1.311507E+01 1.485000E+00
2.496368E+01 1.278012E+01 1.485000E+00
0 1 4
0 4 3
3 4 6
4 7 6
1 2 4
2 5 4
4 5 8
4 8 7
7093 10 0 
7093 10 0 
7093 10 0 
7093 9 0 
7093 9 0 
7093 9 0 
7093 3 0 
7093 3 0 
7093 3 0 
7097 5 0 
7097 5 0 
7097 5 0 






7094 10 0 
7094 10 0 
7094 10 0 
7094 9 0 
7094 9 0 
7094 9 0 
7094 3 0 
7094 3 0 
7094 3 0 
0 0 0
0 0 0
0 0 0
0 0 0
0 0 0
0 0 0
0 0 0
0 0 0
0 0 0
