2
1607 1608 1609 1610 1611 1613 
9
8
2.518582E+01 -2.364546E+01 0.000000E+00
2.461800E+01 -2.353375E+01 0.000000E+00
2.405017E+01 -2.342203E+01 0.000000E+00
2.518582E+01 -2.364546E+01 7.425000E-01
2.461800E+01 -2.353375E+01 7.425000E-01
2.405017E+01 -2.342203E+01 7.425000E-01
2.518582E+01 -2.364546E+01 1.485000E+00
2.461800E+01 -2.353375E+01 1.485000E+00
2.405017E+01 -2.342203E+01 1.485000E+00
0 1 4
0 4 3
3 4 6
4 7 6
1 2 4
2 5 4
4 5 8
4 8 7
1607 8 0 
1607 8 0 
1607 8 0 
1607 7 0 
1607 7 0 
1607 7 0 
1598 13 0 
1598 13 0 
1598 13 0 
1611 5 0 
1611 5 0 
1611 5 0 



1602 5 0 
1602 5 0 
1602 5 0 
1608 8 0 
1608 8 0 
1608 8 0 
1608 7 0 
1608 7 0 
1608 7 0 
1599 13 0 
1599 13 0 
1599 13 0 
0 0 0
0 0 0
0 0 0
0 0 0
0 0 0
0 0 0
0 0 0
0 0 0
0 0 0
