0
5285 5287 5288 5289 5290 5291 5292 
14
15
2.309807E+01 3.029997E+00 1.485000E+00
2.263734E+01 3.199623E+00 1.485000E+00
2.257279E+01 2.333564E+00 1.485000E+00
2.320606E+01 2.553516E+00 1.485000E+00
2.217661E+01 3.369249E+00 1.485000E+00
2.171450E+01 3.017934E+00 1.485000E+00
2.223267E+01 2.835959E+00 1.485000E+00
2.200814E+01 1.603857E+00 1.485000E+00
2.260726E+01 1.418726E+00 1.485000E+00
2.185328E+01 2.331423E+00 1.485000E+00
2.140903E+01 1.788988E+00 1.485000E+00
2.125240E+01 2.666618E+00 1.485000E+00
2.331404E+01 2.077034E+00 1.485000E+00
2.296065E+01 1.747880E+00 1.485000E+00
0 1 2
3 0 2
4 5 6
2 7 8
6 5 9
9 10 7
2 9 7
11 10 9
12 3 2
6 9 2
2 8 13
13 12 2
2 1 6
4 6 1
11 9 5
5278 13 0 
5278 13 0 
5278 13 0 






5278 11 0 
5278 11 0 
5278 11 0 









5231 7 0 
5231 7 0 
5231 7 0 
5231 12 0 
5231 12 0 
5231 12 0 



5231 6 0 
5231 6 0 
5231 6 0 



5239 13 0 
5239 13 0 
5239 13 0 
5239 8 0 
5239 8 0 
5239 8 0 
0 0 0
0 0 0
0 0 0
0 0 0
0 0 0
0 0 0
0 0 0
0 0 0
0 0 0
0 0 0
0 0 0
0 0 0
0 0 0
0 0 0
