2
926 927 928 929 931 932 933 
9
8
-1.950968E+01 -2.399520E+01 0.000000E+00
-1.951714E+01 -2.339755E+01 0.000000E+00
-1.952460E+01 -2.279989E+01 0.000000E+00
-1.950968E+01 -2.399520E+01 7.425000E-01
-1.951714E+01 -2.339755E+01 7.425000E-01
-1.952460E+01 -2.279989E+01 7.425000E-01
-1.950968E+01 -2.399520E+01 1.485000E+00
-1.951714E+01 -2.339755E+01 1.485000E+00
-1.952460E+01 -2.279989E+01 1.485000E+00
0 1 4
0 4 3
3 4 6
4 7 6
1 2 4
2 5 4
4 5 8
4 8 7
852 14 0 
852 14 0 
852 14 0 
926 4 0 
926 4 0 
926 4 0 
926 12 0 
926 12 0 
926 12 0 
858 3 0 
858 3 0 
858 3 0 






853 14 0 
853 14 0 
853 14 0 
927 4 0 
927 4 0 
927 4 0 
927 12 0 
927 12 0 
927 12 0 
0 0 0
0 0 0
0 0 0
0 0 0
0 0 0
0 0 0
0 0 0
0 0 0
0 0 0
