2
7125 7126 7128 7129 7130 7131 7132 
9
8
1.901158E+01 1.066625E+01 0.000000E+00
1.966583E+01 1.065388E+01 0.000000E+00
2.032007E+01 1.064152E+01 0.000000E+00
1.901158E+01 1.066625E+01 7.425000E-01
1.966583E+01 1.065388E+01 7.425000E-01
2.032007E+01 1.064152E+01 7.425000E-01
1.901158E+01 1.066625E+01 1.485000E+00
1.966583E+01 1.065388E+01 1.485000E+00
2.032007E+01 1.064152E+01 1.485000E+00
0 1 4
0 4 3
3 4 6
4 7 6
1 2 4
2 5 4
4 5 8
4 8 7
7037 12 0 
7037 12 0 
7037 12 0 
7046 1 0 
7046 1 0 
7046 1 0 
7046 4 0 
7046 4 0 
7046 4 0 
7041 3 0 
7041 3 0 
7041 3 0 
7050 4 0 
7050 4 0 
7050 4 0 
7049 5 0 
7049 5 0 
7049 5 0 
7038 12 0 
7038 12 0 
7038 12 0 
7047 1 0 
7047 1 0 
7047 1 0 
7047 4 0 
7047 4 0 
7047 4 0 
0 0 0
0 0 0
0 0 0
0 0 0
0 0 0
0 0 0
0 0 0
0 0 0
0 0 0
