4
1629 1630 1631 1632 1634 1635 1636 1637 
9
8
2.875102E+01 -2.488067E+01 0.000000E+00
2.900048E+01 -2.445034E+01 0.000000E+00
2.924993E+01 -2.402001E+01 0.000000E+00
2.875102E+01 -2.488067E+01 7.425000E-01
2.900048E+01 -2.445034E+01 7.425000E-01
2.924993E+01 -2.402001E+01 7.425000E-01
2.875102E+01 -2.488067E+01 1.485000E+00
2.900048E+01 -2.445034E+01 1.485000E+00
2.924993E+01 -2.402001E+01 1.485000E+00
0 1 4
0 4 3
3 4 6
4 7 6
1 2 4
2 5 4
4 5 8
4 8 7
886 6 5.675002e+01 
886 6 0 
886 6 0 
886 3 5.675002e+01 
886 3 0 
886 3 0 
886 5 5.675002e+01 
886 5 0 
886 5 0 
888 3 5.675002e+01 
888 3 0 
888 3 0 
893 4 5.675002e+01 
893 4 0 
893 4 0 
892 5 5.675002e+01 
892 5 0 
892 5 0 
887 6 5.675002e+01 
887 6 0 
887 6 0 
887 3 5.675002e+01 
887 3 0 
887 3 0 
887 5 5.675002e+01 
887 5 0 
887 5 0 
0 0 0
0 0 0
0 0 0
0 0 0
0 0 0
0 0 0
0 0 0
0 0 0
0 0 0
