2
129 130 131 132 133 135 136 
9
8
-4.856358E+00 -2.861190E+01 0.000000E+00
-5.129764E+00 -2.802656E+01 0.000000E+00
-5.403169E+00 -2.744123E+01 0.000000E+00
-4.856358E+00 -2.861190E+01 7.425000E-01
-5.129764E+00 -2.802656E+01 7.425000E-01
-5.403169E+00 -2.744123E+01 7.425000E-01
-4.856358E+00 -2.861190E+01 1.485000E+00
-5.129764E+00 -2.802656E+01 1.485000E+00
-5.403169E+00 -2.744123E+01 1.485000E+00
0 1 4
0 4 3
3 4 6
4 7 6
1 2 4
2 5 4
4 5 8
4 8 7
129 12 0 
129 12 0 
129 12 0 
129 10 0 
129 10 0 
129 10 0 
129 9 0 
129 9 0 
129 9 0 
133 3 0 
133 3 0 
133 3 0 






130 12 0 
130 12 0 
130 12 0 
130 10 0 
130 10 0 
130 10 0 
130 9 0 
130 9 0 
130 9 0 
0 0 0
0 0 0
0 0 0
0 0 0
0 0 0
0 0 0
0 0 0
0 0 0
0 0 0
