2
7413 7414 7415 7417 7418 7419 7420 7421 
9
8
-2.832669E+01 1.224930E+01 0.000000E+00
-2.791169E+01 1.241253E+01 0.000000E+00
-2.749668E+01 1.257576E+01 0.000000E+00
-2.832669E+01 1.224930E+01 7.425000E-01
-2.791169E+01 1.241253E+01 7.425000E-01
-2.749668E+01 1.257576E+01 7.425000E-01
-2.832669E+01 1.224930E+01 1.485000E+00
-2.791169E+01 1.241253E+01 1.485000E+00
-2.749668E+01 1.257576E+01 1.485000E+00
0 1 4
0 4 3
3 4 6
4 7 6
1 2 4
2 5 4
4 5 8
4 8 7
6791 6 0 
6791 6 0 
6791 6 0 
6791 4 0 
6791 4 0 
6791 4 0 
6791 1 0 
6791 1 0 
6791 1 0 
6796 5 0 
6796 5 0 
6796 5 0 
6796 4 0 
6796 4 0 
6796 4 0 
6795 5 0 
6795 5 0 
6795 5 0 
6792 6 0 
6792 6 0 
6792 6 0 
6792 4 0 
6792 4 0 
6792 4 0 
6792 1 0 
6792 1 0 
6792 1 0 
0 0 0
0 0 0
0 0 0
0 0 0
0 0 0
0 0 0
0 0 0
0 0 0
0 0 0
