2
7573 7574 7575 7577 7578 7579 7580 
6
4
-6.381150E+00 1.432779E+01 0.000000E+00
-6.197280E+00 1.505139E+01 0.000000E+00
-6.381150E+00 1.432779E+01 7.425000E-01
-6.197280E+00 1.505139E+01 7.425000E-01
-6.381150E+00 1.432779E+01 1.485000E+00
-6.197280E+00 1.505139E+01 1.485000E+00
0 1 3
0 3 2
2 3 5
2 5 4
7300 6 0 
7300 6 0 
7300 6 0 
7573 10 0 
7573 10 0 
7573 10 0 
7305 5 0 
7305 5 0 
7305 5 0 



7301 6 0 
7301 6 0 
7301 6 0 
7574 10 0 
7574 10 0 
7574 10 0 
0 0 0
0 0 0
0 0 0
0 0 0
0 0 0
0 0 0
