2
7070 7071 7072 7073 7074 7076 
9
8
2.505319E+01 1.118699E+01 0.000000E+00
2.453336E+01 1.107653E+01 0.000000E+00
2.401353E+01 1.096607E+01 0.000000E+00
2.505319E+01 1.118699E+01 7.425000E-01
2.453336E+01 1.107653E+01 7.425000E-01
2.401353E+01 1.096607E+01 7.425000E-01
2.505319E+01 1.118699E+01 1.485000E+00
2.453336E+01 1.107653E+01 1.485000E+00
2.401353E+01 1.096607E+01 1.485000E+00
0 1 4
0 4 3
3 4 6
4 7 6
1 2 4
2 5 4
4 5 8
4 8 7
7070 6 0 
7070 6 0 
7070 6 0 
7070 7 0 
7070 7 0 
7070 7 0 
7061 7 0 
7061 7 0 
7061 7 0 
7074 5 0 
7074 5 0 
7074 5 0 



7065 5 0 
7065 5 0 
7065 5 0 
7071 6 0 
7071 6 0 
7071 6 0 
7071 7 0 
7071 7 0 
7071 7 0 
7062 7 0 
7062 7 0 
7062 7 0 
0 0 0
0 0 0
0 0 0
0 0 0
0 0 0
0 0 0
0 0 0
0 0 0
0 0 0
