0
3597 3599 3600 3601 3602 3603 3604 
14
15
-9.684957E+00 -8.234930E+00 1.485000E+00
-1.028728E+01 -8.167841E+00 1.485000E+00
-9.646271E+00 -8.825017E+00 1.485000E+00
-9.232044E+00 -7.221180E+00 1.485000E+00
-9.726661E+00 -6.932290E+00 1.485000E+00
-9.788702E+00 -7.622176E+00 1.485000E+00
-9.237354E+00 -7.884742E+00 1.485000E+00
-1.090226E+01 -7.600530E+00 1.485000E+00
-1.031446E+01 -7.266410E+00 1.485000E+00
-1.004988E+01 -9.101730E+00 1.485000E+00
-1.051180E+01 -8.830303E+00 1.485000E+00
-1.093799E+01 -8.079703E+00 1.485000E+00
-1.097372E+01 -8.558876E+00 1.485000E+00
-9.242665E+00 -8.548304E+00 1.485000E+00
0 1 2
3 4 5
3 5 6
7 1 8
5 4 8
1 0 5
9 2 10
1 11 12
12 10 1
11 1 7
2 1 10
5 8 1
13 0 2
6 5 0
0 13 6






3039 14 0 
3039 14 0 
3039 14 0 
3591 1 0 
3591 1 0 
3591 1 0 






3591 3 0 
3591 3 0 
3591 3 0 






3030 12 0 
3030 12 0 
3030 12 0 
3030 13 0 
3030 13 0 
3030 13 0 



3030 7 0 
3030 7 0 
3030 7 0 
3039 15 0 
3039 15 0 
3039 15 0 
0 0 0
0 0 0
0 0 0
0 0 0
0 0 0
0 0 0
0 0 0
0 0 0
0 0 0
0 0 0
0 0 0
0 0 0
0 0 0
0 0 0
