2
5238 5239 5241 5242 5243 5244 5245 5246 
6
4
2.279697E+01 2.896310E-01 0.000000E+00
2.354137E+01 -5.262478E-03 0.000000E+00
2.279697E+01 2.896310E-01 7.425000E-01
2.354137E+01 -5.262478E-03 7.425000E-01
2.279697E+01 2.896310E-01 1.485000E+00
2.354137E+01 -5.262478E-03 1.485000E+00
0 1 3
0 3 2
2 3 5
2 5 4
4257 6 0 
4257 6 0 
4257 6 0 
4257 7 0 
4257 7 0 
4257 7 0 
4263 3 0 
4263 3 0 
4263 3 0 
4262 5 0 
4262 5 0 
4262 5 0 
4258 6 0 
4258 6 0 
4258 6 0 
4258 7 0 
4258 7 0 
4258 7 0 
0 0 0
0 0 0
0 0 0
0 0 0
0 0 0
0 0 0
