2
7613 7614 7615 7616 7617 7618 
9
8
-3.085515E-01 1.552333E+01 0.000000E+00
-2.356658E-01 1.500290E+01 0.000000E+00
-1.627801E-01 1.448246E+01 0.000000E+00
-3.085515E-01 1.552333E+01 7.425000E-01
-2.356658E-01 1.500290E+01 7.425000E-01
-1.627801E-01 1.448246E+01 7.425000E-01
-3.085515E-01 1.552333E+01 1.485000E+00
-2.356658E-01 1.500290E+01 1.485000E+00
-1.627801E-01 1.448246E+01 1.485000E+00
0 1 4
0 4 3
3 4 6
4 7 6
1 2 4
2 5 4
4 5 8
4 8 7
7605 9 0 
7605 9 0 
7605 9 0 
7605 0 0 
7605 0 0 
7605 0 0 
7251 15 0 
7251 15 0 
7251 15 0 
7609 5 0 
7609 5 0 
7609 5 0 
7609 4 0 
7609 4 0 
7609 4 0 
7257 5 0 
7257 5 0 
7257 5 0 
7606 9 0 
7606 9 0 
7606 9 0 
7606 0 0 
7606 0 0 
7606 0 0 
7252 15 0 
7252 15 0 
7252 15 0 
0 0 0
0 0 0
0 0 0
0 0 0
0 0 0
0 0 0
0 0 0
0 0 0
0 0 0
