0
7573 7575 7576 7577 7578 7579 7580 
14
16
-8.347052E+00 1.507524E+01 1.485000E+00
-7.685027E+00 1.512550E+01 1.485000E+00
-7.955315E+00 1.567003E+01 1.485000E+00
-7.977642E+00 1.456137E+01 1.485000E+00
-7.346617E+00 1.465398E+01 1.485000E+00
-7.077777E+00 1.520004E+01 1.485000E+00
-7.608232E+00 1.404751E+01 1.485000E+00
-6.994691E+00 1.418765E+01 1.485000E+00
-6.716437E+00 1.478898E+01 1.485000E+00
-6.381150E+00 1.432779E+01 1.485000E+00
-6.197280E+00 1.505139E+01 1.485000E+00
-6.488570E+00 1.536952E+01 1.485000E+00
-6.779860E+00 1.568765E+01 1.485000E+00
-7.367587E+00 1.567884E+01 1.485000E+00
0 1 2
3 4 1
1 4 5
4 6 7
8 7 9
8 9 10
3 6 4
7 8 4
11 8 10
5 4 8
8 11 5
0 3 1
12 5 11
12 13 5
1 5 13
2 1 13
7309 8 0 
7309 8 0 
7309 8 0 



7565 6 0 
7565 6 0 
7565 6 0 
7309 14 0 
7309 14 0 
7309 14 0 






7301 1 0 
7301 1 0 
7301 1 0 
7301 0 0 
7301 0 0 
7301 0 0 



7301 6 0 
7301 6 0 
7301 6 0 












0 0 0
0 0 0
0 0 0
0 0 0
0 0 0
0 0 0
0 0 0
0 0 0
0 0 0
0 0 0
0 0 0
0 0 0
0 0 0
0 0 0
