2
5966 5967 5968 5970 5971 5972 5973 
6
4
-1.281376E+01 3.896991E+00 0.000000E+00
-1.221688E+01 4.433182E+00 0.000000E+00
-1.281376E+01 3.896991E+00 7.425000E-01
-1.221688E+01 4.433182E+00 7.425000E-01
-1.281376E+01 3.896991E+00 1.485000E+00
-1.221688E+01 4.433182E+00 1.485000E+00
0 1 3
0 3 2
2 3 5
2 5 4
5792 0 0 
5792 0 0 
5792 0 0 
5792 2 0 
5792 2 0 
5792 2 0 
5798 3 0 
5798 3 0 
5798 3 0 
5797 5 0 
5797 5 0 
5797 5 0 
5793 0 0 
5793 0 0 
5793 0 0 
5793 2 0 
5793 2 0 
5793 2 0 
0 0 0
0 0 0
0 0 0
0 0 0
0 0 0
0 0 0
