2
8776 8777 8778 8780 8781 8782 8783 
6
4
1.934073E+01 2.421053E+01 0.000000E+00
1.995460E+01 2.453271E+01 0.000000E+00
1.934073E+01 2.421053E+01 7.425000E-01
1.995460E+01 2.453271E+01 7.425000E-01
1.934073E+01 2.421053E+01 1.485000E+00
1.995460E+01 2.453271E+01 1.485000E+00
0 1 3
0 3 2
2 3 5
2 5 4
8637 9 0 
8637 9 0 
8637 9 0 
8637 6 0 
8637 6 0 
8637 6 0 
8644 3 0 
8644 3 0 
8644 3 0 
8643 3 0 
8643 3 0 
8643 3 0 
8638 9 0 
8638 9 0 
8638 9 0 
8638 6 0 
8638 6 0 
8638 6 0 
0 0 0
0 0 0
0 0 0
0 0 0
0 0 0
0 0 0
