2
603 604 605 606 607 609 
9
8
2.528203E+00 -5.090177E+00 0.000000E+00
1.768952E+00 -5.221026E+00 0.000000E+00
1.009702E+00 -5.351876E+00 0.000000E+00
2.528203E+00 -5.090177E+00 1.000000E+00
1.768952E+00 -5.221026E+00 1.000000E+00
1.009702E+00 -5.351876E+00 1.000000E+00
2.528203E+00 -5.090177E+00 2.000000E+00
1.768952E+00 -5.221026E+00 2.000000E+00
1.009702E+00 -5.351876E+00 2.000000E+00
0 1 4
0 4 3
3 4 6
4 7 6
1 2 4
2 5 4
4 5 8
4 8 7
594 6 0 
594 6 0 
594 6 0 
603 3 0 
603 3 0 
603 3 0 
489 15 0 
489 15 0 
489 15 0 
601 3 0 
601 3 0 
601 3 0 



495 3 0 
495 3 0 
495 3 0 
595 6 0 
595 6 0 
595 6 0 
604 3 0 
604 3 0 
604 3 0 
490 15 0 
490 15 0 
490 15 0 
0 0 0
0 0 0
0 0 0
0 0 0
0 0 0
0 0 0
0 0 0
0 0 0
0 0 0
