1
1067 1068 1069 1070 1071 1072 1073 
13
14
-8.298934E+00 1.190785E+00 0.000000E+00
-7.958921E+00 1.561471E+00 0.000000E+00
-8.556971E+00 1.642736E+00 0.000000E+00
-8.624940E+00 7.522479E-01 0.000000E+00
-8.435925E+00 2.943557E-01 0.000000E+00
-7.818942E+00 8.651496E-01 0.000000E+00
-7.299992E+00 5.741368E-01 0.000000E+00
-7.022013E+00 1.023567E+00 0.000000E+00
-7.577972E+00 1.247068E-01 0.000000E+00
-7.336581E+00 1.543240E+00 0.000000E+00
-8.813955E+00 1.210140E+00 0.000000E+00
-7.651149E+00 2.062912E+00 0.000000E+00
-8.299988E+00 2.075332E+00 0.000000E+00
2 1 0
5 4 3
5 7 6
5 6 8
5 0 1
5 8 4
0 5 3
9 5 1
2 0 10
0 3 10
9 1 11
1 12 11
9 7 5
12 1 2









1059 8 0 
1059 8 0 
1059 8 0 
1026 9 0 
1026 9 0 
1026 9 0 



1017 6 0 
1017 6 0 
1017 6 0 
1017 12 0 
1017 12 0 
1017 12 0 
1017 7 0 
1017 7 0 
1017 7 0 



1059 10 0 
1059 10 0 
1059 10 0 






1 1 1
1 1 1
1 1 1
1 1 1
1 1 1
1 1 1
0 0 0
0 0 0
0 0 0
0 0 0
1 1 1
1 1 1
1 1 1
