0
393 395 396 397 398 399 400 401 
14
16
-1.002737E+01 -5.198766E+00 2.000000E+00
-9.592110E+00 -5.911129E+00 2.000000E+00
-9.234456E+00 -5.291411E+00 2.000000E+00
-8.993582E+00 -4.805943E+00 2.000000E+00
-8.660382E+00 -4.428886E+00 2.000000E+00
-9.099622E+00 -4.254066E+00 2.000000E+00
-1.025634E+01 -5.984387E+00 2.000000E+00
-9.551184E+00 -4.694155E+00 2.000000E+00
-9.538862E+00 -4.079247E+00 2.000000E+00
-1.008167E+01 -4.378666E+00 2.000000E+00
-1.076123E+01 -5.503705E+00 2.000000E+00
-1.062449E+01 -4.678085E+00 2.000000E+00
-8.927880E+00 -5.837872E+00 2.000000E+00
-8.439591E+00 -5.177404E+00 2.000000E+00
0 1 2
3 4 5
0 6 1
7 8 9
10 0 11
7 3 5
2 12 13
5 8 7
11 0 9
2 13 3
0 2 7
13 4 3
7 2 3
1 12 2
9 0 7
10 6 0



378 6 0 
378 6 0 
378 6 0 












378 7 0 
378 7 0 
378 7 0 









385 1 0 
385 1 0 
385 1 0 



370 4 0 
370 4 0 
370 4 0 
370 7 0 
370 7 0 
370 7 0 
0 0 0
0 0 0
0 0 0
0 0 0
0 0 0
0 0 0
0 0 0
0 0 0
0 0 0
0 0 0
0 0 0
0 0 0
0 0 0
0 0 0
