1
58 59 60 61 62 63 64 
12
13
-5.737934E-01 -1.305154E+01 0.000000E+00
-1.220990E+00 -1.342095E+01 0.000000E+00
-4.957001E-01 -1.381731E+01 0.000000E+00
-2.077609E-01 -1.190233E+01 0.000000E+00
-9.304033E-02 -1.250164E+01 0.000000E+00
5.000865E-01 -1.226854E+01 0.000000E+00
4.801619E-01 -1.324788E+01 0.000000E+00
7.061011E-03 -1.300549E+01 0.000000E+00
-7.769111E-03 -1.353259E+01 0.000000E+00
4.901242E-01 -1.275821E+01 0.000000E+00
-7.372669E-01 -1.229494E+01 0.000000E+00
-1.266773E+00 -1.268754E+01 0.000000E+00
2 1 0
5 4 3
8 7 6
4 9 7
2 0 8
11 10 0
10 3 4
8 0 7
0 10 4
4 7 0
9 6 7
1 11 0
9 4 5









49 10 0 
49 10 0 
49 10 0 


















49 3 0 
49 3 0 
49 3 0 
49 5 0 
49 5 0 
49 5 0 
1 1 1
1 1 1
1 1 1
1 1 1
1 1 1
1 1 1
1 1 1
1 1 1
1 1 1
1 1 1
1 1 1
1 1 1
