2
1778 1779 1780 1782 1783 1784 
9
8
-5.133589E+00 1.064674E+01 0.000000E+00
-4.838950E+00 1.123532E+01 0.000000E+00
-4.544312E+00 1.182391E+01 0.000000E+00
-5.133589E+00 1.064674E+01 1.000000E+00
-4.838950E+00 1.123532E+01 1.000000E+00
-4.544312E+00 1.182391E+01 1.000000E+00
-5.133589E+00 1.064674E+01 2.000000E+00
-4.838950E+00 1.123532E+01 2.000000E+00
-4.544312E+00 1.182391E+01 2.000000E+00
0 1 4
0 4 3
3 4 6
4 7 6
1 2 4
2 5 4
4 5 8
4 8 7
1523 7 0 
1523 7 0 
1523 7 0 
1531 13 0 
1531 13 0 
1531 13 0 
33 4 0 
33 4 2.422548e+01 
33 4 0 
1527 3 0 
1527 3 0 
1527 3 0 
1539 4 0 
1539 4 0 
1539 4 0 
35 5 0 
35 5 2.422548e+01 
35 5 0 
1524 7 0 
1524 7 0 
1524 7 0 
1532 13 0 
1532 13 0 
1532 13 0 
34 4 0 
34 4 2.422548e+01 
34 4 0 
0 0 0
0 0 0
0 0 0
0 0 0
0 0 0
0 0 0
0 0 0
0 0 0
0 0 0
