2
0 1 2 3 4 6 7 
9
8
-1.057686E+01 -1.099250E+01 0.000000E+00
-1.100080E+01 -1.079023E+01 0.000000E+00
-1.142474E+01 -1.058795E+01 0.000000E+00
-1.057686E+01 -1.099250E+01 1.000000E+00
-1.100080E+01 -1.079023E+01 1.000000E+00
-1.142474E+01 -1.058795E+01 1.000000E+00
-1.057686E+01 -1.099250E+01 2.000000E+00
-1.100080E+01 -1.079023E+01 2.000000E+00
-1.142474E+01 -1.058795E+01 2.000000E+00
0 1 4
0 4 3
3 4 6
4 7 6
1 2 4
2 5 4
4 5 8
4 8 7
0 13 0 
0 13 0 
0 13 0 
0 9 0 
0 9 0 
0 9 0 
0 5 0 
0 5 0 
0 5 0 
4 5 0 
4 5 0 
4 5 0 






1 13 0 
1 13 0 
1 13 0 
1 9 0 
1 9 0 
1 9 0 
1 5 0 
1 5 0 
1 5 0 
0 0 0
0 0 0
0 0 0
0 0 0
0 0 0
0 0 0
0 0 0
0 0 0
0 0 0
