2
105 106 108 109 110 111 112 113 
9
8
-8.166538E+00 -9.974921E+00 0.000000E+00
-7.707029E+00 -1.027244E+01 0.000000E+00
-7.247520E+00 -1.056996E+01 0.000000E+00
-8.166538E+00 -9.974921E+00 1.000000E+00
-7.707029E+00 -1.027244E+01 1.000000E+00
-7.247520E+00 -1.056996E+01 1.000000E+00
-8.166538E+00 -9.974921E+00 2.000000E+00
-7.707029E+00 -1.027244E+01 2.000000E+00
-7.247520E+00 -1.056996E+01 2.000000E+00
0 1 4
0 4 3
3 4 6
4 7 6
1 2 4
2 5 4
4 5 8
4 8 7
17 10 0 
17 10 0 
17 10 0 
17 2 0 
17 2 0 
17 2 0 
17 6 0 
17 6 0 
17 6 0 
21 5 0 
21 5 0 
21 5 0 
21 4 0 
21 4 0 
21 4 0 
20 5 0 
20 5 0 
20 5 0 
18 10 0 
18 10 0 
18 10 0 
18 2 0 
18 2 0 
18 2 0 
18 6 0 
18 6 0 
18 6 0 
0 0 0
0 0 0
0 0 0
0 0 0
0 0 0
0 0 0
0 0 0
0 0 0
0 0 0
