2
1714 1715 1716 1718 1719 1720 1721 
9
8
5.537605E+00 9.771427E+00 0.000000E+00
6.196942E+00 9.992880E+00 0.000000E+00
6.856278E+00 1.021433E+01 0.000000E+00
5.537605E+00 9.771427E+00 1.000000E+00
6.196942E+00 9.992880E+00 1.000000E+00
6.856278E+00 1.021433E+01 1.000000E+00
5.537605E+00 9.771427E+00 2.000000E+00
6.196942E+00 9.992880E+00 2.000000E+00
6.856278E+00 1.021433E+01 2.000000E+00
0 1 4
0 4 3
3 4 6
4 7 6
1 2 4
2 5 4
4 5 8
4 8 7
1658 9 0 
1658 9 0 
1658 9 0 
1714 6 0 
1714 6 0 
1714 6 0 
1714 9 0 
1714 9 0 
1714 9 0 
1662 3 0 
1662 3 0 
1662 3 0 






1659 9 0 
1659 9 0 
1659 9 0 
1715 6 0 
1715 6 0 
1715 6 0 
1715 9 0 
1715 9 0 
1715 9 0 
0 0 0
0 0 0
0 0 0
0 0 0
0 0 0
0 0 0
0 0 0
0 0 0
0 0 0
