2
747 748 749 750 751 752 753 
9
8
-5.506709E+00 -1.733527E+00 0.000000E+00
-5.470775E+00 -2.267012E+00 0.000000E+00
-5.434840E+00 -2.800497E+00 0.000000E+00
-5.506709E+00 -1.733527E+00 1.000000E+00
-5.470775E+00 -2.267012E+00 1.000000E+00
-5.434840E+00 -2.800497E+00 1.000000E+00
-5.506709E+00 -1.733527E+00 2.000000E+00
-5.470775E+00 -2.267012E+00 2.000000E+00
-5.434840E+00 -2.800497E+00 2.000000E+00
0 1 4
0 4 3
3 4 6
4 7 6
1 2 4
2 5 4
4 5 8
4 8 7
747 10 0 
747 10 0 
747 10 0 
747 3 0 
747 3 0 
747 3 0 
457 9 0 
457 9 0 
457 9 0 
753 3 0 
753 3 0 
753 3 0 



462 3 0 
462 3 0 
462 3 0 
748 10 0 
748 10 0 
748 10 0 
748 3 0 
748 3 0 
748 3 0 
458 9 0 
458 9 0 
458 9 0 
0 0 0
0 0 0
0 0 0
0 0 0
0 0 0
0 0 0
0 0 0
0 0 0
0 0 0
