1
82 83 84 85 86 87 88 89 
15
17
-2.299948E+00 -1.065209E+01 0.000000E+00
-2.194005E+00 -1.135965E+01 0.000000E+00
-1.619086E+00 -1.088092E+01 0.000000E+00
-2.645606E+00 -1.000357E+01 0.000000E+00
-2.123320E+00 -1.004871E+01 0.000000E+00
-2.221509E+00 -9.358625E+00 0.000000E+00
-3.092624E+00 -9.540413E+00 0.000000E+00
-3.360881E+00 -1.005719E+01 0.000000E+00
-1.615984E+00 -1.038213E+01 0.000000E+00
-2.765669E+00 -1.125462E+01 0.000000E+00
-2.657066E+00 -9.449519E+00 0.000000E+00
-2.969770E+00 -1.060085E+01 0.000000E+00
-3.337334E+00 -1.114958E+01 0.000000E+00
-3.629138E+00 -1.057397E+01 0.000000E+00
-1.612882E+00 -9.883333E+00 0.000000E+00
2 1 0
5 4 3
7 6 3
8 2 0
8 0 4
0 1 9
10 3 6
3 0 11
11 9 12
4 0 3
0 9 11
3 11 7
13 11 12
7 11 13
10 5 3
14 8 4
14 4 5



42 3 0 
42 3 0 
42 3 0 
49 11 0 
49 11 0 
49 11 0 















74 7 0 
74 7 0 
74 7 0 
42 4 0 
42 4 0 
42 4 0 






33 13 0 
33 13 0 
33 13 0 
33 14 0 
33 14 0 
33 14 0 
74 8 0 
74 8 0 
74 8 0 
1 1 1
1 1 1
1 1 1
1 1 1
1 1 1
1 1 1
1 1 1
1 1 1
1 1 1
1 1 1
1 1 1
1 1 1
1 1 1
1 1 1
1 1 1
