1
731 732 733 734 735 736 737 
15
16
-1.190174E+00 -2.574971E+00 0.000000E+00
-1.348890E+00 -3.432136E+00 0.000000E+00
-8.839053E-01 -3.384574E+00 0.000000E+00
-1.842037E+00 -2.472802E+00 0.000000E+00
-2.144593E+00 -3.107975E+00 0.000000E+00
-1.641101E+00 -2.989449E+00 0.000000E+00
-2.295009E+00 -2.261327E+00 0.000000E+00
-2.114707E+00 -1.786403E+00 0.000000E+00
-1.813875E+00 -3.479699E+00 0.000000E+00
-6.421294E-01 -2.958690E+00 0.000000E+00
-4.003535E-01 -2.532806E+00 0.000000E+00
-6.710869E-01 -2.105622E+00 0.000000E+00
-9.418203E-01 -1.678438E+00 0.000000E+00
-1.528263E+00 -1.732420E+00 0.000000E+00
-2.475311E+00 -2.736251E+00 0.000000E+00
2 1 0
5 4 3
7 3 6
1 8 5
5 8 4
5 3 0
5 0 1
0 10 9
0 9 2
10 0 11
13 12 0
0 12 11
3 7 13
3 13 0
6 3 14
4 14 3



715 11 0 
715 11 0 
715 11 0 
707 12 0 
707 12 0 
707 12 0 



722 8 0 
722 8 0 
722 8 0 









715 5 0 
715 5 0 
715 5 0 
707 5 0 
707 5 0 
707 5 0 
707 10 0 
707 10 0 
707 10 0 









722 6 0 
722 6 0 
722 6 0 
0 0 0
0 0 0
0 0 0
0 0 0
0 0 0
0 0 0
0 0 0
0 0 0
0 0 0
0 0 0
0 0 0
0 0 0
0 0 0
0 0 0
0 0 0
