2
170 171 172 174 175 176 177 
9
8
-6.257683E+00 -9.347982E+00 0.000000E+00
-5.677814E+00 -9.369534E+00 0.000000E+00
-5.097945E+00 -9.391087E+00 0.000000E+00
-6.257683E+00 -9.347982E+00 1.000000E+00
-5.677814E+00 -9.369534E+00 1.000000E+00
-5.097945E+00 -9.391087E+00 1.000000E+00
-6.257683E+00 -9.347982E+00 2.000000E+00
-5.677814E+00 -9.369534E+00 2.000000E+00
-5.097945E+00 -9.391087E+00 2.000000E+00
0 1 4
0 4 3
3 4 6
4 7 6
1 2 4
2 5 4
4 5 8
4 8 7
98 10 0 
98 10 0 
98 10 0 
98 0 0 
98 0 0 
98 0 0 
90 11 0 
90 11 0 
90 11 0 
103 5 0 
103 5 0 
103 5 0 
103 4 0 
103 4 0 
103 4 0 
96 3 0 
96 3 0 
96 3 0 
99 10 0 
99 10 0 
99 10 0 
99 0 0 
99 0 0 
99 0 0 
91 11 0 
91 11 0 
91 11 0 
0 0 0
0 0 0
0 0 0
0 0 0
0 0 0
0 0 0
0 0 0
0 0 0
0 0 0
