2
1090 1091 1092 1093 1094 1095 1096 
6
4
-1.034748E+01 1.886454E+00 0.000000E+00
-9.940488E+00 1.195850E+00 0.000000E+00
-1.034748E+01 1.886454E+00 1.000000E+00
-9.940488E+00 1.195850E+00 1.000000E+00
-1.034748E+01 1.886454E+00 2.000000E+00
-9.940488E+00 1.195850E+00 2.000000E+00
0 1 3
0 3 2
2 3 5
2 5 4
1050 11 0 
1050 11 0 
1050 11 0 
1050 10 0 
1050 10 0 
1050 10 0 
1055 3 0 
1055 3 0 
1055 3 0 
1054 5 0 
1054 5 0 
1054 5 0 
1051 11 0 
1051 11 0 
1051 11 0 
1051 10 0 
1051 10 0 
1051 10 0 
0 0 0
0 0 0
0 0 0
0 0 0
0 0 0
0 0 0
