2
873 874 875 876 877 878 880 
6
4
1.141362E+01 -1.348219E+00 0.000000E+00
1.067287E+01 -1.857658E+00 0.000000E+00
1.141362E+01 -1.348219E+00 1.000000E+00
1.067287E+01 -1.857658E+00 1.000000E+00
1.141362E+01 -1.348219E+00 2.000000E+00
1.067287E+01 -1.857658E+00 2.000000E+00
0 1 3
0 3 2
2 3 5
2 5 4
873 8 0 
873 8 0 
873 8 0 
866 11 0 
866 11 0 
866 11 0 
878 3 0 
878 3 0 
878 3 0 
870 5 0 
870 5 0 
870 5 0 
874 8 0 
874 8 0 
874 8 0 
867 11 0 
867 11 0 
867 11 0 
0 0 0
0 0 0
0 0 0
0 0 0
0 0 0
0 0 0
