2
547 548 549 550 551 552 554 
9
8
1.032228E+01 -7.835488E+00 0.000000E+00
9.978789E+00 -8.230840E+00 0.000000E+00
9.635296E+00 -8.626192E+00 0.000000E+00
1.032228E+01 -7.835488E+00 1.000000E+00
9.978789E+00 -8.230840E+00 1.000000E+00
9.635296E+00 -8.626192E+00 1.000000E+00
1.032228E+01 -7.835488E+00 2.000000E+00
9.978789E+00 -8.230840E+00 2.000000E+00
9.635296E+00 -8.626192E+00 2.000000E+00
0 1 4
0 4 3
3 4 6
4 7 6
1 2 4
2 5 4
4 5 8
4 8 7
537 15 0 
537 15 0 
537 15 0 
537 10 0 
537 10 0 
537 10 0 
280 7 0 
280 7 0 
280 7 0 
541 5 0 
541 5 0 
541 5 0 
541 4 0 
541 4 0 
541 4 0 
285 5 0 
285 5 0 
285 5 0 
538 15 0 
538 15 0 
538 15 0 
538 10 0 
538 10 0 
538 10 0 
281 7 0 
281 7 0 
281 7 0 
0 0 0
0 0 0
0 0 0
0 0 0
0 0 0
0 0 0
0 0 0
0 0 0
0 0 0
