1
1179 1180 1181 1182 1183 1184 
12
13
2.170840E+00 3.222963E+00 0.000000E+00
1.968220E+00 2.748785E+00 0.000000E+00
2.493754E+00 2.710726E+00 0.000000E+00
1.709238E+00 3.623808E+00 0.000000E+00
1.499923E+00 2.977449E+00 0.000000E+00
1.092905E+00 2.353150E+00 0.000000E+00
9.917345E-01 2.882331E+00 0.000000E+00
2.839323E+00 3.154609E+00 0.000000E+00
2.527912E+00 3.836104E+00 0.000000E+00
1.620546E+00 2.309996E+00 0.000000E+00
2.148186E+00 2.266842E+00 0.000000E+00
8.905641E-01 3.411512E+00 0.000000E+00
2 1 0
0 4 3
6 4 5
2 0 7
0 8 7
9 4 1
3 8 0
9 1 10
10 1 2
1 4 0
11 3 4
5 4 9
11 4 6















968 3 0 
968 3 0 
968 3 0 
1169 11 0 
1169 11 0 
1169 11 0 






968 10 0 
968 10 0 
968 10 0 
968 0 0 
968 0 0 
968 0 0 
1169 15 0 
1169 15 0 
1169 15 0 
0 0 0
0 0 0
0 0 0
0 0 0
0 0 0
0 0 0
0 0 0
0 0 0
0 0 0
0 0 0
0 0 0
0 0 0
