2
1427 1428 1429 1430 1431 1432 1433 
9
8
-8.237454E+00 8.341365E+00 0.000000E+00
-8.542517E+00 7.779164E+00 0.000000E+00
-8.847580E+00 7.216963E+00 0.000000E+00
-8.237454E+00 8.341365E+00 1.000000E+00
-8.542517E+00 7.779164E+00 1.000000E+00
-8.847580E+00 7.216963E+00 1.000000E+00
-8.237454E+00 8.341365E+00 2.000000E+00
-8.542517E+00 7.779164E+00 2.000000E+00
-8.847580E+00 7.216963E+00 2.000000E+00
0 1 4
0 4 3
3 4 6
4 7 6
1 2 4
2 5 4
4 5 8
4 8 7
1427 13 0 
1427 13 0 
1427 13 0 
1427 12 0 
1427 12 0 
1427 12 0 
1427 0 0 
1427 0 0 
1427 0 0 
1433 3 0 
1433 3 0 
1433 3 0 



1429 3 0 
1429 3 0 
1429 3 0 
1428 13 0 
1428 13 0 
1428 13 0 
1428 12 0 
1428 12 0 
1428 12 0 
1428 0 0 
1428 0 0 
1428 0 0 
0 0 0
0 0 0
0 0 0
0 0 0
0 0 0
0 0 0
0 0 0
0 0 0
0 0 0
