2
1563 1564 1565 1566 1567 1568 1569 1571 
9
8
1.338390E+00 9.726626E+00 0.000000E+00
8.187339E-01 9.451804E+00 0.000000E+00
2.990781E-01 9.176982E+00 0.000000E+00
1.338390E+00 9.726626E+00 1.000000E+00
8.187339E-01 9.451804E+00 1.000000E+00
2.990781E-01 9.176982E+00 1.000000E+00
1.338390E+00 9.726626E+00 2.000000E+00
8.187339E-01 9.451804E+00 2.000000E+00
2.990781E-01 9.176982E+00 2.000000E+00
0 1 4
0 4 3
3 4 6
4 7 6
1 2 4
2 5 4
4 5 8
4 8 7
1563 9 0 
1563 9 0 
1563 9 0 
1563 7 0 
1563 7 0 
1563 7 0 
1556 5 0 
1556 5 0 
1556 5 0 
1569 3 0 
1569 3 0 
1569 3 0 



1559 5 0 
1559 5 0 
1559 5 0 
1564 9 0 
1564 9 0 
1564 9 0 
1564 7 0 
1564 7 0 
1564 7 0 
1557 5 0 
1557 5 0 
1557 5 0 
0 0 0
0 0 0
0 0 0
0 0 0
0 0 0
0 0 0
0 0 0
0 0 0
0 0 0
