2
1066 1067 1068 1069 1070 1072 1073 
6
4
-7.651149E+00 2.062912E+00 0.000000E+00
-8.299988E+00 2.075332E+00 0.000000E+00
-7.651149E+00 2.062912E+00 1.000000E+00
-8.299988E+00 2.075332E+00 1.000000E+00
-7.651149E+00 2.062912E+00 2.000000E+00
-8.299988E+00 2.075332E+00 2.000000E+00
0 1 3
0 3 2
2 3 5
2 5 4
1066 11 0 
1066 11 0 
1066 11 0 
1066 12 0 
1066 12 0 
1066 12 0 
1070 5 0 
1070 5 0 
1070 5 0 



1067 11 0 
1067 11 0 
1067 11 0 
1067 12 0 
1067 12 0 
1067 12 0 
0 0 0
0 0 0
0 0 0
0 0 0
0 0 0
0 0 0
