4
547 548 549 551 552 553 554 
6
4
1.105048E+01 -9.665077E+00 0.000000E+00
1.165911E+01 -9.037928E+00 0.000000E+00
1.105048E+01 -9.665077E+00 1.000000E+00
1.165911E+01 -9.037928E+00 1.000000E+00
1.105048E+01 -9.665077E+00 2.000000E+00
1.165911E+01 -9.037928E+00 2.000000E+00
0 1 3
0 3 2
2 3 5
2 5 4
130 10 2.422548e+01 
130 10 0 
130 10 0 
130 3 2.422548e+01 
130 3 0 
130 3 0 
136 3 2.422548e+01 
136 3 0 
136 3 0 
135 5 2.422548e+01 
135 5 0 
135 5 0 
131 10 2.422548e+01 
131 10 0 
131 10 0 
131 3 2.422548e+01 
131 3 0 
131 3 0 
0 0 0
0 0 0
0 0 0
0 0 0
0 0 0
0 0 0
