1
50 51 52 53 54 55 56 
12
13
-8.890935E-01 -1.169974E+01 0.000000E+00
-3.486143E-01 -1.128486E+01 0.000000E+00
-9.838499E-01 -1.108289E+01 0.000000E+00
-7.372669E-01 -1.229494E+01 0.000000E+00
-1.447624E+00 -1.206980E+01 0.000000E+00
-1.266773E+00 -1.268754E+01 0.000000E+00
-2.124752E+00 -1.183499E+01 0.000000E+00
-1.551090E+00 -1.148655E+01 0.000000E+00
-2.194005E+00 -1.135965E+01 0.000000E+00
-2.055499E+00 -1.231034E+01 0.000000E+00
-2.077609E-01 -1.190233E+01 0.000000E+00
-1.619086E+00 -1.088092E+01 0.000000E+00
2 1 0
4 0 3
3 5 4
8 7 6
4 9 6
7 4 6
4 5 9
7 0 4
0 10 3
10 0 1
2 0 7
7 8 11
11 2 7


















42 10 0 
42 10 0 
42 10 0 



42 3 0 
42 3 0 
42 3 0 
42 9 0 
42 9 0 
42 9 0 






1 1 1
1 1 1
1 1 1
1 1 1
1 1 1
1 1 1
1 1 1
1 1 1
1 1 1
1 1 1
1 1 1
1 1 1
