0
625 627 628 629 630 631 632 633 
17
20
4.293294E+00 -3.062283E+00 2.000000E+00
5.038639E+00 -3.028673E+00 2.000000E+00
4.570693E+00 -2.402756E+00 2.000000E+00
4.348312E+00 -4.314348E+00 2.000000E+00
4.475449E+00 -3.632023E+00 2.000000E+00
3.914223E+00 -4.103053E+00 2.000000E+00
5.287210E+00 -4.187374E+00 2.000000E+00
5.191189E+00 -3.625924E+00 2.000000E+00
4.816581E+00 -4.012594E+00 2.000000E+00
5.062721E+00 -2.296769E+00 2.000000E+00
5.775208E+00 -2.791825E+00 2.000000E+00
4.782400E+00 -4.525642E+00 2.000000E+00
5.792021E+00 -3.849105E+00 2.000000E+00
4.078666E+00 -2.508742E+00 2.000000E+00
5.783615E+00 -3.320465E+00 2.000000E+00
3.697615E+00 -3.086730E+00 2.000000E+00
3.805919E+00 -3.594891E+00 2.000000E+00
0 1 2
3 4 5
6 7 8
9 1 10
6 8 11
4 1 0
12 7 6
13 0 2
7 12 14
1 7 14
1 14 10
2 1 9
15 0 13
4 3 8
4 7 1
16 0 15
4 8 7
16 4 0
16 5 4
8 3 11









595 13 0 
595 13 0 
595 13 0 



595 12 0 
595 12 0 
595 12 0 















595 10 0 
595 10 0 
595 10 0 









619 4 0 
619 4 0 
619 4 0 
619 3 0 
619 3 0 
619 3 0 
0 0 0
0 0 0
0 0 0
0 0 0
0 0 0
0 0 0
0 0 0
0 0 0
0 0 0
0 0 0
0 0 0
0 0 0
0 0 0
0 0 0
0 0 0
0 0 0
0 0 0
