2
506 507 509 510 511 512 513 514 
6
4
2.055758E+00 -7.566279E+00 0.000000E+00
2.565446E+00 -8.097010E+00 0.000000E+00
2.055758E+00 -7.566279E+00 1.000000E+00
2.565446E+00 -8.097010E+00 1.000000E+00
2.055758E+00 -7.566279E+00 2.000000E+00
2.565446E+00 -8.097010E+00 2.000000E+00
0 1 3
0 3 2
2 3 5
2 5 4
320 0 0 
320 0 0 
320 0 0 
312 9 0 
312 9 0 
312 9 0 
324 3 0 
324 3 0 
324 3 0 
318 5 0 
318 5 0 
318 5 0 
321 0 0 
321 0 0 
321 0 0 
313 9 0 
313 9 0 
313 9 0 
0 0 0
0 0 0
0 0 0
0 0 0
0 0 0
0 0 0
