0
1098 1100 1101 1102 1103 1104 1105 
15
17
-1.136259E+01 3.326255E+00 2.000000E+00
-1.169417E+01 2.851549E+00 2.000000E+00
-1.105836E+01 2.859837E+00 2.000000E+00
-1.039505E+01 2.806500E+00 2.000000E+00
-1.065419E+01 3.300990E+00 2.000000E+00
-9.961702E+00 3.215003E+00 2.000000E+00
-1.014975E+01 3.677508E+00 2.000000E+00
-1.103101E+01 3.800961E+00 2.000000E+00
-1.149099E+01 2.406284E+00 2.000000E+00
-1.076816E+01 2.402673E+00 2.000000E+00
-1.034748E+01 1.886454E+00 2.000000E+00
-1.006057E+01 2.319476E+00 2.000000E+00
-1.128781E+01 1.961020E+00 2.000000E+00
-1.081764E+01 1.923737E+00 2.000000E+00
-9.773656E+00 2.752499E+00 2.000000E+00
0 1 2
3 4 2
4 3 5
4 6 7
2 1 8
2 4 0
9 10 11
7 0 4
12 13 9
9 3 2
11 14 3
5 6 4
14 5 3
9 11 3
8 12 9
8 9 2
13 10 9



915 13 -2.422548e+01 
915 13 0 
915 13 0 


















915 2 -2.422548e+01 
915 2 0 
915 2 0 



1051 11 0 
1051 11 0 
1051 11 0 
1091 8 0 
1091 8 0 
1091 8 0 
915 1 -2.422548e+01 
915 1 0 
915 1 0 
1051 4 0 
1051 4 0 
1051 4 0 
1091 11 0 
1091 11 0 
1091 11 0 
0 0 0
0 0 0
0 0 0
0 0 0
0 0 0
0 0 0
0 0 0
0 0 0
0 0 0
0 0 0
0 0 0
0 0 0
0 0 0
0 0 0
0 0 0
