1
225 226 227 228 229 230 231 232 
15
17
5.213353E+00 -1.204782E+01 0.000000E+00
5.764824E+00 -1.255867E+01 0.000000E+00
5.884142E+00 -1.181906E+01 0.000000E+00
5.329904E+00 -1.277326E+01 0.000000E+00
4.403470E+00 -1.194216E+01 0.000000E+00
4.110862E+00 -1.123179E+01 0.000000E+00
3.752397E+00 -1.159832E+01 0.000000E+00
3.845988E+00 -1.242932E+01 0.000000E+00
5.504925E+00 -1.135733E+01 0.000000E+00
5.125707E+00 -1.089560E+01 0.000000E+00
4.788667E+00 -1.142377E+01 0.000000E+00
4.837496E+00 -1.246076E+01 0.000000E+00
4.370486E+00 -1.270859E+01 0.000000E+00
4.894984E+00 -1.298786E+01 0.000000E+00
4.469326E+00 -1.086526E+01 0.000000E+00
2 1 0
0 1 3
6 5 4
6 4 7
10 9 8
3 11 0
11 13 12
0 10 8
10 14 9
11 3 13
4 10 0
8 2 0
10 5 14
5 10 4
4 11 12
7 4 12
4 0 11















217 0 0 
217 0 0 
217 0 0 
217 7 0 
217 7 0 
217 7 0 





















217 1 0 
217 1 0 
217 1 0 
1 1 1
1 1 1
1 1 1
1 1 1
1 1 1
1 1 1
1 1 1
1 1 1
1 1 1
1 1 1
1 1 1
1 1 1
1 1 1
1 1 1
1 1 1
