6
1747 1748 1749 1750 1752 1753 
9
8
1.049210E+01 1.149754E+01 0.000000E+00
9.923789E+00 1.159805E+01 0.000000E+00
9.355476E+00 1.169856E+01 0.000000E+00
1.049210E+01 1.149754E+01 1.000000E+00
9.923789E+00 1.159805E+01 1.000000E+00
9.355476E+00 1.169856E+01 1.000000E+00
1.049210E+01 1.149754E+01 2.000000E+00
9.923789E+00 1.159805E+01 2.000000E+00
9.355476E+00 1.169856E+01 2.000000E+00
0 1 4
0 4 3
3 4 6
4 7 6
1 2 4
2 5 4
4 5 8
4 8 7
257 3 0 
257 3 2.422548e+01 
257 3 0 
257 7 0 
257 7 2.422548e+01 
257 7 0 
257 8 0 
257 8 2.422548e+01 
257 8 0 
259 5 0 
259 5 2.422548e+01 
259 5 0 
259 4 0 
259 4 2.422548e+01 
259 4 0 
259 3 0 
259 3 2.422548e+01 
259 3 0 
258 3 0 
258 3 2.422548e+01 
258 3 0 
258 7 0 
258 7 2.422548e+01 
258 7 0 
258 8 0 
258 8 2.422548e+01 
258 8 0 
0 0 0
0 0 0
0 0 0
0 0 0
0 0 0
0 0 0
0 0 0
0 0 0
0 0 0
