2
1658 1659 1660 1661 1662 1663 1664 
9
8
3.816094E+00 9.721522E+00 0.000000E+00
3.809416E+00 9.140951E+00 0.000000E+00
3.802738E+00 8.560379E+00 0.000000E+00
3.816094E+00 9.721522E+00 1.000000E+00
3.809416E+00 9.140951E+00 1.000000E+00
3.802738E+00 8.560379E+00 1.000000E+00
3.816094E+00 9.721522E+00 2.000000E+00
3.809416E+00 9.140951E+00 2.000000E+00
3.802738E+00 8.560379E+00 2.000000E+00
0 1 4
0 4 3
3 4 6
4 7 6
1 2 4
2 5 4
4 5 8
4 8 7
1658 12 0 
1658 12 0 
1658 12 0 
1658 11 0 
1658 11 0 
1658 11 0 
1579 9 0 
1579 9 0 
1579 9 0 
1664 5 0 
1664 5 0 
1664 5 0 



1584 3 0 
1584 3 0 
1584 3 0 
1659 12 0 
1659 12 0 
1659 12 0 
1659 11 0 
1659 11 0 
1659 11 0 
1580 9 0 
1580 9 0 
1580 9 0 
0 0 0
0 0 0
0 0 0
0 0 0
0 0 0
0 0 0
0 0 0
0 0 0
0 0 0
