2
1074 1075 1077 1078 1079 1080 
9
8
-7.651149E+00 2.062912E+00 0.000000E+00
-7.336581E+00 1.543240E+00 0.000000E+00
-7.022013E+00 1.023567E+00 0.000000E+00
-7.651149E+00 2.062912E+00 1.000000E+00
-7.336581E+00 1.543240E+00 1.000000E+00
-7.022013E+00 1.023567E+00 1.000000E+00
-7.651149E+00 2.062912E+00 2.000000E+00
-7.336581E+00 1.543240E+00 2.000000E+00
-7.022013E+00 1.023567E+00 2.000000E+00
0 1 4
0 4 3
3 4 6
4 7 6
1 2 4
2 5 4
4 5 8
4 8 7
1066 11 0 
1066 11 0 
1066 11 0 
1066 9 0 
1066 9 0 
1066 9 0 
1017 12 0 
1017 12 0 
1017 12 0 
1070 5 0 
1070 5 0 
1070 5 0 
1070 4 0 
1070 4 0 
1070 4 0 
1024 5 0 
1024 5 0 
1024 5 0 
1067 11 0 
1067 11 0 
1067 11 0 
1067 9 0 
1067 9 0 
1067 9 0 
1018 12 0 
1018 12 0 
1018 12 0 
0 0 0
0 0 0
0 0 0
0 0 0
0 0 0
0 0 0
0 0 0
0 0 0
0 0 0
