2
1202 1203 1204 1206 1207 
9
8
5.647718E+00 2.043807E+00 0.000000E+00
5.872110E+00 2.514023E+00 0.000000E+00
6.096503E+00 2.984240E+00 0.000000E+00
5.647718E+00 2.043807E+00 1.000000E+00
5.872110E+00 2.514023E+00 1.000000E+00
6.096503E+00 2.984240E+00 1.000000E+00
5.647718E+00 2.043807E+00 2.000000E+00
5.872110E+00 2.514023E+00 2.000000E+00
6.096503E+00 2.984240E+00 2.000000E+00
0 1 4
0 4 3
3 4 6
4 7 6
1 2 4
2 5 4
4 5 8
4 8 7
944 3 0 
944 3 0 
944 3 0 
944 7 0 
944 7 0 
944 7 0 
944 6 0 
944 6 0 
944 6 0 
946 2 0 
946 2 0 
946 2 0 
951 4 0 
951 4 0 
951 4 0 
950 5 0 
950 5 0 
950 5 0 
945 3 0 
945 3 0 
945 3 0 
945 7 0 
945 7 0 
945 7 0 
945 6 0 
945 6 0 
945 6 0 
0 0 0
0 0 0
0 0 0
0 0 0
0 0 0
0 0 0
0 0 0
0 0 0
0 0 0
