3
1042 1043 1044 1045 1046 1047 1049 
9
8
-1.164344E+01 2.247785E-01 0.000000E+00
-1.221875E+01 -1.090227E-01 0.000000E+00
-1.279406E+01 -4.428240E-01 0.000000E+00
-1.164344E+01 2.247785E-01 1.000000E+00
-1.221875E+01 -1.090227E-01 1.000000E+00
-1.279406E+01 -4.428240E-01 1.000000E+00
-1.164344E+01 2.247785E-01 2.000000E+00
-1.221875E+01 -1.090227E-01 2.000000E+00
-1.279406E+01 -4.428240E-01 2.000000E+00
0 1 4
0 4 3
3 4 6
4 7 6
1 2 4
2 5 4
4 5 8
4 8 7
907 3 -2.422548e+01 
907 3 0 
907 3 0 
907 0 -2.422548e+01 
907 0 0 
907 0 0 
881 1 -2.422548e+01 
881 1 0 
881 1 0 
910 5 -2.422548e+01 
910 5 0 
910 5 0 
910 4 -2.422548e+01 
910 4 0 
910 4 0 
885 5 -2.422548e+01 
885 5 0 
885 5 0 
908 3 -2.422548e+01 
908 3 0 
908 3 0 
908 0 -2.422548e+01 
908 0 0 
908 0 0 
882 1 -2.422548e+01 
882 1 0 
882 1 0 
0 0 0
0 0 0
0 0 0
0 0 0
0 0 0
0 0 0
0 0 0
0 0 0
0 0 0
