2
1208 1209 1210 1212 1213 1214 1215 
9
8
6.096503E+00 2.984240E+00 0.000000E+00
6.567923E+00 3.117213E+00 0.000000E+00
7.039342E+00 3.250187E+00 0.000000E+00
6.096503E+00 2.984240E+00 1.000000E+00
6.567923E+00 3.117213E+00 1.000000E+00
7.039342E+00 3.250187E+00 1.000000E+00
6.096503E+00 2.984240E+00 2.000000E+00
6.567923E+00 3.117213E+00 2.000000E+00
7.039342E+00 3.250187E+00 2.000000E+00
0 1 4
0 4 3
3 4 6
4 7 6
1 2 4
2 5 4
4 5 8
4 8 7
944 6 0 
944 6 0 
944 6 0 
944 5 0 
944 5 0 
944 5 0 
944 9 0 
944 9 0 
944 9 0 
950 5 0 
950 5 0 
950 5 0 
950 4 0 
950 4 0 
950 4 0 
949 5 0 
949 5 0 
949 5 0 
945 6 0 
945 6 0 
945 6 0 
945 5 0 
945 5 0 
945 5 0 
945 9 0 
945 9 0 
945 9 0 
0 0 0
0 0 0
0 0 0
0 0 0
0 0 0
0 0 0
0 0 0
0 0 0
0 0 0
