2
1540 1541 1542 1543 1544 1546 1547 
9
8
-2.273190E+00 1.014274E+01 0.000000E+00
-2.717218E+00 1.037172E+01 0.000000E+00
-3.161247E+00 1.060070E+01 0.000000E+00
-2.273190E+00 1.014274E+01 1.000000E+00
-2.717218E+00 1.037172E+01 1.000000E+00
-3.161247E+00 1.060070E+01 1.000000E+00
-2.273190E+00 1.014274E+01 2.000000E+00
-2.717218E+00 1.037172E+01 2.000000E+00
-3.161247E+00 1.060070E+01 2.000000E+00
0 1 4
0 4 3
3 4 6
4 7 6
1 2 4
2 5 4
4 5 8
4 8 7
1540 11 0 
1540 11 0 
1540 11 0 
1540 5 0 
1540 5 0 
1540 5 0 
1531 10 0 
1531 10 0 
1531 10 0 
1544 3 0 
1544 3 0 
1544 3 0 



1535 5 0 
1535 5 0 
1535 5 0 
1541 11 0 
1541 11 0 
1541 11 0 
1541 5 0 
1541 5 0 
1541 5 0 
1532 10 0 
1532 10 0 
1532 10 0 
0 0 0
0 0 0
0 0 0
0 0 0
0 0 0
0 0 0
0 0 0
0 0 0
0 0 0
