0
1474 1476 1477 1478 1479 1480 
11
10
-8.639338E+00 8.711990E+00 2.000000E+00
-9.553761E+00 8.741279E+00 2.000000E+00
-9.260962E+00 7.980408E+00 2.000000E+00
-8.237454E+00 8.341365E+00 2.000000E+00
-8.542517E+00 7.779164E+00 2.000000E+00
-9.930621E+00 7.868055E+00 2.000000E+00
-9.794942E+00 7.336169E+00 2.000000E+00
-9.041223E+00 9.082616E+00 2.000000E+00
-1.006630E+01 8.399942E+00 2.000000E+00
-9.321261E+00 7.276566E+00 2.000000E+00
-8.847580E+00 7.216963E+00 2.000000E+00
0 1 2
3 0 4
2 5 6
7 1 0
2 8 5
9 2 6
9 10 2
4 2 10
0 2 4
1 8 2









1428 13 0 
1428 13 0 
1428 13 0 
1428 12 0 
1428 12 0 
1428 12 0 
1467 1 0 
1467 1 0 
1467 1 0 
1436 11 0 
1436 11 0 
1436 11 0 



1467 4 0 
1467 4 0 
1467 4 0 
1436 12 0 
1436 12 0 
1436 12 0 
1428 0 0 
1428 0 0 
1428 0 0 
0 0 0
0 0 0
0 0 0
0 0 0
0 0 0
0 0 0
0 0 0
0 0 0
0 0 0
0 0 0
0 0 0
