2
328 329 330 331 332 333 334 
9
8
-6.422594E-01 -6.698199E+00 0.000000E+00
-8.581690E-01 -7.284859E+00 0.000000E+00
-1.074079E+00 -7.871520E+00 0.000000E+00
-6.422594E-01 -6.698199E+00 1.000000E+00
-8.581690E-01 -7.284859E+00 1.000000E+00
-1.074079E+00 -7.871520E+00 1.000000E+00
-6.422594E-01 -6.698199E+00 2.000000E+00
-8.581690E-01 -7.284859E+00 2.000000E+00
-1.074079E+00 -7.871520E+00 2.000000E+00
0 1 4
0 4 3
3 4 6
4 7 6
1 2 4
2 5 4
4 5 8
4 8 7
328 4 0 
328 4 0 
328 4 0 
328 5 0 
328 5 0 
328 5 0 
193 0 0 
193 0 0 
193 0 0 
334 3 0 
334 3 0 
334 3 0 



198 5 0 
198 5 0 
198 5 0 
329 4 0 
329 4 0 
329 4 0 
329 5 0 
329 5 0 
329 5 0 
194 0 0 
194 0 0 
194 0 0 
0 0 0
0 0 0
0 0 0
0 0 0
0 0 0
0 0 0
0 0 0
0 0 0
0 0 0
