2
1178 1179 1180 1181 1182 1183 
9
8
8.905641E-01 3.411512E+00 0.000000E+00
9.917345E-01 2.882331E+00 0.000000E+00
1.092905E+00 2.353150E+00 0.000000E+00
8.905641E-01 3.411512E+00 1.000000E+00
9.917345E-01 2.882331E+00 1.000000E+00
1.092905E+00 2.353150E+00 1.000000E+00
8.905641E-01 3.411512E+00 2.000000E+00
9.917345E-01 2.882331E+00 2.000000E+00
1.092905E+00 2.353150E+00 2.000000E+00
0 1 4
0 4 3
3 4 6
4 7 6
1 2 4
2 5 4
4 5 8
4 8 7
1169 15 0 
1169 15 0 
1169 15 0 
1169 11 0 
1169 11 0 
1169 11 0 
968 3 0 
968 3 0 
968 3 0 
1174 5 0 
1174 5 0 
1174 5 0 
1174 4 0 
1174 4 0 
1174 4 0 
974 5 0 
974 5 0 
974 5 0 
1170 15 0 
1170 15 0 
1170 15 0 
1170 11 0 
1170 11 0 
1170 11 0 
969 3 0 
969 3 0 
969 3 0 
0 0 0
0 0 0
0 0 0
0 0 0
0 0 0
0 0 0
0 0 0
0 0 0
0 0 0
