1
1490 1491 1492 1493 1494 1495 1496 1497 
16
19
-1.248768E+01 8.897831E+00 0.000000E+00
-1.184438E+01 9.428041E+00 0.000000E+00
-1.246095E+01 9.466457E+00 0.000000E+00
-1.136440E+01 8.403204E+00 0.000000E+00
-1.150403E+01 8.935246E+00 0.000000E+00
-1.196961E+01 8.627183E+00 0.000000E+00
-1.303290E+01 9.314793E+00 0.000000E+00
-1.315158E+01 8.808448E+00 0.000000E+00
-1.291423E+01 9.821138E+00 0.000000E+00
-1.191008E+01 1.023029E+01 0.000000E+00
-1.241216E+01 1.002571E+01 0.000000E+00
-1.113028E+01 9.732456E+00 0.000000E+00
-1.108107E+01 9.241963E+00 0.000000E+00
-1.103186E+01 8.751470E+00 0.000000E+00
-1.169693E+01 8.054939E+00 0.000000E+00
-1.256911E+01 8.082055E+00 0.000000E+00
2 1 0
5 4 3
6 2 0
0 7 6
2 6 8
0 1 5
4 5 1
10 9 1
2 8 10
2 10 1
9 11 1
12 4 1
11 12 1
12 13 4
14 5 3
14 15 5
3 4 13
5 15 0
15 7 0









1466 8 0 
1466 8 0 
1466 8 0 





















1481 10 0 
1481 10 0 
1481 10 0 
1481 11 0 
1481 11 0 
1481 11 0 
1466 7 0 
1466 7 0 
1466 7 0 
1458 9 0 
1458 9 0 
1458 9 0 
1458 7 0 
1458 7 0 
1458 7 0 
1 1 1
1 1 1
1 1 1
1 1 1
1 1 1
1 1 1
1 1 1
1 1 1
1 1 1
1 1 1
1 1 1
1 1 1
1 1 1
1 1 1
1 1 1
1 1 1
