1
1475 1476 1477 1478 1479 1480 
11
10
-8.639338E+00 8.711990E+00 0.000000E+00
-9.553761E+00 8.741279E+00 0.000000E+00
-9.260962E+00 7.980408E+00 0.000000E+00
-8.237454E+00 8.341365E+00 0.000000E+00
-8.542517E+00 7.779164E+00 0.000000E+00
-9.930621E+00 7.868055E+00 0.000000E+00
-9.794942E+00 7.336169E+00 0.000000E+00
-9.041223E+00 9.082616E+00 0.000000E+00
-1.006630E+01 8.399942E+00 0.000000E+00
-9.321261E+00 7.276566E+00 0.000000E+00
-8.847580E+00 7.216963E+00 0.000000E+00
2 1 0
4 0 3
6 5 2
0 1 7
5 8 2
6 2 9
2 10 9
10 2 4
4 2 0
2 8 1









1427 13 0 
1427 13 0 
1427 13 0 
1427 12 0 
1427 12 0 
1427 12 0 
1466 1 0 
1466 1 0 
1466 1 0 
1435 11 0 
1435 11 0 
1435 11 0 



1466 4 0 
1466 4 0 
1466 4 0 
1435 12 0 
1435 12 0 
1435 12 0 
1427 0 0 
1427 0 0 
1427 0 0 
1 1 1
1 1 1
1 1 1
1 1 1
1 1 1
1 1 1
1 1 1
1 1 1
1 1 1
1 1 1
1 1 1
