0
74 76 77 78 79 80 
11
10
-2.098863E-01 -1.000902E+01 2.000000E+00
-8.254347E-02 -1.087856E+01 2.000000E+00
1.835274E-01 -1.047225E+01 2.000000E+00
-9.838499E-01 -1.108289E+01 2.000000E+00
-3.486143E-01 -1.128486E+01 2.000000E+00
-1.619086E+00 -1.088092E+01 2.000000E+00
-9.014184E-01 -1.038144E+01 2.000000E+00
-1.615984E+00 -1.038213E+01 2.000000E+00
-1.612882E+00 -9.883333E+00 2.000000E+00
-6.033000E-01 -9.545791E+00 2.000000E+00
-1.108091E+00 -9.714562E+00 2.000000E+00
0 1 2
3 4 1
5 3 6
6 3 1
0 6 1
7 5 6
8 7 6
0 9 6
8 6 10
10 6 9



66 9 0 
66 9 0 
66 9 0 
66 2 0 
66 2 0 
66 2 0 
50 2 0 
50 2 0 
50 2 0 
50 1 0 
50 1 0 
50 1 0 
50 11 0 
50 11 0 
50 11 0 















0 0 0
0 0 0
0 0 0
0 0 0
0 0 0
0 0 0
0 0 0
0 0 0
0 0 0
0 0 0
0 0 0
