1
66 67 68 69 70 71 72 73 
13
14
6.986680E-01 -1.090495E+01 0.000000E+00
9.998775E-01 -1.035340E+01 0.000000E+00
1.835274E-01 -1.047225E+01 0.000000E+00
1.428937E+00 -1.080949E+01 0.000000E+00
1.147981E+00 -1.139915E+01 0.000000E+00
4.052974E-01 -1.155993E+01 0.000000E+00
-2.077609E-01 -1.190233E+01 0.000000E+00
-3.486143E-01 -1.128486E+01 0.000000E+00
5.000865E-01 -1.226854E+01 0.000000E+00
-8.254347E-02 -1.087856E+01 0.000000E+00
1.088649E+00 -1.205988E+01 0.000000E+00
1.677211E+00 -1.185122E+01 0.000000E+00
1.857997E+00 -1.126557E+01 0.000000E+00
2 1 0
1 3 0
5 0 4
7 5 6
3 4 0
8 6 5
5 9 0
9 5 7
2 0 9
10 8 5
4 12 11
4 3 12
4 11 10
4 10 5


















49 10 0 
49 10 0 
49 10 0 
49 1 0 
49 1 0 
49 1 0 
57 5 0 
57 5 0 
57 5 0 












1 1 1
1 1 1
1 1 1
1 1 1
1 1 1
1 1 1
1 1 1
1 1 1
1 1 1
1 1 1
1 1 1
1 1 1
1 1 1
