2
586 587 588 589 590 591 593 
9
8
4.877558E+00 -5.386842E+00 0.000000E+00
4.396028E+00 -5.813323E+00 0.000000E+00
3.914498E+00 -6.239805E+00 0.000000E+00
4.877558E+00 -5.386842E+00 1.000000E+00
4.396028E+00 -5.813323E+00 1.000000E+00
3.914498E+00 -6.239805E+00 1.000000E+00
4.877558E+00 -5.386842E+00 2.000000E+00
4.396028E+00 -5.813323E+00 2.000000E+00
3.914498E+00 -6.239805E+00 2.000000E+00
0 1 4
0 4 3
3 4 6
4 7 6
1 2 4
2 5 4
4 5 8
4 8 7
586 12 0 
586 12 0 
586 12 0 
586 3 0 
586 3 0 
586 3 0 
506 10 0 
506 10 0 
506 10 0 
591 5 0 
591 5 0 
591 5 0 



511 5 0 
511 5 0 
511 5 0 
587 12 0 
587 12 0 
587 12 0 
587 3 0 
587 3 0 
587 3 0 
507 10 0 
507 10 0 
507 10 0 
0 0 0
0 0 0
0 0 0
0 0 0
0 0 0
0 0 0
0 0 0
0 0 0
0 0 0
