1
923 924 925 926 927 928 929 
12
13
9.950841E+00 3.016064E+00 0.000000E+00
9.507628E+00 3.607448E+00 0.000000E+00
9.254520E+00 2.863096E+00 0.000000E+00
9.646763E+00 2.394155E+00 0.000000E+00
1.038408E+01 2.453013E+00 0.000000E+00
1.085017E+01 1.961392E+00 0.000000E+00
1.112389E+01 2.437075E+00 0.000000E+00
1.096736E+01 3.678913E+00 0.000000E+00
1.023749E+01 3.643181E+00 0.000000E+00
1.069382E+01 3.028962E+00 0.000000E+00
1.139760E+01 2.912758E+00 0.000000E+00
1.003901E+01 1.925215E+00 0.000000E+00
2 1 0
4 3 0
0 3 2
6 5 4
9 8 7
8 9 0
9 10 6
8 0 1
4 11 3
9 4 0
5 11 4
6 4 9
10 9 7















899 10 0 
899 10 0 
899 10 0 
914 10 0 
914 10 0 
914 10 0 









914 9 0 
914 9 0 
914 9 0 
899 2 0 
899 2 0 
899 2 0 
1 1 1
1 1 1
1 1 1
1 1 1
1 1 1
1 1 1
1 1 1
1 1 1
1 1 1
1 1 1
1 1 1
1 1 1
