2
801 802 803 805 806 807 808 
9
8
-2.114707E+00 -1.786403E+00 0.000000E+00
-1.528263E+00 -1.732420E+00 0.000000E+00
-9.418203E-01 -1.678438E+00 0.000000E+00
-2.114707E+00 -1.786403E+00 1.000000E+00
-1.528263E+00 -1.732420E+00 1.000000E+00
-9.418203E-01 -1.678438E+00 1.000000E+00
-2.114707E+00 -1.786403E+00 2.000000E+00
-1.528263E+00 -1.732420E+00 2.000000E+00
-9.418203E-01 -1.678438E+00 2.000000E+00
0 1 4
0 4 3
3 4 6
4 7 6
1 2 4
2 5 4
4 5 8
4 8 7
730 7 0 
730 7 0 
730 7 0 
730 13 0 
730 13 0 
730 13 0 
730 12 0 
730 12 0 
730 12 0 
736 5 0 
736 5 0 
736 5 0 
736 4 0 
736 4 0 
736 4 0 
735 5 0 
735 5 0 
735 5 0 
731 7 0 
731 7 0 
731 7 0 
731 13 0 
731 13 0 
731 13 0 
731 12 0 
731 12 0 
731 12 0 
0 0 0
0 0 0
0 0 0
0 0 0
0 0 0
0 0 0
0 0 0
0 0 0
0 0 0
