2
1435 1436 1437 1438 1439 1440 1442 
6
4
-9.794942E+00 7.336169E+00 0.000000E+00
-1.026999E+01 6.804226E+00 0.000000E+00
-9.794942E+00 7.336169E+00 1.000000E+00
-1.026999E+01 6.804226E+00 1.000000E+00
-9.794942E+00 7.336169E+00 2.000000E+00
-1.026999E+01 6.804226E+00 2.000000E+00
0 1 3
0 3 2
2 3 5
2 5 4
1435 11 0 
1435 11 0 
1435 11 0 
1435 10 0 
1435 10 0 
1435 10 0 
1440 5 0 
1440 5 0 
1440 5 0 



1436 11 0 
1436 11 0 
1436 11 0 
1436 10 0 
1436 10 0 
1436 10 0 
0 0 0
0 0 0
0 0 0
0 0 0
0 0 0
0 0 0
