1
1324 1325 1326 1327 1328 1329 1330 1331 
15
17
-6.516004E+00 6.092093E+00 0.000000E+00
-7.118207E+00 6.153887E+00 0.000000E+00
-6.943740E+00 5.519274E+00 0.000000E+00
-7.741219E+00 6.219552E+00 0.000000E+00
-7.372370E+00 6.785023E+00 0.000000E+00
-6.790460E+00 6.741220E+00 0.000000E+00
-5.945982E+00 7.307857E+00 0.000000E+00
-6.474751E+00 7.329176E+00 0.000000E+00
-6.243379E+00 6.742493E+00 0.000000E+00
-5.857212E+00 6.322567E+00 0.000000E+00
-5.712755E+00 6.869909E+00 0.000000E+00
-7.418972E+00 5.604112E+00 0.000000E+00
-7.003521E+00 7.350494E+00 0.000000E+00
-6.468509E+00 5.434437E+00 0.000000E+00
-6.001668E+00 5.775225E+00 0.000000E+00
2 1 0
4 1 3
1 5 0
8 7 6
10 9 8
8 5 7
5 1 4
1 11 3
12 5 4
8 6 10
7 5 12
9 0 8
13 2 0
2 11 1
14 0 9
0 5 8
13 0 14






1131 6 0 
1131 6 0 
1131 6 0 
1122 4 0 
1122 4 0 
1122 4 0 















1317 1 0 
1317 1 0 
1317 1 0 
1317 0 0 
1317 0 0 
1317 0 0 
1122 3 0 
1122 3 0 
1122 3 0 



1131 5 0 
1131 5 0 
1131 5 0 
1309 5 0 
1309 5 0 
1309 5 0 
1 1 1
1 1 1
1 1 1
1 1 1
1 1 1
1 1 1
1 1 1
1 1 1
1 1 1
1 1 1
1 1 1
1 1 1
1 1 1
1 1 1
1 1 1
