2
730 731 732 734 735 736 737 
9
8
-1.813875E+00 -3.479699E+00 0.000000E+00
-1.348890E+00 -3.432136E+00 0.000000E+00
-8.839053E-01 -3.384574E+00 0.000000E+00
-1.813875E+00 -3.479699E+00 1.000000E+00
-1.348890E+00 -3.432136E+00 1.000000E+00
-8.839053E-01 -3.384574E+00 1.000000E+00
-1.813875E+00 -3.479699E+00 2.000000E+00
-1.348890E+00 -3.432136E+00 2.000000E+00
-8.839053E-01 -3.384574E+00 2.000000E+00
0 1 4
0 4 3
3 4 6
4 7 6
1 2 4
2 5 4
4 5 8
4 8 7
715 5 0 
715 5 0 
715 5 0 
715 11 0 
715 11 0 
715 11 0 
707 12 0 
707 12 0 
707 12 0 
720 5 0 
720 5 0 
720 5 0 
720 4 0 
720 4 0 
720 4 0 
713 5 0 
713 5 0 
713 5 0 
716 5 0 
716 5 0 
716 5 0 
716 11 0 
716 11 0 
716 11 0 
708 12 0 
708 12 0 
708 12 0 
0 0 0
0 0 0
0 0 0
0 0 0
0 0 0
0 0 0
0 0 0
0 0 0
0 0 0
