2
1579 1580 1581 1583 1584 1585 1586 1587 
9
8
4.072157E+00 6.399418E+00 0.000000E+00
4.417483E+00 6.833305E+00 0.000000E+00
4.762810E+00 7.267191E+00 0.000000E+00
4.072157E+00 6.399418E+00 1.000000E+00
4.417483E+00 6.833305E+00 1.000000E+00
4.762810E+00 7.267191E+00 1.000000E+00
4.072157E+00 6.399418E+00 2.000000E+00
4.417483E+00 6.833305E+00 2.000000E+00
4.762810E+00 7.267191E+00 2.000000E+00
0 1 4
0 4 3
3 4 6
4 7 6
1 2 4
2 5 4
4 5 8
4 8 7
1266 7 0 
1266 7 0 
1266 7 0 
1579 11 0 
1579 11 0 
1579 11 0 
1579 10 0 
1579 10 0 
1579 10 0 
1271 3 0 
1271 3 0 
1271 3 0 






1267 7 0 
1267 7 0 
1267 7 0 
1580 11 0 
1580 11 0 
1580 11 0 
1580 10 0 
1580 10 0 
1580 10 0 
0 0 0
0 0 0
0 0 0
0 0 0
0 0 0
0 0 0
0 0 0
0 0 0
0 0 0
