2
594 595 596 597 598 599 601 602 
9
8
3.914223E+00 -4.103053E+00 0.000000E+00
3.304484E+00 -4.372012E+00 0.000000E+00
2.694745E+00 -4.640972E+00 0.000000E+00
3.914223E+00 -4.103053E+00 1.000000E+00
3.304484E+00 -4.372012E+00 1.000000E+00
2.694745E+00 -4.640972E+00 1.000000E+00
3.914223E+00 -4.103053E+00 2.000000E+00
3.304484E+00 -4.372012E+00 2.000000E+00
2.694745E+00 -4.640972E+00 2.000000E+00
0 1 4
0 4 3
3 4 6
4 7 6
1 2 4
2 5 4
4 5 8
4 8 7
594 12 0 
594 12 0 
594 12 0 
594 5 0 
594 5 0 
594 5 0 
594 3 0 
594 3 0 
594 3 0 
599 5 0 
599 5 0 
599 5 0 






595 12 0 
595 12 0 
595 12 0 
595 5 0 
595 5 0 
595 5 0 
595 3 0 
595 3 0 
595 3 0 
0 0 0
0 0 0
0 0 0
0 0 0
0 0 0
0 0 0
0 0 0
0 0 0
0 0 0
