2
1531 1532 1533 1534 1536 1537 1538 1539 
9
8
-4.112355E+00 9.864227E+00 0.000000E+00
-3.636801E+00 1.023246E+01 0.000000E+00
-3.161247E+00 1.060070E+01 0.000000E+00
-4.112355E+00 9.864227E+00 1.000000E+00
-3.636801E+00 1.023246E+01 1.000000E+00
-3.161247E+00 1.060070E+01 1.000000E+00
-4.112355E+00 9.864227E+00 2.000000E+00
-3.636801E+00 1.023246E+01 2.000000E+00
-3.161247E+00 1.060070E+01 2.000000E+00
0 1 4
0 4 3
3 4 6
4 7 6
1 2 4
2 5 4
4 5 8
4 8 7
1411 6 0 
1411 6 0 
1411 6 0 
1531 7 0 
1531 7 0 
1531 7 0 
1531 10 0 
1531 10 0 
1531 10 0 
1416 3 0 
1416 3 0 
1416 3 0 






1412 6 0 
1412 6 0 
1412 6 0 
1532 7 0 
1532 7 0 
1532 7 0 
1532 10 0 
1532 10 0 
1532 10 0 
0 0 0
0 0 0
0 0 0
0 0 0
0 0 0
0 0 0
0 0 0
0 0 0
0 0 0
