2
1427 1428 1429 1430 1432 1433 1434 
9
8
-7.741219E+00 6.219552E+00 0.000000E+00
-7.372370E+00 6.785023E+00 0.000000E+00
-7.003521E+00 7.350494E+00 0.000000E+00
-7.741219E+00 6.219552E+00 1.000000E+00
-7.372370E+00 6.785023E+00 1.000000E+00
-7.003521E+00 7.350494E+00 1.000000E+00
-7.741219E+00 6.219552E+00 2.000000E+00
-7.372370E+00 6.785023E+00 2.000000E+00
-7.003521E+00 7.350494E+00 2.000000E+00
0 1 4
0 4 3
3 4 6
4 7 6
1 2 4
2 5 4
4 5 8
4 8 7
1122 4 0 
1122 4 0 
1122 4 0 
1323 4 0 
1323 4 0 
1323 4 0 
1323 12 0 
1323 12 0 
1323 12 0 
1127 3 0 
1127 3 0 
1127 3 0 
1331 4 0 
1331 4 0 
1331 4 0 
1330 5 0 
1330 5 0 
1330 5 0 
1123 4 0 
1123 4 0 
1123 4 0 
1324 4 0 
1324 4 0 
1324 4 0 
1324 12 0 
1324 12 0 
1324 12 0 
0 0 0
0 0 0
0 0 0
0 0 0
0 0 0
0 0 0
0 0 0
0 0 0
0 0 0
