1
1251 1252 1253 1254 1255 1256 1257 1258 
15
17
7.770378E+00 5.036210E+00 0.000000E+00
7.784356E+00 5.604677E+00 0.000000E+00
7.075288E+00 5.420788E+00 0.000000E+00
7.085593E+00 4.721015E+00 0.000000E+00
7.161584E+00 4.087032E+00 0.000000E+00
7.756400E+00 4.467743E+00 0.000000E+00
6.427230E+00 5.050880E+00 0.000000E+00
5.963989E+00 4.692265E+00 0.000000E+00
6.562787E+00 4.389648E+00 0.000000E+00
6.402827E+00 5.579175E+00 0.000000E+00
6.151543E+00 6.030981E+00 0.000000E+00
5.766358E+00 5.512701E+00 0.000000E+00
6.683753E+00 6.076476E+00 0.000000E+00
7.215962E+00 6.121972E+00 0.000000E+00
6.862185E+00 4.238340E+00 0.000000E+00
2 1 0
5 4 3
8 7 6
6 2 3
8 6 3
11 10 9
10 12 9
12 13 2
13 1 2
11 6 7
9 12 2
2 6 9
6 11 9
3 0 5
8 3 14
14 3 4
3 2 0
1243 7 0 
1243 7 0 
1243 7 0 
1243 6 0 
1243 6 0 
1243 6 0 






1208 16 0 
1208 16 0 
1208 16 0 
1216 4 0 
1216 4 0 
1216 4 0 



1208 1 0 
1208 1 0 
1208 1 0 
1208 12 0 
1208 12 0 
1208 12 0 















1208 15 0 
1208 15 0 
1208 15 0 
1 1 1
1 1 1
1 1 1
1 1 1
1 1 1
1 1 1
1 1 1
1 1 1
1 1 1
1 1 1
1 1 1
1 1 1
1 1 1
1 1 1
1 1 1
