2
1090 1091 1092 1093 1094 1095 1097 
9
8
-9.773656E+00 2.752499E+00 0.000000E+00
-1.006057E+01 2.319476E+00 0.000000E+00
-1.034748E+01 1.886454E+00 0.000000E+00
-9.773656E+00 2.752499E+00 1.000000E+00
-1.006057E+01 2.319476E+00 1.000000E+00
-1.034748E+01 1.886454E+00 1.000000E+00
-9.773656E+00 2.752499E+00 2.000000E+00
-1.006057E+01 2.319476E+00 2.000000E+00
-1.034748E+01 1.886454E+00 2.000000E+00
0 1 4
0 4 3
3 4 6
4 7 6
1 2 4
2 5 4
4 5 8
4 8 7
1090 11 0 
1090 11 0 
1090 11 0 
1090 8 0 
1090 8 0 
1090 8 0 
1050 11 0 
1050 11 0 
1050 11 0 
1095 5 0 
1095 5 0 
1095 5 0 



1055 3 0 
1055 3 0 
1055 3 0 
1091 11 0 
1091 11 0 
1091 11 0 
1091 8 0 
1091 8 0 
1091 8 0 
1051 11 0 
1051 11 0 
1051 11 0 
0 0 0
0 0 0
0 0 0
0 0 0
0 0 0
0 0 0
0 0 0
0 0 0
0 0 0
