2
1650 1651 1652 1654 1655 1656 1657 
9
8
5.731974E+00 7.056268E+00 0.000000E+00
6.143315E+00 7.436535E+00 0.000000E+00
6.554655E+00 7.816802E+00 0.000000E+00
5.731974E+00 7.056268E+00 1.000000E+00
6.143315E+00 7.436535E+00 1.000000E+00
6.554655E+00 7.816802E+00 1.000000E+00
5.731974E+00 7.056268E+00 2.000000E+00
6.143315E+00 7.436535E+00 2.000000E+00
6.554655E+00 7.816802E+00 2.000000E+00
0 1 4
0 4 3
3 4 6
4 7 6
1 2 4
2 5 4
4 5 8
4 8 7
1588 12 0 
1588 12 0 
1588 12 0 
1596 9 0 
1596 9 0 
1596 9 0 
1596 8 0 
1596 8 0 
1596 8 0 
1593 5 0 
1593 5 0 
1593 5 0 
1601 4 0 
1601 4 0 
1601 4 0 
1600 5 0 
1600 5 0 
1600 5 0 
1589 12 0 
1589 12 0 
1589 12 0 
1597 9 0 
1597 9 0 
1597 9 0 
1597 8 0 
1597 8 0 
1597 8 0 
0 0 0
0 0 0
0 0 0
0 0 0
0 0 0
0 0 0
0 0 0
0 0 0
0 0 0
