6
1792 1793 1794 1795 1796 1798 1799 
9
8
-7.584109E+00 1.245555E+01 0.000000E+00
-8.143354E+00 1.242652E+01 0.000000E+00
-8.702599E+00 1.239750E+01 0.000000E+00
-7.584109E+00 1.245555E+01 1.000000E+00
-8.143354E+00 1.242652E+01 1.000000E+00
-8.702599E+00 1.239750E+01 1.000000E+00
-7.584109E+00 1.245555E+01 2.000000E+00
-8.143354E+00 1.242652E+01 2.000000E+00
-8.702599E+00 1.239750E+01 2.000000E+00
0 1 4
0 4 3
3 4 6
4 7 6
1 2 4
2 5 4
4 5 8
4 8 7
17 8 0 
17 8 2.422548e+01 
17 8 0 
17 7 0 
17 7 2.422548e+01 
17 7 0 
8 11 0 
8 11 2.422548e+01 
8 11 0 
19 5 0 
19 5 2.422548e+01 
19 5 0 
19 4 0 
19 4 2.422548e+01 
19 4 0 
12 3 0 
12 3 2.422548e+01 
12 3 0 
18 8 0 
18 8 2.422548e+01 
18 8 0 
18 7 0 
18 7 2.422548e+01 
18 7 0 
9 11 0 
9 11 2.422548e+01 
9 11 0 
0 0 0
0 0 0
0 0 0
0 0 0
0 0 0
0 0 0
0 0 0
0 0 0
0 0 0
