2
1411 1412 1413 1414 1416 1417 1418 
9
8
-4.539790E+00 8.154118E+00 0.000000E+00
-4.218665E+00 8.622679E+00 0.000000E+00
-3.897540E+00 9.091240E+00 0.000000E+00
-4.539790E+00 8.154118E+00 1.000000E+00
-4.218665E+00 8.622679E+00 1.000000E+00
-3.897540E+00 9.091240E+00 1.000000E+00
-4.539790E+00 8.154118E+00 2.000000E+00
-4.218665E+00 8.622679E+00 2.000000E+00
-3.897540E+00 9.091240E+00 2.000000E+00
0 1 4
0 4 3
3 4 6
4 7 6
1 2 4
2 5 4
4 5 8
4 8 7
1332 9 0 
1332 9 0 
1332 9 0 
1404 3 0 
1404 3 0 
1404 3 0 
1404 5 0 
1404 5 0 
1404 5 0 
1336 5 0 
1336 5 0 
1336 5 0 
1410 4 0 
1410 4 0 
1410 4 0 
1409 5 0 
1409 5 0 
1409 5 0 
1333 9 0 
1333 9 0 
1333 9 0 
1405 3 0 
1405 3 0 
1405 3 0 
1405 5 0 
1405 5 0 
1405 5 0 
0 0 0
0 0 0
0 0 0
0 0 0
0 0 0
0 0 0
0 0 0
0 0 0
0 0 0
