0
755 757 758 759 760 761 
11
11
-6.533023E+00 -2.068029E+00 2.000000E+00
-7.088326E+00 -2.253147E+00 2.000000E+00
-6.757955E+00 -2.669163E+00 2.000000E+00
-5.434840E+00 -2.800497E+00 2.000000E+00
-5.470775E+00 -2.267012E+00 2.000000E+00
-6.033592E+00 -2.382623E+00 2.000000E+00
-6.077332E+00 -1.607801E+00 2.000000E+00
-6.647955E+00 -1.482074E+00 2.000000E+00
-5.506709E+00 -1.733527E+00 2.000000E+00
-5.931212E+00 -2.942838E+00 2.000000E+00
-6.427584E+00 -3.085179E+00 2.000000E+00
0 1 2
3 4 5
0 6 7
5 8 6
5 4 8
5 9 3
2 5 0
9 5 10
10 5 2
6 0 5
7 1 0









458 9 0 
458 9 0 
458 9 0 
748 3 0 
748 3 0 
748 3 0 









748 10 0 
748 10 0 
748 10 0 
458 4 0 
458 4 0 
458 4 0 
458 5 0 
458 5 0 
458 5 0 
0 0 0
0 0 0
0 0 0
0 0 0
0 0 0
0 0 0
0 0 0
0 0 0
0 0 0
0 0 0
0 0 0
