2
280 281 282 284 285 286 287 
6
4
8.987991E+00 -1.083769E+01 0.000000E+00
9.609245E+00 -1.071386E+01 0.000000E+00
8.987991E+00 -1.083769E+01 1.000000E+00
9.609245E+00 -1.071386E+01 1.000000E+00
8.987991E+00 -1.083769E+01 2.000000E+00
9.609245E+00 -1.071386E+01 2.000000E+00
0 1 3
0 3 2
2 3 5
2 5 4
248 9 0 
248 9 0 
248 9 0 
257 12 0 
257 12 0 
257 12 0 
252 3 0 
252 3 0 
252 3 0 
262 5 0 
262 5 0 
262 5 0 
249 9 0 
249 9 0 
249 9 0 
258 12 0 
258 12 0 
258 12 0 
0 0 0
0 0 0
0 0 0
0 0 0
0 0 0
0 0 0
