2
1588 1589 1590 1591 1592 1594 1595 
9
8
6.151543E+00 6.030981E+00 0.000000E+00
5.941759E+00 6.543624E+00 0.000000E+00
5.731974E+00 7.056268E+00 0.000000E+00
6.151543E+00 6.030981E+00 1.000000E+00
5.941759E+00 6.543624E+00 1.000000E+00
5.731974E+00 7.056268E+00 1.000000E+00
6.151543E+00 6.030981E+00 2.000000E+00
5.941759E+00 6.543624E+00 2.000000E+00
5.731974E+00 7.056268E+00 2.000000E+00
0 1 4
0 4 3
3 4 6
4 7 6
1 2 4
2 5 4
4 5 8
4 8 7
1250 10 0 
1250 10 0 
1250 10 0 
1588 10 0 
1588 10 0 
1588 10 0 
1588 12 0 
1588 12 0 
1588 12 0 
1256 5 0 
1256 5 0 
1256 5 0 






1251 10 0 
1251 10 0 
1251 10 0 
1589 10 0 
1589 10 0 
1589 10 0 
1589 12 0 
1589 12 0 
1589 12 0 
0 0 0
0 0 0
0 0 0
0 0 0
0 0 0
0 0 0
0 0 0
0 0 0
0 0 0
