2
154 155 157 158 159 160 161 
9
8
-9.230198E+00 -8.581052E+00 0.000000E+00
-8.746504E+00 -8.787840E+00 0.000000E+00
-8.262810E+00 -8.994629E+00 0.000000E+00
-9.230198E+00 -8.581052E+00 1.000000E+00
-8.746504E+00 -8.787840E+00 1.000000E+00
-8.262810E+00 -8.994629E+00 1.000000E+00
-9.230198E+00 -8.581052E+00 2.000000E+00
-8.746504E+00 -8.787840E+00 2.000000E+00
-8.262810E+00 -8.994629E+00 2.000000E+00
0 1 4
0 4 3
3 4 6
4 7 6
1 2 4
2 5 4
4 5 8
4 8 7
114 10 0 
114 10 0 
114 10 0 
114 9 0 
114 9 0 
114 9 0 
105 8 0 
105 8 0 
105 8 0 
119 5 0 
119 5 0 
119 5 0 
119 4 0 
119 4 0 
119 4 0 
112 5 0 
112 5 0 
112 5 0 
115 10 0 
115 10 0 
115 10 0 
115 9 0 
115 9 0 
115 9 0 
106 8 0 
106 8 0 
106 8 0 
0 0 0
0 0 0
0 0 0
0 0 0
0 0 0
0 0 0
0 0 0
0 0 0
0 0 0
