2
1458 1459 1460 1461 1463 1464 1465 
9
8
-1.123369E+01 6.958639E+00 0.000000E+00
-1.146531E+01 7.506789E+00 0.000000E+00
-1.169693E+01 8.054939E+00 0.000000E+00
-1.123369E+01 6.958639E+00 1.000000E+00
-1.146531E+01 7.506789E+00 1.000000E+00
-1.169693E+01 8.054939E+00 1.000000E+00
-1.123369E+01 6.958639E+00 2.000000E+00
-1.146531E+01 7.506789E+00 2.000000E+00
-1.169693E+01 8.054939E+00 2.000000E+00
0 1 4
0 4 3
3 4 6
4 7 6
1 2 4
2 5 4
4 5 8
4 8 7
1443 4 0 
1443 4 0 
1443 4 0 
1458 10 0 
1458 10 0 
1458 10 0 
1458 9 0 
1458 9 0 
1458 9 0 
1447 5 0 
1447 5 0 
1447 5 0 






1444 4 0 
1444 4 0 
1444 4 0 
1459 10 0 
1459 10 0 
1459 10 0 
1459 9 0 
1459 9 0 
1459 9 0 
0 0 0
0 0 0
0 0 0
0 0 0
0 0 0
0 0 0
0 0 0
0 0 0
0 0 0
