2
384 385 386 388 389 390 391 392 
6
4
-1.110131E+01 -7.584625E+00 0.000000E+00
-1.038018E+01 -7.077166E+00 0.000000E+00
-1.110131E+01 -7.584625E+00 1.000000E+00
-1.038018E+01 -7.077166E+00 1.000000E+00
-1.110131E+01 -7.584625E+00 2.000000E+00
-1.038018E+01 -7.077166E+00 2.000000E+00
0 1 3
0 3 2
2 3 5
2 5 4
138 5 0 
138 5 0 
138 5 0 
146 9 0 
146 9 0 
146 9 0 
142 5 0 
142 5 0 
142 5 0 
151 5 0 
151 5 0 
151 5 0 
139 5 0 
139 5 0 
139 5 0 
147 9 0 
147 9 0 
147 9 0 
0 0 0
0 0 0
0 0 0
0 0 0
0 0 0
0 0 0
