0
515 517 518 519 520 521 522 
14
15
5.055030E+00 -8.395285E+00 2.000000E+00
5.433484E+00 -7.879651E+00 2.000000E+00
4.513768E+00 -7.863700E+00 2.000000E+00
5.196962E+00 -7.327028E+00 2.000000E+00
4.702965E+00 -7.230748E+00 2.000000E+00
5.307883E+00 -9.011022E+00 2.000000E+00
5.670005E+00 -8.432275E+00 2.000000E+00
3.918035E+00 -7.562685E+00 2.000000E+00
3.627103E+00 -7.990903E+00 2.000000E+00
3.919101E+00 -8.486265E+00 2.000000E+00
4.208967E+00 -7.134468E+00 2.000000E+00
4.499247E+00 -8.489594E+00 2.000000E+00
4.211099E+00 -8.981628E+00 2.000000E+00
4.759491E+00 -8.996325E+00 2.000000E+00
0 1 2
3 4 2
5 6 0
2 7 8
9 2 8
2 10 7
0 2 11
4 10 2
11 9 12
11 12 13
5 0 13
2 9 11
13 0 11
1 3 2
6 1 0















296 5 0 
296 5 0 
296 5 0 
296 2 0 
296 2 0 
296 2 0 
507 3 0 
507 3 0 
507 3 0 
313 10 0 
313 10 0 
313 10 0 
313 12 0 
313 12 0 
313 12 0 
507 4 0 
507 4 0 
507 4 0 



305 9 0 
305 9 0 
305 9 0 
305 11 0 
305 11 0 
305 11 0 
0 0 0
0 0 0
0 0 0
0 0 0
0 0 0
0 0 0
0 0 0
0 0 0
0 0 0
0 0 0
0 0 0
0 0 0
0 0 0
0 0 0
