2
1563 1564 1566 1567 1568 1569 1570 1571 
6
4
5.025608E-02 8.074077E+00 0.000000E+00
2.632211E-01 7.804205E+00 0.000000E+00
5.025608E-02 8.074077E+00 1.000000E+00
2.632211E-01 7.804205E+00 1.000000E+00
5.025608E-02 8.074077E+00 2.000000E+00
2.632211E-01 7.804205E+00 2.000000E+00
0 1 3
0 3 2
2 3 5
2 5 4
1387 0 0 
1387 0 0 
1387 0 0 
1379 4 0 
1379 4 0 
1379 4 0 
1392 3 0 
1392 3 0 
1392 3 0 
1385 5 0 
1385 5 0 
1385 5 0 
1388 0 0 
1388 0 0 
1388 0 0 
1380 4 0 
1380 4 0 
1380 4 0 
0 0 0
0 0 0
0 0 0
0 0 0
0 0 0
0 0 0
