6
1792 1793 1794 1795 1796 1797 1799 
6
4
-8.702599E+00 1.239750E+01 0.000000E+00
-9.100268E+00 1.167219E+01 0.000000E+00
-8.702599E+00 1.239750E+01 1.000000E+00
-9.100268E+00 1.167219E+01 1.000000E+00
-8.702599E+00 1.239750E+01 2.000000E+00
-9.100268E+00 1.167219E+01 2.000000E+00
0 1 3
0 3 2
2 3 5
2 5 4
8 11 0 
8 11 2.422548e+01 
8 11 0 
8 10 0 
8 10 2.422548e+01 
8 10 0 
12 3 0 
12 3 2.422548e+01 
12 3 0 
11 5 0 
11 5 2.422548e+01 
11 5 0 
9 11 0 
9 11 2.422548e+01 
9 11 0 
9 10 0 
9 10 2.422548e+01 
9 10 0 
0 0 0
0 0 0
0 0 0
0 0 0
0 0 0
0 0 0
