0
707 709 710 711 712 713 714 
14
16
7.072951E-01 -4.153951E+00 2.000000E+00
9.728128E-01 -3.689944E+00 2.000000E+00
3.714067E-01 -3.598461E+00 2.000000E+00
-2.732234E-01 -3.497881E+00 2.000000E+00
1.915721E-02 -3.037764E+00 2.000000E+00
-6.421294E-01 -2.958690E+00 2.000000E+00
-5.872288E-01 -3.977484E+00 2.000000E+00
-2.905523E-01 -4.570395E+00 2.000000E+00
5.447711E-02 -4.070555E+00 2.000000E+00
4.417774E-01 -4.617957E+00 2.000000E+00
-4.003535E-01 -2.532806E+00 2.000000E+00
4.197904E-01 -2.578673E+00 2.000000E+00
-8.839053E-01 -3.384574E+00 2.000000E+00
6.963016E-01 -3.134308E+00 2.000000E+00
0 1 2
3 4 5
6 7 8
0 8 9
3 6 8
10 4 11
12 6 3
10 5 4
3 8 2
12 3 5
4 2 13
13 2 1
4 3 2
11 4 13
8 7 9
8 0 2
611 11 0 
611 11 0 
611 11 0 
611 13 0 
611 13 0 
611 13 0 















490 14 0 
490 14 0 
490 14 0 



490 13 0 
490 13 0 
490 13 0 



700 0 0 
700 0 0 
700 0 0 



700 3 0 
700 3 0 
700 3 0 
0 0 0
0 0 0
0 0 0
0 0 0
0 0 0
0 0 0
0 0 0
0 0 0
0 0 0
0 0 0
0 0 0
0 0 0
0 0 0
0 0 0
