1
1549 1550 1551 1552 1553 1554 1555 
10
10
-2.273190E+00 1.014274E+01 0.000000E+00
-1.634329E+00 9.718754E+00 0.000000E+00
-1.747090E+00 1.047363E+01 0.000000E+00
-9.459847E-01 9.326583E+00 0.000000E+00
-4.807013E-01 9.660684E+00 0.000000E+00
-1.086814E+00 1.008857E+01 0.000000E+00
-1.411268E+00 8.992481E+00 0.000000E+00
-4.957001E-01 1.040817E+01 0.000000E+00
-1.220990E+00 1.080453E+01 0.000000E+00
-2.204389E+00 9.308236E+00 0.000000E+00
2 1 0
5 4 3
6 1 3
5 7 4
8 7 5
5 1 2
8 5 2
5 3 1
6 9 1
9 0 1
1540 11 0 
1540 11 0 
1540 11 0 















1396 8 0 
1396 8 0 
1396 8 0 
57 2 0 
57 2 2.422548e+01 
57 2 0 
57 1 0 
57 1 2.422548e+01 
57 1 0 
1396 1 0 
1396 1 0 
1396 1 0 
1 1 1
1 1 1
1 1 1
1 1 1
1 1 1
1 1 1
1 1 1
1 1 1
1 1 1
1 1 1
