2
481 482 483 484 485 486 488 
6
4
-2.114238E+00 -4.533685E+00 0.000000E+00
-2.985596E+00 -4.821145E+00 0.000000E+00
-2.114238E+00 -4.533685E+00 1.000000E+00
-2.985596E+00 -4.821145E+00 1.000000E+00
-2.114238E+00 -4.533685E+00 2.000000E+00
-2.985596E+00 -4.821145E+00 2.000000E+00
0 1 3
0 3 2
2 3 5
2 5 4
481 13 0 
481 13 0 
481 13 0 
473 7 0 
473 7 0 
473 7 0 
486 5 0 
486 5 0 
486 5 0 
477 5 0 
477 5 0 
477 5 0 
482 13 0 
482 13 0 
482 13 0 
474 7 0 
474 7 0 
474 7 0 
0 0 0
0 0 0
0 0 0
0 0 0
0 0 0
0 0 0
