2
1000 1001 1002 1003 1004 1005 1006 
6
4
-4.169382E+00 1.784933E+00 0.000000E+00
-4.448847E+00 9.087622E-01 0.000000E+00
-4.169382E+00 1.784933E+00 1.000000E+00
-4.448847E+00 9.087622E-01 1.000000E+00
-4.169382E+00 1.784933E+00 2.000000E+00
-4.448847E+00 9.087622E-01 2.000000E+00
0 1 3
0 3 2
2 3 5
2 5 4
1000 6 0 
1000 6 0 
1000 6 0 
785 13 0 
785 13 0 
785 13 0 
1006 5 0 
1006 5 0 
1006 5 0 
790 5 0 
790 5 0 
790 5 0 
1001 6 0 
1001 6 0 
1001 6 0 
786 13 0 
786 13 0 
786 13 0 
0 0 0
0 0 0
0 0 0
0 0 0
0 0 0
0 0 0
