2
1146 1147 1148 1149 1150 1152 1153 
6
4
-3.737184E+00 4.439012E+00 0.000000E+00
-4.550320E+00 4.746401E+00 0.000000E+00
-3.737184E+00 4.439012E+00 1.000000E+00
-4.550320E+00 4.746401E+00 1.000000E+00
-3.737184E+00 4.439012E+00 2.000000E+00
-4.550320E+00 4.746401E+00 2.000000E+00
0 1 3
0 3 2
2 3 5
2 5 4
1146 10 0 
1146 10 0 
1146 10 0 
1146 11 0 
1146 11 0 
1146 11 0 
1150 3 0 
1150 3 0 
1150 3 0 



1147 10 0 
1147 10 0 
1147 10 0 
1147 11 0 
1147 11 0 
1147 11 0 
0 0 0
0 0 0
0 0 0
0 0 0
0 0 0
0 0 0
