2
586 587 588 589 590 591 592 
9
8
3.914498E+00 -6.239805E+00 0.000000E+00
4.061732E+00 -6.687136E+00 0.000000E+00
4.208967E+00 -7.134468E+00 0.000000E+00
3.914498E+00 -6.239805E+00 1.000000E+00
4.061732E+00 -6.687136E+00 1.000000E+00
4.208967E+00 -7.134468E+00 1.000000E+00
3.914498E+00 -6.239805E+00 2.000000E+00
4.061732E+00 -6.687136E+00 2.000000E+00
4.208967E+00 -7.134468E+00 2.000000E+00
0 1 4
0 4 3
3 4 6
4 7 6
1 2 4
2 5 4
4 5 8
4 8 7
506 10 0 
506 10 0 
506 10 0 
506 13 0 
506 13 0 
506 13 0 
506 4 0 
506 4 0 
506 4 0 
511 5 0 
511 5 0 
511 5 0 
511 4 0 
511 4 0 
511 4 0 
510 5 0 
510 5 0 
510 5 0 
507 10 0 
507 10 0 
507 10 0 
507 13 0 
507 13 0 
507 13 0 
507 4 0 
507 4 0 
507 4 0 
0 0 0
0 0 0
0 0 0
0 0 0
0 0 0
0 0 0
0 0 0
0 0 0
0 0 0
