1
482 483 484 485 486 487 488 
14
16
-2.352800E+00 -5.187224E+00 0.000000E+00
-2.985596E+00 -4.821145E+00 0.000000E+00
-3.075279E+00 -5.288632E+00 0.000000E+00
-2.697754E+00 -5.624438E+00 0.000000E+00
-2.256577E+00 -5.862262E+00 0.000000E+00
-1.622912E+00 -4.905481E+00 0.000000E+00
-1.730228E+00 -5.574262E+00 0.000000E+00
-1.223193E+00 -6.056434E+00 0.000000E+00
-1.131585E+00 -5.277278E+00 0.000000E+00
-1.808319E+00 -6.243818E+00 0.000000E+00
-2.779203E+00 -6.093660E+00 0.000000E+00
-2.393445E+00 -6.431202E+00 0.000000E+00
-3.164962E+00 -5.756119E+00 0.000000E+00
-2.114238E+00 -4.533685E+00 0.000000E+00
2 1 0
4 3 0
6 0 5
0 3 2
8 7 6
9 4 6
4 10 3
7 9 6
9 11 4
4 0 6
3 12 2
11 10 4
10 12 3
6 5 8
0 1 13
0 13 5



473 7 0 
473 7 0 
473 7 0 
473 13 0 
473 13 0 
473 13 0 












336 6 0 
336 6 0 
336 6 0 



336 5 0 
336 5 0 
336 5 0 
344 0 0 
344 0 0 
344 0 0 
336 3 0 
336 3 0 
336 3 0 
344 9 0 
344 9 0 
344 9 0 



0 0 0
0 0 0
0 0 0
0 0 0
0 0 0
0 0 0
0 0 0
0 0 0
0 0 0
0 0 0
0 0 0
0 0 0
0 0 0
0 0 0
