2
577 578 579 580 581 582 583 585 
6
4
6.127156E+00 -5.929961E+00 0.000000E+00
6.162428E+00 -6.536421E+00 0.000000E+00
6.127156E+00 -5.929961E+00 1.000000E+00
6.162428E+00 -6.536421E+00 1.000000E+00
6.127156E+00 -5.929961E+00 2.000000E+00
6.162428E+00 -6.536421E+00 2.000000E+00
0 1 3
0 3 2
2 3 5
2 5 4
577 12 0 
577 12 0 
577 12 0 
523 6 0 
523 6 0 
523 6 0 
583 5 0 
583 5 0 
583 5 0 
527 5 0 
527 5 0 
527 5 0 
578 12 0 
578 12 0 
578 12 0 
524 6 0 
524 6 0 
524 6 0 
0 0 0
0 0 0
0 0 0
0 0 0
0 0 0
0 0 0
