1
115 116 117 118 119 120 121 
14
15
-9.535945E+00 -9.439785E+00 0.000000E+00
-9.624273E+00 -8.874592E+00 0.000000E+00
-1.001835E+01 -9.168132E+00 0.000000E+00
-9.931759E+00 -9.819401E+00 0.000000E+00
-9.845169E+00 -1.047067E+01 0.000000E+00
-9.291051E+00 -1.003423E+01 0.000000E+00
-9.115837E+00 -1.072664E+01 0.000000E+00
-8.641187E+00 -1.035078E+01 0.000000E+00
-8.926072E+00 -9.446702E+00 0.000000E+00
-8.746504E+00 -8.787840E+00 0.000000E+00
-9.230198E+00 -8.581052E+00 0.000000E+00
-8.262810E+00 -8.994629E+00 0.000000E+00
-8.166538E+00 -9.974921E+00 0.000000E+00
-8.214674E+00 -9.484775E+00 0.000000E+00
2 1 0
5 4 3
5 7 6
10 9 8
8 9 11
8 1 10
8 12 7
5 6 4
8 13 12
5 8 7
8 11 13
0 8 5
3 0 5
0 1 8
3 2 0












8 7 0 
8 7 0 
8 7 0 



8 6 0 
8 6 0 
8 6 0 
17 0 0 
17 0 0 
17 0 0 









105 8 0 
105 8 0 
105 8 0 
17 10 0 
17 10 0 
17 10 0 
105 6 0 
105 6 0 
105 6 0 
1 1 1
1 1 1
1 1 1
1 1 1
1 1 1
1 1 1
1 1 1
1 1 1
1 1 1
1 1 1
1 1 1
1 1 1
1 1 1
1 1 1
