2
1309 1310 1311 1312 1314 1315 1316 
6
4
-4.550320E+00 4.746401E+00 0.000000E+00
-4.740700E+00 5.359015E+00 0.000000E+00
-4.550320E+00 4.746401E+00 1.000000E+00
-4.740700E+00 5.359015E+00 1.000000E+00
-4.550320E+00 4.746401E+00 2.000000E+00
-4.740700E+00 5.359015E+00 2.000000E+00
0 1 3
0 3 2
2 3 5
2 5 4
1146 11 0 
1146 11 0 
1146 11 0 
1300 4 0 
1300 4 0 
1300 4 0 
1151 3 0 
1151 3 0 
1151 3 0 
1302 2 0 
1302 2 0 
1302 2 0 
1147 11 0 
1147 11 0 
1147 11 0 
1301 4 0 
1301 4 0 
1301 4 0 
0 0 0
0 0 0
0 0 0
0 0 0
0 0 0
0 0 0
