1
1793 1794 1795 1796 1797 1798 1799 
12
13
-7.451886E+00 1.121986E+01 0.000000E+00
-8.095496E+00 1.114273E+01 0.000000E+00
-7.719577E+00 1.054020E+01 0.000000E+00
-8.448514E+00 1.176950E+01 0.000000E+00
-8.745551E+00 1.107756E+01 0.000000E+00
-7.823494E+00 1.180742E+01 0.000000E+00
-7.584109E+00 1.245555E+01 0.000000E+00
-8.143354E+00 1.242652E+01 0.000000E+00
-8.390833E+00 1.048293E+01 0.000000E+00
-9.100268E+00 1.167219E+01 0.000000E+00
-7.184194E+00 1.189952E+01 0.000000E+00
-8.702599E+00 1.239750E+01 0.000000E+00
2 1 0
4 3 1
7 6 5
1 2 8
3 4 9
0 5 10
4 1 8
10 5 6
5 1 3
0 1 5
3 11 7
5 3 7
3 9 11
1785 1 0 
1785 1 0 
1785 1 0 



1513 13 0 
1513 13 0 
1513 13 0 



1506 6 0 
1506 6 0 
1506 6 0 



17 8 0 
17 8 2.422548e+01 
17 8 0 
17 7 0 
17 7 2.422548e+01 
17 7 0 
1506 5 0 
1506 5 0 
1506 5 0 
8 10 0 
8 10 2.422548e+01 
8 10 0 
24 11 0 
24 11 2.422548e+01 
24 11 0 
8 11 0 
8 11 2.422548e+01 
8 11 0 
1 1 1
1 1 1
1 1 1
1 1 1
1 1 1
1 1 1
1 1 1
1 1 1
1 1 1
1 1 1
1 1 1
1 1 1
