2
1309 1310 1311 1312 1313 1314 1315 
9
8
-6.468509E+00 5.434437E+00 0.000000E+00
-6.380377E+00 4.881514E+00 0.000000E+00
-6.292245E+00 4.328592E+00 0.000000E+00
-6.468509E+00 5.434437E+00 1.000000E+00
-6.380377E+00 4.881514E+00 1.000000E+00
-6.292245E+00 4.328592E+00 1.000000E+00
-6.468509E+00 5.434437E+00 2.000000E+00
-6.380377E+00 4.881514E+00 2.000000E+00
-6.292245E+00 4.328592E+00 2.000000E+00
0 1 4
0 4 3
3 4 6
4 7 6
1 2 4
2 5 4
4 5 8
4 8 7
1131 5 0 
1131 5 0 
1131 5 0 
1131 9 0 
1131 9 0 
1131 9 0 
1131 0 0 
1131 0 0 
1131 0 0 
1135 5 0 
1135 5 0 
1135 5 0 
1135 4 0 
1135 4 0 
1135 4 0 
1134 5 0 
1134 5 0 
1134 5 0 
1132 5 0 
1132 5 0 
1132 5 0 
1132 9 0 
1132 9 0 
1132 9 0 
1132 0 0 
1132 0 0 
1132 0 0 
0 0 0
0 0 0
0 0 0
0 0 0
0 0 0
0 0 0
0 0 0
0 0 0
0 0 0
