2
489 490 491 493 494 495 496 497 498 
9
8
-1.223193E+00 -6.056434E+00 0.000000E+00
-9.327261E-01 -6.377316E+00 0.000000E+00
-6.422594E-01 -6.698199E+00 0.000000E+00
-1.223193E+00 -6.056434E+00 1.000000E+00
-9.327261E-01 -6.377316E+00 1.000000E+00
-6.422594E-01 -6.698199E+00 1.000000E+00
-1.223193E+00 -6.056434E+00 2.000000E+00
-9.327261E-01 -6.377316E+00 2.000000E+00
-6.422594E-01 -6.698199E+00 2.000000E+00
0 1 4
0 4 3
3 4 6
4 7 6
1 2 4
2 5 4
4 5 8
4 8 7
336 6 0 
336 6 0 
336 6 0 
336 13 0 
336 13 0 
336 13 0 
328 4 0 
328 4 0 
328 4 0 
341 5 0 
341 5 0 
341 5 0 
341 4 0 
341 4 0 
341 4 0 
334 3 0 
334 3 0 
334 3 0 
337 6 0 
337 6 0 
337 6 0 
337 13 0 
337 13 0 
337 13 0 
329 4 0 
329 4 0 
329 4 0 
0 0 0
0 0 0
0 0 0
0 0 0
0 0 0
0 0 0
0 0 0
0 0 0
0 0 0
