1
802 803 804 805 806 807 808 
12
13
-1.528263E+00 -1.732420E+00 0.000000E+00
-1.264332E+00 -1.043546E+00 0.000000E+00
-1.905864E+00 -1.107545E+00 0.000000E+00
-9.856095E-01 -4.144785E-01 0.000000E+00
-1.321736E+00 1.062983E-01 0.000000E+00
-1.588500E+00 -4.881607E-01 0.000000E+00
-2.114707E+00 -1.786403E+00 0.000000E+00
-1.889878E+00 1.277947E-01 0.000000E+00
-2.222227E+00 -4.679447E-01 0.000000E+00
-9.418203E-01 -1.678438E+00 0.000000E+00
-2.554577E+00 -1.063684E+00 0.000000E+00
-6.494834E-01 -9.352552E-01 0.000000E+00
2 1 0
5 4 3
6 2 0
8 7 5
0 1 9
10 2 6
5 1 2
5 7 4
8 2 10
8 5 2
5 3 1
3 11 1
11 9 1
730 13 0 
730 13 0 
730 13 0 















730 7 0 
730 7 0 
730 7 0 
794 5 0 
794 5 0 
794 5 0 
794 7 0 
794 7 0 
794 7 0 
730 12 0 
730 12 0 
730 12 0 
738 12 0 
738 12 0 
738 12 0 



0 0 0
0 0 0
0 0 0
0 0 0
0 0 0
0 0 0
0 0 0
0 0 0
0 0 0
0 0 0
0 0 0
0 0 0
