2
42 43 44 45 46 47 
9
8
-3.337334E+00 -1.114958E+01 0.000000E+00
-3.612148E+00 -1.170681E+01 0.000000E+00
-3.886962E+00 -1.226403E+01 0.000000E+00
-3.337334E+00 -1.114958E+01 1.000000E+00
-3.612148E+00 -1.170681E+01 1.000000E+00
-3.886962E+00 -1.226403E+01 1.000000E+00
-3.337334E+00 -1.114958E+01 2.000000E+00
-3.612148E+00 -1.170681E+01 2.000000E+00
-3.886962E+00 -1.226403E+01 2.000000E+00
0 1 4
0 4 3
3 4 6
4 7 6
1 2 4
2 5 4
4 5 8
4 8 7
33 13 0 
33 13 0 
33 13 0 
33 10 0 
33 10 0 
33 10 0 
33 9 0 
33 9 0 
33 9 0 
37 5 0 
37 5 0 
37 5 0 
37 4 0 
37 4 0 
37 4 0 
36 3 0 
36 3 0 
36 3 0 
34 13 0 
34 13 0 
34 13 0 
34 10 0 
34 10 0 
34 10 0 
34 9 0 
34 9 0 
34 9 0 
0 0 0
0 0 0
0 0 0
0 0 0
0 0 0
0 0 0
0 0 0
0 0 0
0 0 0
