2
1387 1388 1389 1390 1391 1392 1394 1395 
9
8
5.025608E-02 8.074077E+00 0.000000E+00
-5.568115E-01 8.071913E+00 0.000000E+00
-1.163879E+00 8.069749E+00 0.000000E+00
5.025608E-02 8.074077E+00 1.000000E+00
-5.568115E-01 8.071913E+00 1.000000E+00
-1.163879E+00 8.069749E+00 1.000000E+00
5.025608E-02 8.074077E+00 2.000000E+00
-5.568115E-01 8.071913E+00 2.000000E+00
-1.163879E+00 8.069749E+00 2.000000E+00
0 1 4
0 4 3
3 4 6
4 7 6
1 2 4
2 5 4
4 5 8
4 8 7
1387 0 0 
1387 0 0 
1387 0 0 
1387 11 0 
1387 11 0 
1387 11 0 
1387 10 0 
1387 10 0 
1387 10 0 
1392 3 0 
1392 3 0 
1392 3 0 






1388 0 0 
1388 0 0 
1388 0 0 
1388 11 0 
1388 11 0 
1388 11 0 
1388 10 0 
1388 10 0 
1388 10 0 
0 0 0
0 0 0
0 0 0
0 0 0
0 0 0
0 0 0
0 0 0
0 0 0
0 0 0
