2
312 313 314 315 316 318 319 
9
8
4.211099E+00 -8.981628E+00 0.000000E+00
3.919101E+00 -8.486265E+00 0.000000E+00
3.627103E+00 -7.990903E+00 0.000000E+00
4.211099E+00 -8.981628E+00 1.000000E+00
3.919101E+00 -8.486265E+00 1.000000E+00
3.627103E+00 -7.990903E+00 1.000000E+00
4.211099E+00 -8.981628E+00 2.000000E+00
3.919101E+00 -8.486265E+00 2.000000E+00
3.627103E+00 -7.990903E+00 2.000000E+00
0 1 4
0 4 3
3 4 6
4 7 6
1 2 4
2 5 4
4 5 8
4 8 7
304 9 0 
304 9 0 
304 9 0 
312 12 0 
312 12 0 
312 12 0 
312 10 0 
312 10 0 
312 10 0 
309 5 0 
309 5 0 
309 5 0 






305 9 0 
305 9 0 
305 9 0 
313 12 0 
313 12 0 
313 12 0 
313 10 0 
313 10 0 
313 10 0 
0 0 0
0 0 0
0 0 0
0 0 0
0 0 0
0 0 0
0 0 0
0 0 0
0 0 0
