2
785 786 788 789 790 791 792 793 
6
4
-4.912184E+00 -1.085904E+00 0.000000E+00
-4.065423E+00 -1.283731E+00 0.000000E+00
-4.912184E+00 -1.085904E+00 1.000000E+00
-4.065423E+00 -1.283731E+00 1.000000E+00
-4.912184E+00 -1.085904E+00 2.000000E+00
-4.065423E+00 -1.283731E+00 2.000000E+00
0 1 3
0 3 2
2 3 5
2 5 4
747 9 0 
747 9 0 
747 9 0 
738 14 0 
738 14 0 
738 14 0 
752 3 0 
752 3 0 
752 3 0 
745 3 0 
745 3 0 
745 3 0 
748 9 0 
748 9 0 
748 9 0 
739 14 0 
739 14 0 
739 14 0 
0 0 0
0 0 0
0 0 0
0 0 0
0 0 0
0 0 0
