0
1042 1044 1045 1046 1047 1048 1049 
14
16
-1.221923E+01 -6.718617E-01 2.000000E+00
-1.221875E+01 -1.090227E-01 2.000000E+00
-1.279406E+01 -4.428240E-01 2.000000E+00
-1.166488E+01 -3.668738E-01 2.000000E+00
-1.280295E+01 -8.955214E-01 2.000000E+00
-1.220132E+01 -1.218387E+00 2.000000E+00
-1.204801E+01 -1.752455E+00 2.000000E+00
-1.157459E+01 -1.471645E+00 2.000000E+00
-1.108421E+01 -6.430332E-01 2.000000E+00
-1.106725E+01 -9.523067E-02 2.000000E+00
-1.110116E+01 -1.190836E+00 2.000000E+00
-1.166100E+01 -9.256073E-01 2.000000E+00
-1.281185E+01 -1.348219E+00 2.000000E+00
-1.164344E+01 2.247785E-01 2.000000E+00
0 1 2
0 3 1
4 5 0
5 6 7
8 9 3
10 8 11
4 12 5
4 0 2
5 7 11
1 3 13
11 7 10
0 11 3
0 5 11
3 11 8
3 9 13
12 6 5



908 0 -2.422548e+01 
908 0 0 
908 0 0 
882 1 -2.422548e+01 
882 1 0 
882 1 0 



882 0 -2.422548e+01 
882 0 0 
882 0 0 



426 9 0 
426 9 0 
426 9 0 
426 5 0 
426 5 0 
426 5 0 
1035 0 0 
1035 0 0 
1035 0 0 
1035 11 0 
1035 11 0 
1035 11 0 
426 4 0 
426 4 0 
426 4 0 



874 8 -2.422548e+01 
874 8 0 
874 8 0 
908 3 -2.422548e+01 
908 3 0 
908 3 0 
0 0 0
0 0 0
0 0 0
0 0 0
0 0 0
0 0 0
0 0 0
0 0 0
0 0 0
0 0 0
0 0 0
0 0 0
0 0 0
0 0 0
