2
1792 1793 1795 1796 1797 1798 1799 
6
4
-8.390833E+00 1.048293E+01 0.000000E+00
-7.719577E+00 1.054020E+01 0.000000E+00
-8.390833E+00 1.048293E+01 1.000000E+00
-7.719577E+00 1.054020E+01 1.000000E+00
-8.390833E+00 1.048293E+01 2.000000E+00
-7.719577E+00 1.054020E+01 2.000000E+00
0 1 3
0 3 2
2 3 5
2 5 4
1506 5 0 
1506 5 0 
1506 5 0 
1513 13 0 
1513 13 0 
1513 13 0 
1509 5 0 
1509 5 0 
1509 5 0 
1519 5 0 
1519 5 0 
1519 5 0 
1507 5 0 
1507 5 0 
1507 5 0 
1514 13 0 
1514 13 0 
1514 13 0 
0 0 0
0 0 0
0 0 0
0 0 0
0 0 0
0 0 0
