2
449 450 452 453 454 455 456 
9
8
-8.439591E+00 -5.177404E+00 0.000000E+00
-7.752605E+00 -5.299307E+00 0.000000E+00
-7.065619E+00 -5.421210E+00 0.000000E+00
-8.439591E+00 -5.177404E+00 1.000000E+00
-7.752605E+00 -5.299307E+00 1.000000E+00
-7.065619E+00 -5.421210E+00 1.000000E+00
-8.439591E+00 -5.177404E+00 2.000000E+00
-7.752605E+00 -5.299307E+00 2.000000E+00
-7.065619E+00 -5.421210E+00 2.000000E+00
0 1 4
0 4 3
3 4 6
4 7 6
1 2 4
2 5 4
4 5 8
4 8 7
369 7 0 
369 7 0 
369 7 0 
369 6 0 
369 6 0 
369 6 0 
360 12 0 
360 12 0 
360 12 0 
374 5 0 
374 5 0 
374 5 0 
374 4 0 
374 4 0 
374 4 0 
362 2 0 
362 2 0 
362 2 0 
370 7 0 
370 7 0 
370 7 0 
370 6 0 
370 6 0 
370 6 0 
361 12 0 
361 12 0 
361 12 0 
0 0 0
0 0 0
0 0 0
0 0 0
0 0 0
0 0 0
0 0 0
0 0 0
0 0 0
