2
1185 1186 1187 1188 1189 1191 
9
8
2.839323E+00 3.154609E+00 0.000000E+00
2.493754E+00 2.710726E+00 0.000000E+00
2.148186E+00 2.266842E+00 0.000000E+00
2.839323E+00 3.154609E+00 1.000000E+00
2.493754E+00 2.710726E+00 1.000000E+00
2.148186E+00 2.266842E+00 1.000000E+00
2.839323E+00 3.154609E+00 2.000000E+00
2.493754E+00 2.710726E+00 2.000000E+00
2.148186E+00 2.266842E+00 2.000000E+00
0 1 4
0 4 3
3 4 6
4 7 6
1 2 4
2 5 4
4 5 8
4 8 7
1178 7 0 
1178 7 0 
1178 7 0 
1178 2 0 
1178 2 0 
1178 2 0 
968 0 0 
968 0 0 
968 0 0 
1181 5 0 
1181 5 0 
1181 5 0 
1181 4 0 
1181 4 0 
1181 4 0 
973 3 0 
973 3 0 
973 3 0 
1179 7 0 
1179 7 0 
1179 7 0 
1179 2 0 
1179 2 0 
1179 2 0 
969 0 0 
969 0 0 
969 0 0 
0 0 0
0 0 0
0 0 0
0 0 0
0 0 0
0 0 0
0 0 0
0 0 0
0 0 0
