2
1169 1170 1172 1173 1174 1175 1176 1177 
9
8
-9.926938E-01 2.113350E+00 0.000000E+00
-5.783986E-01 1.751008E+00 0.000000E+00
-1.641034E-01 1.388666E+00 0.000000E+00
-9.926938E-01 2.113350E+00 1.000000E+00
-5.783986E-01 1.751008E+00 1.000000E+00
-1.641034E-01 1.388666E+00 1.000000E+00
-9.926938E-01 2.113350E+00 2.000000E+00
-5.783986E-01 1.751008E+00 2.000000E+00
-1.641034E-01 1.388666E+00 2.000000E+00
0 1 4
0 4 3
3 4 6
4 7 6
1 2 4
2 5 4
4 5 8
4 8 7
991 4 0 
991 4 0 
991 4 0 
991 6 0 
991 6 0 
991 6 0 
976 7 0 
976 7 0 
976 7 0 
997 5 0 
997 5 0 
997 5 0 
997 4 0 
997 4 0 
997 4 0 
982 3 0 
982 3 0 
982 3 0 
992 4 0 
992 4 0 
992 4 0 
992 6 0 
992 6 0 
992 6 0 
977 7 0 
977 7 0 
977 7 0 
0 0 0
0 0 0
0 0 0
0 0 0
0 0 0
0 0 0
0 0 0
0 0 0
0 0 0
