1
1604 1605 1606 1607 1608 1609 1610 
14
16
7.820547E+00 6.294088E+00 0.000000E+00
7.215962E+00 6.121972E+00 0.000000E+00
7.784356E+00 5.604677E+00 0.000000E+00
8.263165E+00 5.782985E+00 0.000000E+00
8.014385E+00 7.002574E+00 0.000000E+00
8.216071E+00 7.689812E+00 0.000000E+00
7.447606E+00 7.325106E+00 0.000000E+00
8.511612E+00 6.898818E+00 0.000000E+00
8.346589E+00 6.408237E+00 0.000000E+00
8.845497E+00 6.553202E+00 0.000000E+00
8.582546E+00 7.417462E+00 0.000000E+00
8.741973E+00 5.961292E+00 0.000000E+00
7.331784E+00 6.723539E+00 0.000000E+00
8.949020E+00 7.145111E+00 0.000000E+00
2 1 0
2 0 3
6 5 4
8 4 7
8 7 9
4 5 10
8 11 3
0 1 12
8 0 4
12 6 4
12 4 0
4 10 7
3 0 8
11 8 9
7 13 9
10 13 7



1250 13 0 
1250 13 0 
1250 13 0 
1243 6 0 
1243 6 0 
1243 6 0 
1243 4 0 
1243 4 0 
1243 4 0 






1596 10 0 
1596 10 0 
1596 10 0 












1243 1 0 
1243 1 0 
1243 1 0 
1596 4 0 
1596 4 0 
1596 4 0 



1 1 1
1 1 1
1 1 1
1 1 1
1 1 1
1 1 1
1 1 1
1 1 1
1 1 1
1 1 1
1 1 1
1 1 1
1 1 1
1 1 1
