0
1208 1210 1211 1212 1213 1214 1215 
19
22
6.018824E+00 4.080394E+00 2.000000E+00
5.963989E+00 4.692265E+00 2.000000E+00
5.418690E+00 4.315276E+00 2.000000E+00
5.552153E+00 3.827921E+00 2.000000E+00
5.192627E+00 3.823296E+00 2.000000E+00
5.200802E+00 3.521706E+00 2.000000E+00
6.567923E+00 3.117213E+00 2.000000E+00
6.591130E+00 3.752172E+00 2.000000E+00
6.055213E+00 3.509496E+00 2.000000E+00
5.499369E+00 3.342551E+00 2.000000E+00
5.146040E+00 4.126782E+00 2.000000E+00
4.873391E+00 3.938287E+00 2.000000E+00
6.562787E+00 4.389648E+00 2.000000E+00
7.100463E+00 3.668609E+00 2.000000E+00
7.039342E+00 3.250187E+00 2.000000E+00
6.862185E+00 4.238340E+00 2.000000E+00
7.161584E+00 4.087032E+00 2.000000E+00
6.096503E+00 2.984240E+00 2.000000E+00
4.902235E+00 3.700862E+00 2.000000E+00
0 1 2
3 4 5
0 2 3
6 7 8
5 9 3
3 2 10
4 10 11
10 4 3
9 8 3
12 1 0
7 12 0
13 7 14
13 15 7
12 7 15
0 8 7
7 6 14
16 15 13
8 9 17
6 8 17
0 3 8
4 11 18
18 5 4















1203 7 0 
1203 7 0 
1203 7 0 
945 5 0 
945 5 0 
945 5 0 






1203 5 0 
1203 5 0 
1203 5 0 



1193 17 0 
1193 17 0 
1193 17 0 






945 9 0 
945 9 0 
945 9 0 






945 6 0 
945 6 0 
945 6 0 
1193 18 0 
1193 18 0 
1193 18 0 
0 0 0
0 0 0
0 0 0
0 0 0
0 0 0
0 0 0
0 0 0
0 0 0
0 0 0
0 0 0
0 0 0
0 0 0
0 0 0
0 0 0
0 0 0
0 0 0
0 0 0
0 0 0
0 0 0
