1
1372 1373 1374 1375 1376 1377 1378 
12
13
2.119969E+00 6.283815E+00 0.000000E+00
2.672189E+00 6.522290E+00 0.000000E+00
2.311853E+00 7.047442E+00 0.000000E+00
2.157200E+00 5.678022E+00 0.000000E+00
2.868587E+00 5.802922E+00 0.000000E+00
1.799339E+00 6.989405E+00 0.000000E+00
1.369311E+00 6.202707E+00 0.000000E+00
3.280259E+00 6.434884E+00 0.000000E+00
2.824368E+00 7.105478E+00 0.000000E+00
1.557976E+00 5.747212E+00 0.000000E+00
1.746641E+00 5.291716E+00 0.000000E+00
2.456916E+00 5.170960E+00 0.000000E+00
2 1 0
0 4 3
0 6 5
4 1 7
2 0 5
8 1 2
8 7 1
6 0 9
3 10 9
0 3 9
1 4 0
4 11 3
11 10 3












1266 6 0 
1266 6 0 
1266 6 0 



1364 9 0 
1364 9 0 
1364 9 0 
1266 8 0 
1266 8 0 
1266 8 0 



1364 5 0 
1364 5 0 
1364 5 0 
1274 12 0 
1274 12 0 
1274 12 0 
1266 5 0 
1266 5 0 
1266 5 0 
0 0 0
1 1 1
1 1 1
0 0 0
0 0 0
1 1 1
0 0 0
1 1 1
1 1 1
0 0 0
0 0 0
0 0 0
