1
1707 1708 1709 1710 1711 1712 1713 
15
17
3.732027E+00 1.105244E+01 0.000000E+00
3.426629E+00 1.148044E+01 0.000000E+00
3.007270E+00 1.116471E+01 0.000000E+00
3.055018E+00 1.064602E+01 0.000000E+00
3.780387E+00 1.043033E+01 0.000000E+00
4.369661E+00 1.046564E+01 0.000000E+00
4.308129E+00 1.094598E+01 0.000000E+00
4.894984E+00 1.123762E+01 0.000000E+00
4.370486E+00 1.151689E+01 0.000000E+00
3.845988E+00 1.179616E+01 0.000000E+00
4.871889E+00 1.074424E+01 0.000000E+00
4.332444E+00 9.986194E+00 0.000000E+00
4.848794E+00 1.025087E+01 0.000000E+00
3.816094E+00 9.721522E+00 0.000000E+00
3.102767E+00 1.012732E+01 0.000000E+00
2 1 0
2 0 3
0 4 3
4 6 5
6 8 7
9 8 0
10 5 6
0 8 6
1 9 0
5 12 11
0 6 4
6 7 10
4 11 13
5 10 12
4 14 3
5 11 4
13 14 4



1697 1 0 
1697 1 0 
1697 1 0 
1674 9 0 
1674 9 0 
1674 9 0 
1674 6 0 
1674 6 0 
1674 6 0 









224 13 0 
224 13 2.422548e+01 
224 13 0 
224 12 0 
224 12 2.422548e+01 
224 12 0 
224 7 0 
224 7 2.422548e+01 
224 7 0 



1658 0 0 
1658 0 0 
1658 0 0 
1658 2 0 
1658 2 0 
1658 2 0 
1658 12 0 
1658 12 0 
1658 12 0 
1666 9 0 
1666 9 0 
1666 9 0 
1 1 1
1 1 1
1 1 1
1 1 1
1 1 1
1 1 1
1 1 1
1 1 1
1 1 1
1 1 1
1 1 1
1 1 1
1 1 1
1 1 1
1 1 1
