4
266 267 268 269 271 272 
9
8
1.201714E+01 -1.232846E+01 0.000000E+00
1.208345E+01 -1.167864E+01 0.000000E+00
1.214976E+01 -1.102883E+01 0.000000E+00
1.201714E+01 -1.232846E+01 1.000000E+00
1.208345E+01 -1.167864E+01 1.000000E+00
1.214976E+01 -1.102883E+01 1.000000E+00
1.201714E+01 -1.232846E+01 2.000000E+00
1.208345E+01 -1.167864E+01 2.000000E+00
1.214976E+01 -1.102883E+01 2.000000E+00
0 1 4
0 4 3
3 4 6
4 7 6
1 2 4
2 5 4
4 5 8
4 8 7
0 0 2.422548e+01 
0 0 0 
0 0 0 
0 7 2.422548e+01 
0 7 0 
0 7 0 
0 6 2.422548e+01 
0 6 0 
0 6 0 
2 2 2.422548e+01 
2 2 0 
2 2 0 
7 4 2.422548e+01 
7 4 0 
7 4 0 
6 3 2.422548e+01 
6 3 0 
6 3 0 
1 0 2.422548e+01 
1 0 0 
1 0 0 
1 7 2.422548e+01 
1 7 0 
1 7 0 
1 6 2.422548e+01 
1 6 0 
1 6 0 
0 0 0
0 0 0
0 0 0
0 0 0
0 0 0
0 0 0
0 0 0
0 0 0
0 0 0
