0
1498 1500 1501 1502 1503 1504 1505 
14
16
-1.117617E+01 1.169457E+01 2.000000E+00
-1.173831E+01 1.146727E+01 2.000000E+00
-1.122035E+01 1.104247E+01 2.000000E+00
-1.065889E+01 1.000417E+01 2.000000E+00
-1.068872E+01 1.065589E+01 2.000000E+00
-1.126092E+01 1.039232E+01 2.000000E+00
-1.182420E+01 1.084878E+01 2.000000E+00
-1.191008E+01 1.023029E+01 2.000000E+00
-1.064514E+01 1.127889E+01 2.000000E+00
-1.061402E+01 1.192187E+01 2.000000E+00
-1.012295E+01 1.087600E+01 2.000000E+00
-1.005840E+01 1.147613E+01 2.000000E+00
-1.018749E+01 1.027588E+01 2.000000E+00
-1.113028E+01 9.732456E+00 2.000000E+00
0 1 2
3 4 5
5 6 7
5 4 2
6 2 1
5 2 6
8 9 0
10 8 4
8 0 2
4 8 2
11 9 8
8 10 11
4 12 10
3 5 13
7 13 5
4 3 12
1 8 0 
1 8 2.422548e+01 
1 8 0 
1 1 0 
1 1 2.422548e+01 
1 1 0 



1482 6 0 
1482 6 0 
1482 6 0 









1490 9 0 
1490 9 0 
1490 9 0 



1 11 0 
1 11 2.422548e+01 
1 11 0 



9 0 0 
9 0 2.422548e+01 
9 0 0 
1482 7 0 
1482 7 0 
1482 7 0 
1482 10 0 
1482 10 0 
1482 10 0 
0 0 0
0 0 0
0 0 0
0 0 0
0 0 0
0 0 0
0 0 0
0 0 0
0 0 0
0 0 0
0 0 0
0 0 0
0 0 0
0 0 0
