2
193 194 195 196 197 199 200 
9
8
-3.424804E-01 -8.673948E+00 0.000000E+00
-7.082795E-01 -8.272734E+00 0.000000E+00
-1.074079E+00 -7.871520E+00 0.000000E+00
-3.424804E-01 -8.673948E+00 1.000000E+00
-7.082795E-01 -8.272734E+00 1.000000E+00
-1.074079E+00 -7.871520E+00 1.000000E+00
-3.424804E-01 -8.673948E+00 2.000000E+00
-7.082795E-01 -8.272734E+00 2.000000E+00
-1.074079E+00 -7.871520E+00 2.000000E+00
0 1 4
0 4 3
3 4 6
4 7 6
1 2 4
2 5 4
4 5 8
4 8 7
193 10 0 
193 10 0 
193 10 0 
193 11 0 
193 11 0 
193 11 0 
193 0 0 
193 0 0 
193 0 0 
197 3 0 
197 3 0 
197 3 0 






194 10 0 
194 10 0 
194 10 0 
194 11 0 
194 11 0 
194 11 0 
194 0 0 
194 0 0 
194 0 0 
0 0 0
0 0 0
0 0 0
0 0 0
0 0 0
0 0 0
0 0 0
0 0 0
0 0 0
