0
1050 1052 1053 1054 1055 1056 1057 1058 
13
14
-1.095268E+01 6.180923E-01 2.000000E+00
-1.123740E+01 1.308700E+00 2.000000E+00
-1.175229E+01 7.250185E-01 2.000000E+00
-1.164344E+01 2.247785E-01 2.000000E+00
-1.081764E+01 1.923737E+00 2.000000E+00
-1.057967E+01 1.289448E+00 2.000000E+00
-1.186113E+01 1.225258E+00 2.000000E+00
-1.128781E+01 1.961020E+00 2.000000E+00
-1.010038E+01 7.230158E-01 2.000000E+00
-1.106725E+01 -9.523067E-02 2.000000E+00
-9.940488E+00 1.195850E+00 2.000000E+00
-1.034748E+01 1.886454E+00 2.000000E+00
-1.026028E+01 2.501813E-01 2.000000E+00
0 1 2
0 2 3
4 1 5
1 6 2
5 1 0
7 6 1
7 1 4
8 5 0
9 0 3
8 10 5
11 5 10
11 4 5
0 12 8
0 9 12






908 4 -2.422548e+01 
908 4 0 
908 4 0 
908 3 -2.422548e+01 
908 3 0 
908 3 0 






908 10 -2.422548e+01 
908 10 0 
908 10 0 
915 1 -2.422548e+01 
915 1 0 
915 1 0 



1035 11 0 
1035 11 0 
1035 11 0 






1035 9 0 
1035 9 0 
1035 9 0 
0 0 0
0 0 0
0 0 0
0 0 0
0 0 0
0 0 0
0 0 0
0 0 0
0 0 0
0 0 0
0 0 0
0 0 0
0 0 0
