2
1443 1444 1446 1447 1448 1449 
9
8
-1.104874E+01 5.176064E+00 0.000000E+00
-1.053444E+01 5.399181E+00 0.000000E+00
-1.002014E+01 5.622297E+00 0.000000E+00
-1.104874E+01 5.176064E+00 1.000000E+00
-1.053444E+01 5.399181E+00 1.000000E+00
-1.002014E+01 5.622297E+00 1.000000E+00
-1.104874E+01 5.176064E+00 2.000000E+00
-1.053444E+01 5.399181E+00 2.000000E+00
-1.002014E+01 5.622297E+00 2.000000E+00
0 1 4
0 4 3
3 4 6
4 7 6
1 2 4
2 5 4
4 5 8
4 8 7
1113 1 0 
1113 1 0 
1113 1 0 
1113 7 0 
1113 7 0 
1113 7 0 
1113 12 0 
1113 12 0 
1113 12 0 
1120 5 0 
1120 5 0 
1120 5 0 
1120 4 0 
1120 4 0 
1120 4 0 
1119 3 0 
1119 3 0 
1119 3 0 
1114 1 0 
1114 1 0 
1114 1 0 
1114 7 0 
1114 7 0 
1114 7 0 
1114 12 0 
1114 12 0 
1114 12 0 
0 0 0
0 0 0
0 0 0
0 0 0
0 0 0
0 0 0
0 0 0
0 0 0
0 0 0
