1
1723 1724 1725 1726 1727 1728 
12
13
5.515624E+00 8.871983E+00 0.000000E+00
5.991098E+00 8.658371E+00 0.000000E+00
5.995600E+00 9.322783E+00 0.000000E+00
6.652816E+00 9.492413E+00 0.000000E+00
7.387931E+00 9.299240E+00 0.000000E+00
7.122105E+00 9.756787E+00 0.000000E+00
6.411300E+00 8.980644E+00 0.000000E+00
6.856278E+00 1.021433E+01 0.000000E+00
6.927251E+00 8.872000E+00 0.000000E+00
6.196942E+00 9.992880E+00 0.000000E+00
5.537605E+00 9.771427E+00 0.000000E+00
6.466571E+00 8.444759E+00 0.000000E+00
2 1 0
5 4 3
6 2 3
5 3 7
4 8 3
2 10 9
3 9 7
11 6 8
0 10 2
1 2 6
2 9 3
1 6 11
6 3 8
1650 13 0 
1650 13 0 
1650 13 0 
1650 2 0 
1650 2 0 
1650 2 0 






1642 11 0 
1642 11 0 
1642 11 0 






1714 9 0 
1714 9 0 
1714 9 0 
1642 5 0 
1642 5 0 
1642 5 0 
1714 6 0 
1714 6 0 
1714 6 0 
1658 9 0 
1658 9 0 
1658 9 0 
1642 7 0 
1642 7 0 
1642 7 0 
1 1 1
1 1 1
1 1 1
1 1 1
1 1 1
1 1 1
1 1 1
1 1 1
1 1 1
1 1 1
1 1 1
1 1 1
