2
676 677 678 680 681 682 683 
9
8
5.775208E+00 -2.791825E+00 0.000000E+00
6.254469E+00 -2.505367E+00 0.000000E+00
6.733730E+00 -2.218908E+00 0.000000E+00
5.775208E+00 -2.791825E+00 1.000000E+00
6.254469E+00 -2.505367E+00 1.000000E+00
6.733730E+00 -2.218908E+00 1.000000E+00
5.775208E+00 -2.791825E+00 2.000000E+00
6.254469E+00 -2.505367E+00 2.000000E+00
6.733730E+00 -2.218908E+00 2.000000E+00
0 1 4
0 4 3
3 4 6
4 7 6
1 2 4
2 5 4
4 5 8
4 8 7
625 10 0 
625 10 0 
625 10 0 
668 7 0 
668 7 0 
668 7 0 
668 18 0 
668 18 0 
668 18 0 
630 5 0 
630 5 0 
630 5 0 
674 4 0 
674 4 0 
674 4 0 
673 5 0 
673 5 0 
673 5 0 
626 10 0 
626 10 0 
626 10 0 
669 7 0 
669 7 0 
669 7 0 
669 18 0 
669 18 0 
669 18 0 
0 0 0
0 0 0
0 0 0
0 0 0
0 0 0
0 0 0
0 0 0
0 0 0
0 0 0
