2
81 82 83 84 85 86 87 88 
9
8
-3.092624E+00 -9.540413E+00 0.000000E+00
-3.360881E+00 -1.005719E+01 0.000000E+00
-3.629138E+00 -1.057397E+01 0.000000E+00
-3.092624E+00 -9.540413E+00 1.000000E+00
-3.360881E+00 -1.005719E+01 1.000000E+00
-3.629138E+00 -1.057397E+01 1.000000E+00
-3.092624E+00 -9.540413E+00 2.000000E+00
-3.360881E+00 -1.005719E+01 2.000000E+00
-3.629138E+00 -1.057397E+01 2.000000E+00
0 1 4
0 4 3
3 4 6
4 7 6
1 2 4
2 5 4
4 5 8
4 8 7
81 6 0 
81 6 0 
81 6 0 
81 7 0 
81 7 0 
81 7 0 
33 14 0 
33 14 0 
33 14 0 
88 5 0 
88 5 0 
88 5 0 



38 3 0 
38 3 0 
38 3 0 
82 6 0 
82 6 0 
82 6 0 
82 7 0 
82 7 0 
82 7 0 
34 14 0 
34 14 0 
34 14 0 
0 0 0
0 0 0
0 0 0
0 0 0
0 0 0
0 0 0
0 0 0
0 0 0
0 0 0
