0
473 475 476 477 478 479 480 
15
17
-4.282344E+00 -5.526283E+00 2.000000E+00
-3.615110E+00 -5.481878E+00 2.000000E+00
-3.738990E+00 -4.970171E+00 2.000000E+00
-4.612547E+00 -5.958757E+00 2.000000E+00
-4.238942E+00 -6.202998E+00 2.000000E+00
-3.631657E+00 -4.268481E+00 2.000000E+00
-4.260623E+00 -4.503976E+00 2.000000E+00
-2.985596E+00 -4.821145E+00 2.000000E+00
-4.937871E+00 -5.226994E+00 2.000000E+00
-4.986152E+00 -5.714516E+00 2.000000E+00
-4.415691E+00 -5.000708E+00 2.000000E+00
-4.889590E+00 -4.739472E+00 2.000000E+00
-3.701952E+00 -5.979558E+00 2.000000E+00
-3.075279E+00 -5.288632E+00 2.000000E+00
-3.164962E+00 -5.756119E+00 2.000000E+00
0 1 2
0 3 4
2 5 6
7 5 2
8 9 0
10 11 8
12 0 4
0 9 3
2 13 7
13 1 14
1 12 14
1 0 12
10 8 0
10 2 6
1 13 2
2 10 0
6 11 10









353 10 0 
353 10 0 
353 10 0 
345 10 0 
345 10 0 
345 10 0 
466 7 0 
466 7 0 
466 7 0 
466 6 0 
466 6 0 
466 6 0 



361 8 0 
361 8 0 
361 8 0 
353 11 0 
353 11 0 
353 11 0 



361 14 0 
361 14 0 
361 14 0 
345 6 0 
345 6 0 
345 6 0 



345 9 0 
345 9 0 
345 9 0 
0 0 0
0 0 0
0 0 0
0 0 0
0 0 0
0 0 0
0 0 0
0 0 0
0 0 0
0 0 0
0 0 0
0 0 0
0 0 0
0 0 0
0 0 0
