2
489 490 492 493 494 495 496 497 498 
6
4
-1.131585E+00 -5.277278E+00 0.000000E+00
-1.223193E+00 -6.056434E+00 0.000000E+00
-1.131585E+00 -5.277278E+00 1.000000E+00
-1.223193E+00 -6.056434E+00 1.000000E+00
-1.131585E+00 -5.277278E+00 2.000000E+00
-1.223193E+00 -6.056434E+00 2.000000E+00
0 1 3
0 3 2
2 3 5
2 5 4
481 8 0 
481 8 0 
481 8 0 
336 6 0 
336 6 0 
336 6 0 
485 3 0 
485 3 0 
485 3 0 
341 5 0 
341 5 0 
341 5 0 
482 8 0 
482 8 0 
482 8 0 
337 6 0 
337 6 0 
337 6 0 
0 0 0
0 0 0
0 0 0
0 0 0
0 0 0
0 0 0
