2
146 147 148 149 150 152 153 
9
8
-9.341974E+00 -7.591166E+00 0.000000E+00
-9.861077E+00 -7.334166E+00 0.000000E+00
-1.038018E+01 -7.077166E+00 0.000000E+00
-9.341974E+00 -7.591166E+00 1.000000E+00
-9.861077E+00 -7.334166E+00 1.000000E+00
-1.038018E+01 -7.077166E+00 1.000000E+00
-9.341974E+00 -7.591166E+00 2.000000E+00
-9.861077E+00 -7.334166E+00 2.000000E+00
-1.038018E+01 -7.077166E+00 2.000000E+00
0 1 4
0 4 3
3 4 6
4 7 6
1 2 4
2 5 4
4 5 8
4 8 7
146 10 0 
146 10 0 
146 10 0 
146 8 0 
146 8 0 
146 8 0 
146 9 0 
146 9 0 
146 9 0 
150 5 0 
150 5 0 
150 5 0 






147 10 0 
147 10 0 
147 10 0 
147 8 0 
147 8 0 
147 8 0 
147 9 0 
147 9 0 
147 9 0 
0 0 0
0 0 0
0 0 0
0 0 0
0 0 0
0 0 0
0 0 0
0 0 0
0 0 0
