2
1548 1549 1550 1551 1552 1553 1554 
6
4
-2.273190E+00 1.014274E+01 0.000000E+00
-2.204389E+00 9.308236E+00 0.000000E+00
-2.273190E+00 1.014274E+01 1.000000E+00
-2.204389E+00 9.308236E+00 1.000000E+00
-2.273190E+00 1.014274E+01 2.000000E+00
-2.204389E+00 9.308236E+00 2.000000E+00
0 1 3
0 3 2
2 3 5
2 5 4
1540 11 0 
1540 11 0 
1540 11 0 
1396 1 0 
1396 1 0 
1396 1 0 
1544 3 0 
1544 3 0 
1544 3 0 
1401 3 0 
1401 3 0 
1401 3 0 
1541 11 0 
1541 11 0 
1541 11 0 
1397 1 0 
1397 1 0 
1397 1 0 
0 0 0
0 0 0
0 0 0
0 0 0
0 0 0
0 0 0
