2
1008 1009 1010 1011 1012 1013 1014 1016 
6
4
-5.298290E+00 2.895946E+00 0.000000E+00
-5.946579E+00 2.415845E+00 0.000000E+00
-5.298290E+00 2.895946E+00 1.000000E+00
-5.946579E+00 2.415845E+00 1.000000E+00
-5.298290E+00 2.895946E+00 2.000000E+00
-5.946579E+00 2.415845E+00 2.000000E+00
0 1 3
0 3 2
2 3 5
2 5 4
1008 10 0 
1008 10 0 
1008 10 0 
1008 5 0 
1008 5 0 
1008 5 0 
1014 3 0 
1014 3 0 
1014 3 0 



1009 10 0 
1009 10 0 
1009 10 0 
1009 5 0 
1009 5 0 
1009 5 0 
0 0 0
0 0 0
0 0 0
0 0 0
0 0 0
0 0 0
