2
859 860 861 863 864 865 
9
8
9.144940E+00 -2.523616E+00 0.000000E+00
9.522607E+00 -2.079273E+00 0.000000E+00
9.900274E+00 -1.634929E+00 0.000000E+00
9.144940E+00 -2.523616E+00 1.000000E+00
9.522607E+00 -2.079273E+00 1.000000E+00
9.900274E+00 -1.634929E+00 1.000000E+00
9.144940E+00 -2.523616E+00 2.000000E+00
9.522607E+00 -2.079273E+00 2.000000E+00
9.900274E+00 -1.634929E+00 2.000000E+00
0 1 4
0 4 3
3 4 6
4 7 6
1 2 4
2 5 4
4 5 8
4 8 7
660 11 0 
660 11 0 
660 11 0 
859 3 0 
859 3 0 
859 3 0 
859 4 0 
859 4 0 
859 4 0 
664 5 0 
664 5 0 
664 5 0 






661 11 0 
661 11 0 
661 11 0 
860 3 0 
860 3 0 
860 3 0 
860 4 0 
860 4 0 
860 4 0 
0 0 0
0 0 0
0 0 0
0 0 0
0 0 0
0 0 0
0 0 0
0 0 0
0 0 0
