2
794 795 796 797 798 799 
9
8
-3.667786E+00 2.907493E-01 0.000000E+00
-3.632053E+00 -2.906016E-01 0.000000E+00
-3.596321E+00 -8.719524E-01 0.000000E+00
-3.667786E+00 2.907493E-01 1.000000E+00
-3.632053E+00 -2.906016E-01 1.000000E+00
-3.596321E+00 -8.719524E-01 1.000000E+00
-3.667786E+00 2.907493E-01 2.000000E+00
-3.632053E+00 -2.906016E-01 2.000000E+00
-3.596321E+00 -8.719524E-01 2.000000E+00
0 1 4
0 4 3
3 4 6
4 7 6
1 2 4
2 5 4
4 5 8
4 8 7
785 7 0 
785 7 0 
785 7 0 
785 6 0 
785 6 0 
785 6 0 
738 6 0 
738 6 0 
738 6 0 
789 5 0 
789 5 0 
789 5 0 
789 4 0 
789 4 0 
789 4 0 
744 5 0 
744 5 0 
744 5 0 
786 7 0 
786 7 0 
786 7 0 
786 6 0 
786 6 0 
786 6 0 
739 6 0 
739 6 0 
739 6 0 
0 0 0
0 0 0
0 0 0
0 0 0
0 0 0
0 0 0
0 0 0
0 0 0
0 0 0
