2
1283 1284 1285 1286 1287 1288 1290 1291 
9
8
-9.061734E-02 5.015061E+00 0.000000E+00
-5.803808E-01 5.074648E+00 0.000000E+00
-1.070144E+00 5.134235E+00 0.000000E+00
-9.061734E-02 5.015061E+00 1.000000E+00
-5.803808E-01 5.074648E+00 1.000000E+00
-1.070144E+00 5.134235E+00 1.000000E+00
-9.061734E-02 5.015061E+00 2.000000E+00
-5.803808E-01 5.074648E+00 2.000000E+00
-1.070144E+00 5.134235E+00 2.000000E+00
0 1 4
0 4 3
3 4 6
4 7 6
1 2 4
2 5 4
4 5 8
4 8 7
1283 5 0 
1283 5 0 
1283 5 0 
1283 3 0 
1283 3 0 
1283 3 0 
1283 9 0 
1283 9 0 
1283 9 0 
1288 3 0 
1288 3 0 
1288 3 0 






1284 5 0 
1284 5 0 
1284 5 0 
1284 3 0 
1284 3 0 
1284 3 0 
1284 9 0 
1284 9 0 
1284 9 0 
0 0 0
0 0 0
0 0 0
0 0 0
0 0 0
0 0 0
0 0 0
0 0 0
0 0 0
