1
1107 1108 1109 1110 1111 1112 
11
10
-1.014975E+01 3.677508E+00 0.000000E+00
-9.961702E+00 3.215003E+00 0.000000E+00
-9.313080E+00 3.474677E+00 0.000000E+00
-8.577143E+00 3.414088E+00 0.000000E+00
-8.393030E+00 4.060755E+00 0.000000E+00
-8.805767E+00 4.302106E+00 0.000000E+00
-9.773656E+00 2.752499E+00 0.000000E+00
-9.267456E+00 2.759960E+00 0.000000E+00
-9.684126E+00 4.110482E+00 0.000000E+00
-8.761257E+00 2.767422E+00 0.000000E+00
-9.218505E+00 4.543456E+00 0.000000E+00
2 1 0
5 4 3
2 7 6
6 1 2
0 8 2
5 3 2
7 2 9
2 3 9
5 2 8
5 8 10
1098 6 0 
1098 6 0 
1098 6 0 
1098 5 0 
1098 5 0 
1098 5 0 



1081 9 0 
1081 9 0 
1081 9 0 
1081 12 0 
1081 12 0 
1081 12 0 



1090 11 0 
1090 11 0 
1090 11 0 
1090 4 0 
1090 4 0 
1090 4 0 



1081 10 0 
1081 10 0 
1081 10 0 



1 1 1
1 1 1
1 1 1
1 1 1
1 1 1
1 1 1
1 1 1
1 1 1
1 1 1
1 1 1
1 1 1
