2
1332 1333 1334 1335 1336 1337 1339 1340 
9
8
-5.423341E+00 8.142167E+00 0.000000E+00
-5.684662E+00 7.725012E+00 0.000000E+00
-5.945982E+00 7.307857E+00 0.000000E+00
-5.423341E+00 8.142167E+00 1.000000E+00
-5.684662E+00 7.725012E+00 1.000000E+00
-5.945982E+00 7.307857E+00 1.000000E+00
-5.423341E+00 8.142167E+00 2.000000E+00
-5.684662E+00 7.725012E+00 2.000000E+00
-5.945982E+00 7.307857E+00 2.000000E+00
0 1 4
0 4 3
3 4 6
4 7 6
1 2 4
2 5 4
4 5 8
4 8 7
1332 10 0 
1332 10 0 
1332 10 0 
1332 7 0 
1332 7 0 
1332 7 0 
1323 6 0 
1323 6 0 
1323 6 0 
1337 3 0 
1337 3 0 
1337 3 0 



1329 3 0 
1329 3 0 
1329 3 0 
1333 10 0 
1333 10 0 
1333 10 0 
1333 7 0 
1333 7 0 
1333 7 0 
1324 6 0 
1324 6 0 
1324 6 0 
0 0 0
0 0 0
0 0 0
0 0 0
0 0 0
0 0 0
0 0 0
0 0 0
0 0 0
