2
1611 1612 1613 1615 1616 1617 1618 
6
4
9.558905E+00 5.226582E+00 0.000000E+00
1.021309E+01 5.496454E+00 0.000000E+00
9.558905E+00 5.226582E+00 1.000000E+00
1.021309E+01 5.496454E+00 1.000000E+00
9.558905E+00 5.226582E+00 2.000000E+00
1.021309E+01 5.496454E+00 2.000000E+00
0 1 3
0 3 2
2 3 5
2 5 4
1226 7 0 
1226 7 0 
1226 7 0 
1226 6 0 
1226 6 0 
1226 6 0 
1233 3 0 
1233 3 0 
1233 3 0 
1232 5 0 
1232 5 0 
1232 5 0 
1227 7 0 
1227 7 0 
1227 7 0 
1227 6 0 
1227 6 0 
1227 6 0 
0 0 0
0 0 0
0 0 0
0 0 0
0 0 0
0 0 0
