2
1161 1162 1163 1164 1165 1166 1167 
9
8
-2.782264E+00 3.117270E+00 0.000000E+00
-2.834405E+00 2.618984E+00 0.000000E+00
-2.886546E+00 2.120698E+00 0.000000E+00
-2.782264E+00 3.117270E+00 1.000000E+00
-2.834405E+00 2.618984E+00 1.000000E+00
-2.886546E+00 2.120698E+00 1.000000E+00
-2.782264E+00 3.117270E+00 2.000000E+00
-2.834405E+00 2.618984E+00 2.000000E+00
-2.886546E+00 2.120698E+00 2.000000E+00
0 1 4
0 4 3
3 4 6
4 7 6
1 2 4
2 5 4
4 5 8
4 8 7
1154 7 0 
1154 7 0 
1154 7 0 
1154 8 0 
1154 8 0 
1154 8 0 
1000 5 0 
1000 5 0 
1000 5 0 
1157 5 0 
1157 5 0 
1157 5 0 
1157 4 0 
1157 4 0 
1157 4 0 
1005 3 0 
1005 3 0 
1005 3 0 
1155 7 0 
1155 7 0 
1155 7 0 
1155 8 0 
1155 8 0 
1155 8 0 
1001 5 0 
1001 5 0 
1001 5 0 
0 0 0
0 0 0
0 0 0
0 0 0
0 0 0
0 0 0
0 0 0
0 0 0
0 0 0
