2
1026 1027 1028 1029 1030 1031 1033 
9
8
-8.435925E+00 2.943557E-01 0.000000E+00
-8.891227E+00 -5.999924E-02 0.000000E+00
-9.346528E+00 -4.143542E-01 0.000000E+00
-8.435925E+00 2.943557E-01 1.000000E+00
-8.891227E+00 -5.999924E-02 1.000000E+00
-9.346528E+00 -4.143542E-01 1.000000E+00
-8.435925E+00 2.943557E-01 2.000000E+00
-8.891227E+00 -5.999924E-02 2.000000E+00
-9.346528E+00 -4.143542E-01 2.000000E+00
0 1 4
0 4 3
3 4 6
4 7 6
1 2 4
2 5 4
4 5 8
4 8 7
1026 9 0 
1026 9 0 
1026 9 0 
1026 3 0 
1026 3 0 
1026 3 0 
1026 8 0 
1026 8 0 
1026 8 0 
1031 3 0 
1031 3 0 
1031 3 0 






1027 9 0 
1027 9 0 
1027 9 0 
1027 3 0 
1027 3 0 
1027 3 0 
1027 8 0 
1027 8 0 
1027 8 0 
0 0 0
0 0 0
0 0 0
0 0 0
0 0 0
0 0 0
0 0 0
0 0 0
0 0 0
