4
1626 1627 1628 1629 1630 1632 1633 
6
4
1.165636E+01 8.082055E+00 0.000000E+00
1.107390E+01 8.808448E+00 0.000000E+00
1.165636E+01 8.082055E+00 1.000000E+00
1.107390E+01 8.808448E+00 1.000000E+00
1.165636E+01 8.082055E+00 2.000000E+00
1.107390E+01 8.808448E+00 2.000000E+00
0 1 3
0 3 2
2 3 5
2 5 4
1458 7 2.422548e+01 
1458 7 0 
1458 7 0 
1489 7 2.422548e+01 
1489 7 0 
1489 7 0 
1463 3 2.422548e+01 
1463 3 0 
1463 3 0 
1496 5 2.422548e+01 
1496 5 0 
1496 5 0 
1459 7 2.422548e+01 
1459 7 0 
1459 7 0 
1490 7 2.422548e+01 
1490 7 0 
1490 7 0 
0 0 0
0 0 0
0 0 0
0 0 0
0 0 0
0 0 0
