4
547 548 549 550 552 553 554 
6
4
1.165911E+01 -9.037928E+00 0.000000E+00
1.145040E+01 -8.190795E+00 0.000000E+00
1.165911E+01 -9.037928E+00 1.000000E+00
1.145040E+01 -8.190795E+00 1.000000E+00
1.165911E+01 -9.037928E+00 2.000000E+00
1.145040E+01 -8.190795E+00 2.000000E+00
0 1 3
0 3 2
2 3 5
2 5 4
130 3 2.422548e+01 
130 3 0 
130 3 0 
138 11 2.422548e+01 
138 11 0 
138 11 0 
135 5 2.422548e+01 
135 5 0 
135 5 0 
144 5 2.422548e+01 
144 5 0 
144 5 0 
131 3 2.422548e+01 
131 3 0 
131 3 0 
139 11 2.422548e+01 
139 11 0 
139 11 0 
0 0 0
0 0 0
0 0 0
0 0 0
0 0 0
0 0 0
