2
555 556 558 559 560 561 
9
8
1.032228E+01 -7.835488E+00 0.000000E+00
1.088634E+01 -8.013142E+00 0.000000E+00
1.145040E+01 -8.190795E+00 0.000000E+00
1.032228E+01 -7.835488E+00 1.000000E+00
1.088634E+01 -8.013142E+00 1.000000E+00
1.145040E+01 -8.190795E+00 1.000000E+00
1.032228E+01 -7.835488E+00 2.000000E+00
1.088634E+01 -8.013142E+00 2.000000E+00
1.145040E+01 -8.190795E+00 2.000000E+00
0 1 4
0 4 3
3 4 6
4 7 6
1 2 4
2 5 4
4 5 8
4 8 7
537 15 0 
537 15 0 
537 15 0 
547 0 0 
547 0 0 
547 0 0 
138 11 2.422548e+01 
138 11 0 
138 11 0 
541 5 0 
541 5 0 
541 5 0 
552 4 0 
552 4 0 
552 4 0 
144 5 2.422548e+01 
144 5 0 
144 5 0 
538 15 0 
538 15 0 
538 15 0 
548 0 0 
548 0 0 
548 0 0 
139 11 2.422548e+01 
139 11 0 
139 11 0 
0 0 0
0 0 0
0 0 0
0 0 0
0 0 0
0 0 0
0 0 0
0 0 0
0 0 0
