1 2 16 17 
2 1 3 15 16 
3 2 4 14 15 
4 3 5 13 14 
5 4 6 11 12 13 
6 5 7 11 
7 6 8 9 10 11 
8 7 9 
9 7 8 10 26 27 
10 7 9 11 25 26 
11 5 6 7 10 12 24 25 
12 5 11 13 22 23 24 
13 4 5 12 14 22 
14 3 4 13 15 20 21 22 
15 2 3 14 16 19 20 
16 1 2 15 17 18 19 
17 1 16 18 
18 16 17 19 49 
19 15 16 18 20 48 49 
20 14 15 19 21 47 48 
21 14 20 22 45 46 47 
22 12 13 14 21 23 45 
23 12 22 24 44 45 
24 11 12 23 25 43 44 
25 10 11 24 26 42 43 
26 9 10 25 27 41 42 
27 9 26 28 40 41 
28 27 29 39 40 
29 28 30 31 39 
30 29 31 32 
31 29 30 32 38 39 
32 30 31 33 36 37 38 
33 32 34 35 36 
34 33 35 
35 33 34 36 69 
36 32 33 35 37 68 69 
37 32 36 38 67 68 
38 31 32 37 39 65 66 67 
39 28 29 31 38 40 65 
40 27 28 39 41 64 65 
41 26 27 40 42 63 64 
42 25 26 41 43 62 63 
43 24 25 42 44 61 62 
44 23 24 43 45 60 61 
45 21 22 23 44 46 60 
46 21 45 47 57 58 59 60 
47 20 21 46 48 50 57 
48 19 20 47 49 50 
49 18 19 48 50 51 
50 47 48 49 51 52 56 57 
51 49 50 52 53 
52 50 51 53 54 55 56 
53 51 52 54 
54 52 53 55 130 131 
55 52 54 56 97 129 130 
56 50 52 55 57 96 97 
57 46 47 50 56 58 96 
58 46 57 59 94 95 96 
59 46 58 60 91 93 94 
60 44 45 46 59 61 91 
61 43 44 60 62 90 91 
62 42 43 61 63 76 77 89 90 
63 41 42 62 64 76 
64 40 41 63 65 74 75 76 
65 38 39 40 64 66 74 
66 38 65 67 73 74 
67 37 38 66 68 73 
68 36 37 67 69 70 71 72 73 
69 35 36 68 70 
70 68 69 71 
71 68 70 72 82 
72 68 71 73 81 82 
73 66 67 68 72 74 80 81 
74 64 65 66 73 75 80 
75 64 74 76 77 78 79 80 
76 62 63 64 75 77 
77 62 75 76 78 88 89 
78 75 77 79 87 88 
79 75 78 80 84 85 86 87 
80 73 74 75 79 81 84 
81 72 73 80 82 83 84 
82 71 72 81 83 109 110 
83 81 82 84 107 108 109 
84 79 80 81 83 85 107 
85 79 84 86 105 106 107 
86 79 85 87 104 105 
87 78 79 86 88 103 104 
88 77 78 87 89 102 103 
89 62 77 88 90 92 102 
90 61 62 89 91 92 
91 59 60 61 90 92 93 
92 89 90 91 93 101 102 
93 59 91 92 94 99 100 101 
94 58 59 93 95 98 99 
95 58 94 96 97 98 
96 56 57 58 95 97 
97 55 56 95 96 98 128 129 
98 94 95 97 99 128 
99 93 94 98 100 126 127 128 
100 93 99 101 125 126 
101 92 93 100 102 124 125 
102 88 89 92 101 103 123 124 
103 87 88 102 104 123 
104 86 87 103 105 121 122 123 
105 85 86 104 106 120 121 
106 85 105 107 112 118 119 120 
107 83 84 85 106 108 112 
108 83 107 109 111 112 
109 82 83 108 110 111 
110 82 109 111 
111 108 109 110 112 113 114 
112 106 107 108 111 113 117 118 
113 111 112 114 115 116 117 
114 111 113 115 
115 113 114 116 155 
116 113 115 117 153 154 155 
117 112 113 116 118 153 
118 106 112 117 119 153 
119 106 118 120 151 152 153 
120 105 106 119 121 149 150 151 
121 104 105 120 122 149 
122 104 121 123 147 148 149 
123 102 103 104 122 124 125 147 
124 101 102 123 125 
125 100 101 123 124 126 146 147 
126 99 100 125 127 145 146 
127 99 126 128 135 143 144 145 
128 97 98 99 127 129 134 135 
129 55 97 128 130 133 134 
130 54 55 129 131 132 133 
131 54 130 132 
132 130 131 133 137 138 
133 129 130 132 134 137 
134 128 129 133 135 136 137 
135 127 128 134 136 143 
136 134 135 137 139 141 142 143 
137 132 133 134 136 138 139 
138 132 137 139 140 
139 136 137 138 140 141 
140 138 139 141 180 181 182 
141 136 139 140 142 166 179 180 
142 136 141 143 164 166 
143 127 135 136 142 144 164 
144 127 143 145 162 163 164 
145 126 127 144 146 162 
146 125 126 145 147 161 162 
147 122 123 125 146 148 160 161 
148 122 147 149 150 160 
149 120 121 122 148 150 
150 120 148 149 151 152 158 159 160 
151 119 120 150 152 
152 119 150 151 153 157 158 
153 116 117 118 119 152 154 156 157 
154 116 153 155 156 202 203 
155 115 116 154 
156 153 154 157 201 202 
157 152 153 156 158 199 200 201 
158 150 152 157 159 199 
159 150 158 160 172 198 199 
160 147 148 150 159 161 171 172 
161 146 147 160 162 169 170 171 
162 144 145 146 161 163 169 
163 144 162 164 165 167 168 169 
164 142 143 144 163 165 166 
165 163 164 166 167 
166 141 142 164 165 167 178 179 
167 163 165 166 168 176 177 178 
168 163 167 169 174 175 176 
169 161 162 163 168 170 174 
170 161 169 171 173 174 
171 160 161 170 172 173 
172 159 160 171 173 197 198 
173 170 171 172 174 196 197 
174 168 169 170 173 175 195 196 
175 168 174 176 193 194 195 
176 167 168 175 177 193 
177 167 176 178 191 192 193 
178 166 167 177 179 190 191 
179 141 166 178 180 185 190 
180 140 141 179 181 184 185 
181 140 180 182 183 184 
182 140 181 183 
183 181 182 184 187 
184 180 181 183 185 186 187 
185 179 180 184 186 190 
186 184 185 187 188 189 190 
187 183 184 186 188 
188 186 187 189 
189 186 188 190 225 
190 178 179 185 186 189 191 224 225 
191 177 178 190 192 223 224 
192 177 191 193 222 223 
193 175 176 177 192 194 222 
194 175 193 195 211 222 
195 174 175 194 196 211 
196 173 174 195 197 209 210 211 
197 172 173 196 198 209 
198 159 172 197 199 207 208 209 
199 157 158 159 198 200 207 
200 157 199 201 206 207 
201 156 157 200 202 205 206 
202 154 156 201 203 204 205 
203 154 202 204 
204 202 203 205 218 
205 201 202 204 206 217 218 
206 200 201 205 207 216 217 
207 198 199 200 206 208 216 
208 198 207 209 214 215 216 
209 196 197 198 208 210 214 
210 196 209 211 212 213 214 
211 194 195 196 210 212 
212 210 211 213 
213 210 212 214 
214 208 209 210 213 215 
215 208 214 216 217 
216 206 207 208 215 217 
217 205 206 215 216 218 219 221 
218 204 205 217 219 220 
219 217 218 220 221 
220 218 219 
221 217 219 
222 192 193 194 
223 191 192 224 
224 190 191 223 225 
225 189 190 224 
