2
65 66 67 68 69 70 71 72 
9
8
1.835274E-01 -1.047225E+01 0.000000E+00
-8.254347E-02 -1.087856E+01 0.000000E+00
-3.486143E-01 -1.128486E+01 0.000000E+00
1.835274E-01 -1.047225E+01 1.000000E+00
-8.254347E-02 -1.087856E+01 1.000000E+00
-3.486143E-01 -1.128486E+01 1.000000E+00
1.835274E-01 -1.047225E+01 2.000000E+00
-8.254347E-02 -1.087856E+01 2.000000E+00
-3.486143E-01 -1.128486E+01 2.000000E+00
0 1 4
0 4 3
3 4 6
4 7 6
1 2 4
2 5 4
4 5 8
4 8 7
65 2 0 
65 2 0 
65 2 0 
65 9 0 
65 9 0 
65 9 0 
49 1 0 
49 1 0 
49 1 0 
72 3 0 
72 3 0 
72 3 0 



53 3 0 
53 3 0 
53 3 0 
66 2 0 
66 2 0 
66 2 0 
66 9 0 
66 9 0 
66 9 0 
50 1 0 
50 1 0 
50 1 0 
0 0 0
0 0 0
0 0 0
0 0 0
0 0 0
0 0 0
0 0 0
0 0 0
0 0 0
